dpt,annais,births,categorized_births,Traditionnel_pct,Moderne_pct,Inventé_pct,Européen_pct,Musulman_pct,Africain_pct,Asiatique_pct
1,1900,3210,3210,98.6,0.16,0.31,0.93,0.0,0.0,0.0
1,1901,3660,3660,99.18,0.0,0.27,0.55,0.14,0.0,0.0
1,1902,3520,3520,99.01,0.0,0.14,0.85,0.0,0.0,0.0
1,1903,3580,3580,99.16,0.0,0.0,0.84,0.0,0.0,0.0
1,1904,3765,3765,98.94,0.0,0.13,0.93,0.0,0.0,0.0
1,1905,3750,3750,98.93,0.13,0.13,0.8,0.0,0.0,0.0
1,1906,3870,3870,98.84,0.13,0.0,1.03,0.0,0.0,0.0
1,1907,3720,3720,98.25,0.13,0.27,1.34,0.0,0.0,0.0
1,1908,3965,3965,98.87,0.13,0.13,0.88,0.0,0.0,0.0
1,1909,4005,4005,98.88,0.12,0.12,0.87,0.12,0.0,0.0
1,1910,4110,4110,98.78,0.24,0.0,0.97,0.0,0.0,0.0
1,1911,3900,3900,98.85,0.13,0.0,1.03,0.0,0.0,0.0
1,1912,4285,4285,99.07,0.0,0.0,0.93,0.0,0.0,0.0
1,1913,4280,4280,98.6,0.12,0.12,1.17,0.0,0.0,0.0
1,1914,4150,4150,99.28,0.0,0.0,0.72,0.0,0.0,0.0
1,1915,2415,2415,98.76,0.0,0.0,1.24,0.0,0.0,0.0
1,1916,1790,1790,98.88,0.0,0.28,0.84,0.0,0.0,0.0
1,1917,2080,2080,99.28,0.0,0.0,0.72,0.0,0.0,0.0
1,1918,2565,2565,99.03,0.0,0.0,0.97,0.0,0.0,0.0
1,1919,2770,2770,99.1,0.0,0.18,0.72,0.0,0.0,0.0
1,1920,4940,4940,99.19,0.0,0.0,0.81,0.0,0.0,0.0
1,1921,4810,4810,98.75,0.0,0.1,1.14,0.0,0.0,0.0
1,1922,4650,4650,98.92,0.0,0.0,1.08,0.0,0.0,0.0
1,1923,4540,4540,99.01,0.0,0.22,0.77,0.11,0.0,0.0
1,1924,4420,4420,99.55,0.0,0.0,0.45,0.0,0.0,0.0
1,1925,4495,4495,99.0,0.0,0.11,0.89,0.11,0.0,0.0
1,1926,4675,4675,98.72,0.0,0.11,1.18,0.11,0.0,0.0
1,1927,4420,4420,99.55,0.0,0.0,0.45,0.0,0.0,0.0
1,1928,4525,4525,99.12,0.0,0.11,0.77,0.0,0.0,0.0
1,1929,4345,4345,99.42,0.0,0.0,0.58,0.0,0.0,0.0
1,1930,4550,4550,99.34,0.0,0.11,0.55,0.11,0.0,0.0
1,1931,4385,4385,99.54,0.0,0.0,0.46,0.0,0.0,0.0
1,1932,4435,4435,99.77,0.0,0.0,0.23,0.0,0.0,0.0
1,1933,4170,4170,99.4,0.0,0.0,0.6,0.0,0.0,0.0
1,1934,3925,3925,99.75,0.0,0.13,0.13,0.0,0.0,0.0
1,1935,3895,3895,99.36,0.0,0.0,0.64,0.0,0.0,0.0
1,1936,3780,3780,99.6,0.0,0.13,0.26,0.0,0.0,0.0
1,1937,3635,3635,99.45,0.0,0.0,0.55,0.0,0.0,0.0
1,1938,3575,3575,99.72,0.0,0.0,0.28,0.0,0.0,0.0
1,1939,3715,3715,99.73,0.0,0.13,0.13,0.0,0.0,0.0
1,1940,3525,3525,99.72,0.0,0.14,0.14,0.0,0.0,0.0
1,1941,3880,3880,99.74,0.0,0.13,0.13,0.0,0.0,0.0
1,1942,4185,4185,99.76,0.0,0.12,0.12,0.0,0.0,0.0
1,1943,4510,4510,99.45,0.0,0.11,0.44,0.0,0.0,0.0
1,1944,4570,4570,99.67,0.0,0.11,0.22,0.0,0.0,0.0
1,1945,4225,4225,99.29,0.0,0.47,0.24,0.24,0.0,0.0
1,1946,5450,5450,99.54,0.0,0.18,0.28,0.0,0.0,0.0
1,1947,5610,5610,99.29,0.0,0.45,0.27,0.0,0.0,0.0
1,1948,5670,5670,99.65,0.0,0.26,0.09,0.0,0.0,0.0
1,1949,5540,5540,99.46,0.09,0.27,0.18,0.09,0.0,0.0
1,1950,5230,5230,99.71,0.1,0.19,0.0,0.1,0.0,0.0
1,1951,4915,4915,99.49,0.1,0.2,0.2,0.0,0.0,0.0
1,1952,4785,4785,99.37,0.1,0.21,0.31,0.0,0.0,0.0
1,1953,4830,4830,99.28,0.1,0.31,0.31,0.1,0.0,0.0
1,1954,4540,4540,99.23,0.44,0.22,0.11,0.11,0.0,0.0
1,1955,4405,4405,99.32,0.34,0.11,0.23,0.11,0.0,0.0
1,1956,4565,4565,99.23,0.44,0.22,0.11,0.22,0.0,0.0
1,1957,4585,4585,98.8,0.55,0.33,0.22,0.22,0.0,0.0
1,1958,4380,4380,98.97,0.57,0.11,0.34,0.11,0.0,0.0
1,1959,4420,4420,98.19,1.02,0.11,0.34,0.57,0.11,0.0
1,1960,4465,4465,98.54,1.01,0.11,0.22,0.45,0.0,0.0
1,1961,4470,4470,97.99,1.23,0.11,0.34,0.56,0.0,0.0
1,1962,4290,4290,97.79,1.05,0.0,0.7,0.82,0.0,0.0
1,1963,4415,4415,98.07,0.91,0.11,0.68,0.68,0.11,0.0
1,1964,4565,4565,97.15,1.1,0.22,0.99,0.77,0.33,0.0
1,1965,4285,4285,97.67,0.82,0.23,0.7,0.82,0.12,0.0
1,1966,4355,4355,96.79,1.26,0.23,1.26,0.8,0.23,0.0
1,1967,4250,4250,97.29,0.59,0.35,0.82,1.41,0.24,0.0
1,1968,4135,4135,97.34,0.85,0.48,1.09,0.48,0.0,0.0
1,1969,4315,4315,95.83,0.81,0.58,1.51,1.62,0.23,0.0
1,1970,4100,4100,93.78,1.46,0.61,2.93,1.71,0.12,0.0
1,1971,4415,4415,93.54,1.59,0.45,3.17,1.47,0.11,0.0
1,1972,4280,4280,91.94,2.69,0.7,3.39,1.52,0.12,0.0
1,1973,4045,4045,89.99,3.46,0.62,4.45,1.98,0.25,0.0
1,1974,3885,3885,85.59,3.6,0.51,6.69,3.99,0.51,0.0
1,1975,3185,3185,88.38,4.24,0.31,4.55,2.83,0.31,0.0
1,1976,3065,3065,86.46,4.73,0.33,5.22,3.75,0.65,0.0
1,1977,3195,3195,82.79,6.1,0.31,5.16,5.95,0.63,0.0
1,1978,3055,3055,82.16,7.04,0.16,6.38,4.91,0.49,0.0
1,1979,3135,3135,80.86,6.22,0.16,6.22,7.18,1.28,0.0
1,1980,3405,3405,81.64,5.29,0.44,7.78,5.29,1.47,0.0
1,1981,3460,3460,82.37,6.79,0.29,5.78,4.91,1.3,0.0
1,1982,3315,3315,77.68,7.24,0.6,6.79,7.84,1.36,0.0
1,1983,3245,3245,79.82,7.24,0.31,7.09,5.7,0.77,0.0
1,1984,3035,3035,77.59,7.91,0.33,8.73,5.6,0.16,0.0
1,1985,3120,3120,76.12,8.49,0.32,9.78,5.45,0.8,0.0
1,1986,3190,3190,77.12,8.62,0.47,9.87,4.23,0.16,0.0
1,1987,3275,3275,73.13,9.01,0.92,11.6,5.5,0.31,0.0
1,1988,3195,3195,73.71,9.86,1.56,10.8,4.23,0.31,0.0
1,1989,3200,3200,74.22,10.47,1.25,11.56,2.66,0.31,0.0
1,1990,3220,3220,71.43,11.34,1.24,12.42,3.73,0.0,0.0
1,1991,3200,3200,72.34,11.56,1.09,11.56,3.75,0.16,0.0
1,1992,3010,3010,68.94,11.13,1.66,13.12,5.32,0.0,0.0
1,1993,2870,2870,70.21,12.72,1.92,12.02,3.31,0.0,0.0
1,1994,2920,2920,70.89,10.62,2.4,11.13,5.48,0.17,0.0
1,1995,2845,2845,70.65,10.54,2.99,11.25,5.27,0.0,0.18
1,1996,2705,2705,70.43,10.72,3.14,11.09,4.81,0.0,0.0
1,1997,2565,2565,68.81,10.33,3.12,12.87,5.65,0.19,0.0
1,1998,2640,2640,67.8,8.52,3.22,14.77,6.44,0.19,0.0
1,1999,2745,2745,68.31,9.65,3.46,13.11,6.74,0.18,0.0
1,2000,2750,2750,64.36,10.0,4.18,15.82,6.55,0.55,0.0
1,2001,2640,2640,62.31,11.55,4.36,16.48,6.63,0.19,0.0
1,2002,2735,2735,61.06,10.24,4.94,17.55,7.5,0.37,0.0
1,2003,2980,2980,59.23,9.23,6.21,18.62,8.22,0.34,0.0
1,2004,2765,2765,56.24,8.68,6.33,21.52,9.04,0.36,0.18
1,2005,2945,2945,52.63,7.64,7.13,23.77,12.05,0.17,0.0
1,2006,3090,3090,52.1,7.61,7.93,22.49,11.81,0.65,0.49
1,2007,2945,2945,52.12,7.47,8.66,21.22,12.9,0.51,0.17
1,2008,3195,3195,48.98,6.89,9.39,23.0,14.4,0.47,0.16
1,2009,3085,3085,47.65,6.32,10.7,23.5,15.56,0.97,0.16
1,2010,3105,3105,43.48,5.96,12.72,25.6,16.59,0.81,0.16
1,2011,3000,3000,44.5,5.67,12.17,26.83,14.83,1.33,0.33
1,2012,2915,2915,45.28,6.52,10.12,25.39,17.15,0.69,0.17
1,2013,2900,2900,42.93,6.21,11.03,27.07,16.72,0.69,0.17
1,2014,2945,2945,42.78,5.43,13.58,25.81,16.47,1.02,0.34
1,2015,2570,2570,43.58,5.64,11.09,26.07,17.51,0.97,0.39
1,2016,2630,2630,43.54,5.51,12.36,25.29,18.63,1.14,0.19
1,2017,2325,2325,40.0,6.02,12.69,28.39,18.06,1.51,0.22
1,2018,2590,2590,38.03,5.6,12.93,28.57,19.5,1.16,0.58
1,2019,2365,2365,39.32,5.29,12.26,27.06,20.72,1.48,0.42
1,2020,2310,2310,38.74,5.41,13.64,27.06,19.48,1.73,0.0
1,2021,2475,2475,35.76,4.85,16.97,28.28,19.6,1.82,0.2
1,2022,2230,2230,36.1,4.48,15.7,27.35,21.3,1.79,0.22
1,2023,2005,2005,38.65,3.99,14.71,28.93,18.95,1.25,0.5
1,2024,1800,1800,36.39,3.89,15.0,28.61,20.56,1.94,0.28
2,1900,5145,5145,98.06,0.0,0.0,1.94,0.0,0.0,0.0
2,1901,5615,5615,97.95,0.0,0.0,2.05,0.0,0.0,0.0
2,1902,5870,5870,97.96,0.09,0.0,1.96,0.0,0.0,0.0
2,1903,5765,5765,98.09,0.0,0.0,1.91,0.0,0.0,0.0
2,1904,5970,5970,98.41,0.0,0.0,1.59,0.0,0.0,0.0
2,1905,5965,5965,98.24,0.0,0.0,1.68,0.08,0.0,0.0
2,1906,6520,6520,98.31,0.0,0.0,1.69,0.0,0.0,0.0
2,1907,6395,6395,98.44,0.0,0.0,1.56,0.0,0.0,0.0
2,1908,6710,6710,98.73,0.0,0.0,1.27,0.0,0.0,0.0
2,1909,6500,6500,98.85,0.0,0.08,1.08,0.0,0.0,0.0
2,1910,6745,6745,98.89,0.0,0.0,1.04,0.07,0.0,0.0
2,1911,6375,6375,98.9,0.0,0.08,1.02,0.0,0.0,0.0
2,1912,6800,6800,98.75,0.0,0.0,1.18,0.07,0.0,0.0
2,1913,6895,6895,98.55,0.0,0.07,1.31,0.15,0.0,0.0
2,1914,6145,6145,98.62,0.0,0.0,1.38,0.0,0.0,0.0
2,1915,3560,3560,99.3,0.0,0.0,0.56,0.14,0.0,0.0
2,1916,2790,2790,98.92,0.0,0.0,1.08,0.0,0.0,0.0
2,1917,2085,2085,99.28,0.0,0.0,0.72,0.0,0.0,0.0
2,1918,1525,1525,99.34,0.0,0.0,0.66,0.0,0.0,0.0
2,1919,2555,2555,99.02,0.0,0.0,0.98,0.0,0.0,0.0
2,1920,7125,7125,99.16,0.0,0.0,0.84,0.0,0.0,0.0
2,1921,7805,7805,99.04,0.0,0.0,0.96,0.0,0.0,0.0
2,1922,8455,8455,98.94,0.0,0.0,1.06,0.0,0.0,0.0
2,1923,9150,9150,98.63,0.0,0.05,1.26,0.11,0.0,0.0
2,1924,9395,9390,98.14,0.05,0.05,1.7,0.16,0.05,0.0
2,1925,9245,9240,98.21,0.0,0.05,1.73,0.11,0.0,0.0
2,1926,8505,8505,98.41,0.06,0.12,1.41,0.0,0.0,0.0
2,1927,8280,8280,98.61,0.06,0.0,1.27,0.06,0.0,0.0
2,1928,8315,8315,98.74,0.06,0.0,1.2,0.0,0.0,0.0
2,1929,8210,8210,98.48,0.06,0.06,1.34,0.06,0.0,0.0
2,1930,8530,8530,98.42,0.0,0.12,1.35,0.12,0.0,0.0
2,1931,8570,8570,98.07,0.0,0.06,1.81,0.06,0.0,0.0
2,1932,8145,8145,98.4,0.06,0.0,1.53,0.0,0.0,0.0
2,1933,7605,7605,98.36,0.07,0.07,1.51,0.0,0.0,0.0
2,1934,7595,7595,98.75,0.0,0.07,1.05,0.13,0.0,0.0
2,1935,7280,7280,98.7,0.14,0.14,0.96,0.07,0.0,0.0
2,1936,7020,7020,98.93,0.14,0.14,0.71,0.07,0.0,0.0
2,1937,7010,7010,98.86,0.07,0.21,0.78,0.07,0.0,0.0
2,1938,6900,6900,99.06,0.14,0.22,0.51,0.07,0.0,0.0
2,1939,6715,6715,98.59,0.37,0.37,0.6,0.07,0.0,0.0
2,1940,4600,4600,99.02,0.22,0.22,0.43,0.11,0.0,0.0
2,1941,4275,4275,98.71,0.23,0.47,0.47,0.12,0.0,0.0
2,1942,5565,5565,98.83,0.27,0.54,0.36,0.0,0.0,0.0
2,1943,6290,6290,98.41,0.4,0.72,0.4,0.16,0.0,0.0
2,1944,6940,6940,98.2,0.29,0.65,0.72,0.14,0.0,0.0
2,1945,7150,7150,97.41,0.56,0.98,0.91,0.14,0.0,0.0
2,1946,11350,11350,97.67,0.53,0.93,0.66,0.31,0.0,0.0
2,1947,11475,11475,96.86,0.7,1.35,0.87,0.26,0.0,0.0
2,1948,11335,11335,97.04,0.66,1.32,0.79,0.35,0.0,0.0
2,1949,11775,11775,97.41,0.59,1.1,0.72,0.3,0.0,0.0
2,1950,11460,11460,96.82,0.83,1.22,0.96,0.26,0.0,0.0
2,1951,11050,11050,97.01,0.77,1.27,0.81,0.27,0.0,0.0
2,1952,10950,10950,97.03,0.87,1.05,0.87,0.32,0.0,0.0
2,1953,10495,10495,97.43,0.86,0.86,0.71,0.29,0.0,0.0
2,1954,10460,10460,97.47,0.76,0.86,0.72,0.33,0.05,0.0
2,1955,10550,10550,96.78,0.81,0.9,1.33,0.33,0.0,0.0
2,1956,10185,10185,96.86,0.93,0.74,1.33,0.34,0.0,0.0
2,1957,10255,10255,97.37,0.73,0.59,1.12,0.44,0.0,0.0
2,1958,9990,9990,97.55,0.85,0.55,0.9,0.25,0.0,0.0
2,1959,10155,10155,97.1,0.94,0.34,1.28,0.54,0.05,0.0
2,1960,9800,9800,97.04,0.92,0.41,1.43,0.51,0.05,0.0
2,1961,10205,10205,97.16,0.93,0.34,1.27,0.44,0.05,0.0
2,1962,9775,9775,96.62,1.02,0.36,1.59,0.66,0.1,0.0
2,1963,10095,10095,96.83,0.59,0.59,1.54,0.69,0.05,0.0
2,1964,10050,10050,96.37,0.75,0.45,1.99,0.8,0.05,0.0
2,1965,9970,9970,96.69,0.6,0.5,1.55,0.9,0.15,0.0
2,1966,9630,9630,97.09,0.47,0.42,1.61,0.62,0.1,0.0
2,1967,9125,9125,96.44,0.49,0.55,1.97,0.82,0.05,0.0
2,1968,8955,8955,96.04,0.78,0.5,2.23,0.61,0.06,0.0
2,1969,9010,9010,95.78,0.78,0.55,2.11,1.05,0.17,0.0
2,1970,8825,8825,94.84,0.79,0.85,2.78,0.96,0.11,0.0
2,1971,8930,8930,94.06,1.23,0.95,3.08,1.01,0.0,0.0
2,1972,9025,9025,92.24,1.99,0.66,4.32,0.94,0.22,0.0
2,1973,8620,8620,91.13,2.26,0.93,4.87,1.1,0.12,0.0
2,1974,8175,8175,89.36,2.51,0.61,6.36,1.41,0.06,0.0
2,1975,7570,7570,87.45,3.63,0.79,6.87,1.52,0.2,0.0
2,1976,6970,6970,85.51,4.73,0.65,7.82,1.51,0.22,0.0
2,1977,7330,7330,83.42,5.87,0.61,8.32,2.11,0.34,0.0
2,1978,6795,6795,81.75,6.48,0.52,9.42,2.06,0.29,0.0
2,1979,6995,6995,79.56,7.58,0.64,10.65,1.93,0.21,0.0
2,1980,7660,7660,79.96,7.11,0.46,10.51,2.15,0.39,0.0
2,1981,7625,7625,79.41,7.8,0.39,10.36,2.23,0.52,0.0
2,1982,7475,7475,77.73,8.36,0.8,11.77,1.47,0.2,0.0
2,1983,6985,6985,77.67,8.66,0.64,11.67,1.5,0.0,0.0
2,1984,7100,7100,76.69,8.59,0.7,12.61,1.55,0.35,0.0
2,1985,7155,7155,76.31,8.53,0.63,13.14,1.47,0.28,0.0
2,1986,7345,7345,74.88,8.37,0.95,14.36,1.5,0.2,0.0
2,1987,7115,7115,76.39,8.57,1.05,13.14,0.91,0.07,0.0
2,1988,6905,6905,73.79,10.43,0.72,14.12,1.01,0.07,0.0
2,1989,6665,6665,73.22,10.13,1.28,14.33,1.13,0.08,0.0
2,1990,6745,6745,72.42,10.6,1.41,14.75,0.89,0.07,0.0
2,1991,6515,6515,73.29,10.44,1.38,14.04,0.92,0.08,0.0
2,1992,6460,6460,71.21,10.14,2.4,15.25,1.16,0.0,0.08
2,1993,5930,5930,71.16,10.2,2.11,15.51,1.26,0.08,0.0
2,1994,6000,6000,70.58,9.58,2.83,15.83,1.25,0.0,0.0
2,1995,5905,5905,72.31,8.55,3.81,14.9,0.76,0.0,0.0
2,1996,5865,5865,71.36,8.44,4.01,15.6,1.02,0.0,0.0
2,1997,5815,5815,70.77,8.43,3.96,16.17,1.12,0.0,0.0
2,1998,5745,5745,71.71,8.7,4.0,14.97,0.96,0.09,0.0
2,1999,5900,5900,69.92,8.56,3.98,16.78,1.36,0.0,0.0
2,2000,6025,6025,68.88,9.29,4.56,15.93,2.07,0.17,0.0
2,2001,5625,5625,67.29,9.87,5.16,16.0,2.4,0.27,0.0
2,2002,5535,5535,64.68,10.48,6.14,16.98,2.44,0.09,0.0
2,2003,5285,5285,61.97,10.31,6.05,19.11,3.03,0.19,0.09
2,2004,5090,5090,57.76,9.14,7.37,23.08,4.03,0.2,0.0
2,2005,5155,5155,54.61,8.54,8.92,24.73,5.04,0.1,0.1
2,2006,5035,5035,52.33,8.54,10.33,25.92,5.06,0.0,0.2
2,2007,4705,4705,52.39,7.12,10.2,26.89,5.84,0.21,0.11
2,2008,4880,4880,49.8,7.38,12.19,26.43,6.66,0.61,0.31
2,2009,4660,4660,48.07,6.55,12.55,28.0,7.62,0.54,0.21
2,2010,4630,4630,46.11,7.13,12.96,28.73,8.86,0.76,0.22
2,2011,4435,4435,45.32,6.99,15.78,25.59,10.6,0.68,0.23
2,2012,4205,4205,43.64,6.06,16.05,28.06,10.58,0.95,0.36
2,2013,4125,4125,43.64,6.79,15.88,26.18,12.36,0.48,0.36
2,2014,3955,3955,43.87,5.94,16.06,27.18,11.5,1.01,0.51
2,2015,3930,3930,44.66,6.36,15.27,25.32,11.96,1.15,0.76
2,2016,3530,3530,43.06,5.95,15.44,27.05,12.18,1.27,0.57
2,2017,3520,3520,42.47,4.83,16.34,26.7,14.35,1.42,0.28
2,2018,3270,3270,44.34,5.66,16.06,25.69,12.08,1.53,0.46
2,2019,2960,2960,44.59,4.56,14.7,28.72,12.67,1.35,0.51
2,2020,3030,3030,42.24,4.62,17.82,26.9,12.21,1.82,0.33
2,2021,2920,2920,42.29,4.97,17.81,26.88,12.5,1.54,0.34
2,2022,2910,2910,39.52,4.64,18.9,27.49,14.09,1.89,0.52
2,2023,2790,2790,39.61,3.94,19.53,26.88,15.77,1.97,0.36
2,2024,2545,2545,42.24,3.54,18.47,25.93,13.95,1.96,0.59
3,1900,3930,3930,99.87,0.0,0.0,0.13,0.0,0.0,0.0
3,1901,4135,4135,99.76,0.0,0.0,0.24,0.0,0.0,0.0
3,1902,4255,4255,99.53,0.0,0.0,0.47,0.0,0.0,0.0
3,1903,4175,4175,99.76,0.0,0.0,0.24,0.0,0.0,0.0
3,1904,4180,4180,99.76,0.0,0.0,0.24,0.0,0.0,0.0
3,1905,4230,4230,99.76,0.0,0.0,0.24,0.0,0.0,0.0
3,1906,4310,4310,99.65,0.0,0.0,0.35,0.0,0.0,0.0
3,1907,4160,4160,99.52,0.0,0.0,0.48,0.0,0.0,0.0
3,1908,4350,4350,99.54,0.0,0.0,0.46,0.0,0.0,0.0
3,1909,4425,4425,99.66,0.0,0.0,0.34,0.0,0.0,0.0
3,1910,4340,4340,99.77,0.0,0.0,0.23,0.0,0.0,0.0
3,1911,3900,3900,99.62,0.0,0.0,0.38,0.0,0.0,0.0
3,1912,4195,4195,99.88,0.0,0.0,0.12,0.0,0.0,0.0
3,1913,4145,4145,99.52,0.0,0.0,0.48,0.0,0.0,0.0
3,1914,4150,4150,99.76,0.0,0.0,0.24,0.0,0.0,0.0
3,1915,2655,2655,99.81,0.0,0.0,0.19,0.0,0.0,0.0
3,1916,2015,2015,99.75,0.0,0.0,0.25,0.0,0.0,0.0
3,1917,2150,2150,100.0,0.0,0.0,0.0,0.0,0.0,0.0
3,1918,2680,2680,99.63,0.0,0.0,0.37,0.0,0.0,0.0
3,1919,2595,2595,99.61,0.0,0.0,0.39,0.0,0.0,0.0
3,1920,4745,4745,99.58,0.0,0.0,0.42,0.0,0.0,0.0
3,1921,4930,4930,99.7,0.0,0.0,0.3,0.0,0.0,0.0
3,1922,4680,4680,99.47,0.0,0.0,0.53,0.0,0.0,0.0
3,1923,4470,4470,99.44,0.0,0.0,0.56,0.0,0.0,0.0
3,1924,4470,4470,99.44,0.0,0.0,0.56,0.0,0.0,0.0
3,1925,4530,4530,99.45,0.0,0.0,0.55,0.0,0.0,0.0
3,1926,4635,4635,99.68,0.0,0.0,0.32,0.0,0.0,0.0
3,1927,4435,4435,99.44,0.0,0.0,0.56,0.0,0.0,0.0
3,1928,4545,4545,100.0,0.0,0.0,0.0,0.0,0.0,0.0
3,1929,4520,4520,99.56,0.0,0.0,0.44,0.0,0.0,0.0
3,1930,4640,4640,99.57,0.0,0.11,0.32,0.0,0.0,0.0
3,1931,4700,4700,99.47,0.0,0.0,0.53,0.0,0.0,0.0
3,1932,4540,4540,99.67,0.0,0.0,0.33,0.0,0.0,0.0
3,1933,4340,4340,99.42,0.0,0.12,0.46,0.0,0.0,0.0
3,1934,4250,4250,99.53,0.0,0.12,0.35,0.0,0.0,0.0
3,1935,4220,4220,99.53,0.0,0.12,0.36,0.0,0.0,0.0
3,1936,4040,4040,99.5,0.0,0.12,0.37,0.0,0.0,0.0
3,1937,3995,3995,99.5,0.0,0.38,0.13,0.0,0.0,0.0
3,1938,3950,3950,99.49,0.13,0.25,0.13,0.0,0.0,0.0
3,1939,4105,4105,99.51,0.0,0.49,0.0,0.0,0.0,0.0
3,1940,4180,4180,99.28,0.0,0.48,0.24,0.0,0.0,0.0
3,1941,4150,4150,99.28,0.12,0.24,0.36,0.0,0.0,0.0
3,1942,4890,4890,99.39,0.1,0.31,0.2,0.0,0.0,0.0
3,1943,5455,5455,99.54,0.09,0.18,0.18,0.0,0.0,0.0
3,1944,5535,5535,99.28,0.0,0.45,0.27,0.0,0.0,0.0
3,1945,5045,5045,99.31,0.0,0.4,0.3,0.1,0.0,0.0
3,1946,6630,6630,99.1,0.08,0.6,0.23,0.0,0.0,0.0
3,1947,6710,6710,99.18,0.07,0.6,0.15,0.0,0.0,0.0
3,1948,6495,6495,98.85,0.08,0.77,0.23,0.08,0.0,0.0
3,1949,6295,6295,99.21,0.08,0.56,0.16,0.0,0.0,0.0
3,1950,6585,6585,98.86,0.15,0.68,0.23,0.08,0.0,0.0
3,1951,6205,6205,99.19,0.16,0.64,0.0,0.0,0.0,0.0
3,1952,6180,6180,98.87,0.24,0.73,0.16,0.08,0.0,0.0
3,1953,5765,5765,98.7,0.17,0.78,0.35,0.09,0.0,0.0
3,1954,5945,5945,98.57,0.42,0.67,0.25,0.17,0.0,0.0
3,1955,5835,5835,98.46,0.6,0.77,0.09,0.17,0.0,0.0
3,1956,5810,5810,98.45,0.52,0.52,0.52,0.09,0.0,0.0
3,1957,5790,5790,98.45,0.6,0.43,0.35,0.17,0.0,0.0
3,1958,5655,5655,98.41,0.88,0.53,0.0,0.18,0.0,0.0
3,1959,5760,5760,98.09,0.87,0.35,0.61,0.09,0.0,0.0
3,1960,5660,5660,97.88,0.97,0.53,0.35,0.27,0.09,0.0
3,1961,5740,5740,98.0,1.05,0.26,0.44,0.35,0.0,0.0
3,1962,5645,5645,97.7,1.33,0.18,0.44,0.53,0.09,0.0
3,1963,5755,5755,98.18,1.22,0.17,0.17,0.43,0.0,0.0
3,1964,6055,6055,98.27,1.16,0.08,0.25,0.33,0.08,0.0
3,1965,5665,5665,97.88,1.06,0.26,0.53,0.35,0.0,0.0
3,1966,5745,5745,98.69,0.78,0.09,0.26,0.44,0.09,0.0
3,1967,5580,5580,97.94,0.99,0.09,0.54,0.9,0.18,0.0
3,1968,5430,5430,97.79,0.92,0.28,0.92,0.46,0.0,0.0
3,1969,5420,5420,97.79,0.65,0.18,0.74,0.92,0.0,0.0
3,1970,5305,5305,97.08,0.94,0.66,0.94,0.85,0.09,0.0
3,1971,5530,5530,95.48,1.27,0.72,1.99,0.9,0.18,0.0
3,1972,5520,5520,95.47,1.36,0.54,2.36,0.63,0.0,0.0
3,1973,5365,5365,94.41,2.05,0.47,2.61,0.75,0.0,0.0
3,1974,4915,4915,93.39,2.34,0.31,3.66,0.51,0.0,0.0
3,1975,4240,4240,92.1,2.95,0.24,4.13,0.83,0.12,0.0
3,1976,4030,4030,90.57,3.6,0.74,4.34,1.12,0.0,0.0
3,1977,4060,4060,90.02,4.31,0.37,4.56,1.11,0.0,0.0
3,1978,4130,4130,88.26,5.21,0.24,5.45,1.21,0.36,0.0
3,1979,4070,4070,88.08,5.16,0.37,5.65,1.11,0.12,0.0
3,1980,4310,4310,89.1,4.99,0.23,4.99,1.04,0.12,0.0
3,1981,4220,4220,86.02,5.92,0.36,6.87,1.07,0.12,0.0
3,1982,4070,4070,85.38,6.63,0.37,6.88,0.98,0.0,0.0
3,1983,3730,3730,85.66,7.24,0.13,6.43,0.67,0.0,0.0
3,1984,3755,3755,84.02,6.79,0.13,8.66,0.67,0.0,0.0
3,1985,3665,3665,83.08,8.32,0.27,7.78,0.68,0.14,0.0
3,1986,3660,3660,82.92,6.69,0.27,9.43,0.82,0.0,0.0
3,1987,3750,3750,81.73,7.33,0.0,10.13,0.8,0.13,0.0
3,1988,3655,3655,77.98,10.53,0.41,10.67,0.55,0.0,0.0
3,1989,3555,3555,79.32,10.83,0.14,9.42,0.42,0.0,0.0
3,1990,3560,3560,76.54,11.24,1.26,10.25,0.7,0.14,0.0
3,1991,3490,3490,74.5,12.46,0.57,12.18,0.43,0.0,0.0
3,1992,3360,3360,75.0,11.31,0.89,12.05,0.89,0.0,0.0
3,1993,3090,3090,75.57,11.65,1.62,11.0,0.32,0.0,0.0
3,1994,3235,3235,75.43,10.66,1.85,11.28,0.93,0.0,0.15
3,1995,3200,3200,74.22,9.84,2.81,12.97,0.47,0.0,0.0
3,1996,3340,3340,74.4,10.33,2.69,12.57,0.45,0.0,0.0
3,1997,3205,3205,76.13,9.2,2.65,11.54,0.62,0.0,0.0
3,1998,3245,3245,73.65,11.09,2.62,12.17,1.23,0.15,0.0
3,1999,3230,3230,71.67,10.84,3.72,13.31,0.93,0.0,0.0
3,2000,3450,3450,72.46,9.57,3.62,13.91,1.01,0.0,0.0
3,2001,3295,3295,68.59,10.32,4.7,15.33,1.52,0.15,0.0
3,2002,3035,3035,65.57,10.71,6.43,15.98,2.14,0.0,0.0
3,2003,3110,3110,63.5,9.81,5.63,19.94,1.93,0.0,0.0
3,2004,2920,2920,60.45,9.42,7.19,21.23,3.25,0.0,0.17
3,2005,2985,2985,58.29,8.71,7.87,22.28,4.69,0.0,0.17
3,2006,2915,2915,56.26,8.75,9.78,22.64,4.46,0.0,0.17
3,2007,2685,2685,54.0,7.64,9.68,26.26,5.21,0.0,0.19
3,2008,2590,2590,55.41,6.76,9.46,25.1,6.37,0.19,0.19
3,2009,2630,2630,52.66,7.79,10.65,24.33,7.03,0.19,0.19
3,2010,2755,2755,49.91,7.8,13.61,25.77,6.17,0.36,0.36
3,2011,2440,2440,51.23,7.17,11.48,26.43,6.76,0.0,0.2
3,2012,2605,2605,49.9,6.14,14.2,25.34,8.64,0.58,0.38
3,2013,2470,2470,48.18,7.09,10.93,28.14,8.7,0.61,0.2
3,2014,2270,2270,45.37,6.17,15.86,26.65,10.13,0.44,0.66
3,2015,2160,2160,50.0,6.71,13.43,24.31,9.72,1.39,0.69
3,2016,1970,1970,45.69,5.84,14.47,28.68,9.9,0.76,0.76
3,2017,1840,1840,48.64,5.71,13.32,27.99,9.24,0.54,0.27
3,2018,1800,1800,49.72,6.39,13.06,26.11,8.89,0.56,0.28
3,2019,1795,1795,44.29,6.13,15.6,27.58,9.47,0.84,0.28
3,2020,1760,1760,47.16,5.68,13.64,28.41,10.51,0.85,0.28
3,2021,1790,1790,47.77,4.47,13.69,27.93,9.5,0.84,0.28
3,2022,1660,1660,44.58,4.52,13.86,30.42,10.84,1.51,0.3
3,2023,1535,1535,43.65,4.89,14.01,29.64,11.73,1.3,0.0
3,2024,1550,1550,46.45,3.55,14.52,30.0,10.0,0.65,0.65
4,1900,1045,1045,99.04,0.0,0.0,0.96,0.0,0.0,0.0
4,1901,1155,1155,98.27,0.0,0.0,1.73,0.0,0.0,0.0
4,1902,1160,1160,98.28,0.0,0.0,1.72,0.0,0.0,0.0
4,1903,1045,1045,98.09,0.0,0.0,1.91,0.0,0.0,0.0
4,1904,1045,1045,97.61,0.0,0.0,2.39,0.0,0.0,0.0
4,1905,1135,1135,97.36,0.0,0.0,2.64,0.0,0.0,0.0
4,1906,1205,1205,98.34,0.0,0.0,1.66,0.0,0.0,0.0
4,1907,1010,1010,98.02,0.0,0.0,1.98,0.0,0.0,0.0
4,1908,1190,1190,97.48,0.0,0.0,2.52,0.0,0.0,0.0
4,1909,1180,1180,98.73,0.0,0.0,1.27,0.0,0.0,0.0
4,1910,1055,1055,98.1,0.0,0.0,1.9,0.0,0.0,0.0
4,1911,1040,1040,99.52,0.0,0.0,0.48,0.0,0.0,0.0
4,1912,1165,1165,98.28,0.0,0.0,1.72,0.0,0.0,0.0
4,1913,1110,1110,97.75,0.0,0.0,2.25,0.0,0.0,0.0
4,1914,1090,1090,98.17,0.0,0.0,1.83,0.0,0.0,0.0
4,1915,655,655,99.24,0.0,0.0,0.76,0.0,0.0,0.0
4,1916,450,450,98.89,0.0,0.0,1.11,0.0,0.0,0.0
4,1917,525,525,98.1,0.0,0.0,1.9,0.0,0.0,0.0
4,1918,670,670,98.51,0.0,0.0,1.49,0.0,0.0,0.0
4,1919,650,650,99.23,0.0,0.0,0.77,0.0,0.0,0.0
4,1920,1240,1240,99.19,0.0,0.0,0.81,0.0,0.0,0.0
4,1921,1190,1190,99.16,0.0,0.0,0.84,0.0,0.0,0.0
4,1922,1060,1060,99.53,0.0,0.0,0.47,0.0,0.0,0.0
4,1923,1090,1090,99.54,0.0,0.0,0.46,0.0,0.0,0.0
4,1924,1030,1030,99.51,0.0,0.0,0.49,0.0,0.0,0.0
4,1925,1065,1065,99.53,0.0,0.0,0.47,0.0,0.0,0.0
4,1926,1040,1040,100.0,0.0,0.0,0.0,0.0,0.0,0.0
4,1927,1000,1000,98.5,0.0,0.0,1.5,0.0,0.0,0.0
4,1928,980,980,100.0,0.0,0.0,0.0,0.0,0.0,0.0
4,1929,955,955,99.48,0.0,0.0,0.52,0.0,0.0,0.0
4,1930,965,965,99.48,0.0,0.0,0.52,0.0,0.0,0.0
4,1931,950,950,99.47,0.0,0.0,0.53,0.0,0.0,0.0
4,1932,945,945,99.47,0.0,0.0,0.53,0.0,0.0,0.0
4,1933,890,890,99.44,0.0,0.0,0.56,0.0,0.0,0.0
4,1934,810,810,98.77,0.0,0.0,1.23,0.0,0.0,0.0
4,1935,850,850,99.41,0.0,0.0,0.59,0.0,0.0,0.0
4,1936,770,770,99.35,0.0,0.0,0.65,0.0,0.0,0.0
4,1937,715,715,99.3,0.0,0.0,0.7,0.0,0.0,0.0
4,1938,875,875,98.86,0.0,0.0,1.14,0.0,0.0,0.0
4,1939,805,805,99.38,0.0,0.0,0.62,0.0,0.0,0.0
4,1940,745,745,99.33,0.0,0.0,0.67,0.0,0.0,0.0
4,1941,840,840,100.0,0.0,0.0,0.0,0.0,0.0,0.0
4,1942,950,950,98.95,0.0,0.0,1.05,0.0,0.0,0.0
4,1943,1080,1080,99.07,0.0,0.0,0.93,0.0,0.0,0.0
4,1944,1190,1190,98.74,0.0,0.42,0.84,0.0,0.0,0.0
4,1945,995,995,97.99,0.5,0.0,1.51,0.0,0.0,0.0
4,1946,1330,1330,98.5,0.38,0.38,0.75,0.0,0.0,0.0
4,1947,1205,1205,99.17,0.0,0.41,0.41,0.0,0.0,0.0
4,1948,1320,1320,98.48,0.38,0.38,0.76,0.0,0.0,0.0
4,1949,1205,1205,98.76,0.41,0.0,0.83,0.0,0.0,0.0
4,1950,1290,1290,98.45,0.0,0.39,0.78,0.39,0.0,0.0
4,1951,1160,1160,98.28,0.86,0.0,0.86,0.0,0.0,0.0
4,1952,1100,1100,97.73,0.91,0.45,0.91,0.0,0.0,0.0
4,1953,1030,1030,99.51,0.49,0.0,0.0,0.0,0.0,0.0
4,1954,1080,1080,98.15,0.46,0.46,0.93,0.0,0.0,0.0
4,1955,995,995,97.99,0.5,0.5,1.01,0.0,0.0,0.0
4,1956,955,955,98.95,0.52,0.52,0.0,0.0,0.0,0.0
4,1957,1035,1035,99.03,0.48,0.0,0.48,0.0,0.0,0.0
4,1958,1080,1080,98.15,1.39,0.0,0.46,0.46,0.0,0.0
4,1959,1060,1060,96.23,1.89,0.0,1.42,0.94,0.0,0.0
4,1960,1025,1025,97.56,0.98,0.0,0.49,1.46,0.0,0.0
4,1961,1165,1165,97.0,0.86,0.43,0.86,1.29,0.0,0.0
4,1962,1270,1270,98.43,1.18,0.0,0.39,0.39,0.0,0.0
4,1963,1315,1315,96.2,1.9,0.0,0.76,1.52,0.0,0.0
4,1964,1480,1480,98.31,1.01,0.0,0.34,0.68,0.0,0.0
4,1965,1405,1405,98.22,0.71,0.0,0.36,1.07,0.36,0.0
4,1966,1515,1515,98.68,0.66,0.0,0.33,0.66,0.0,0.0
4,1967,1330,1330,96.62,1.13,0.0,0.75,2.26,0.75,0.0
4,1968,1270,1270,97.24,0.79,0.0,0.79,1.57,0.39,0.0
4,1969,1245,1245,96.79,0.0,0.0,2.01,1.61,0.0,0.0
4,1970,1175,1175,97.02,0.43,0.0,1.28,1.7,0.43,0.0
4,1971,1155,1155,97.4,1.3,0.43,0.43,0.87,0.0,0.0
4,1972,1105,1105,94.12,3.17,0.9,0.9,1.36,0.0,0.0
4,1973,1070,1070,92.06,3.74,0.47,3.27,0.93,0.47,0.0
4,1974,990,990,92.42,4.04,1.01,2.02,1.01,0.0,0.0
4,1975,855,855,92.4,4.68,0.58,1.17,1.75,0.0,0.0
4,1976,815,815,88.96,7.36,0.61,2.45,1.84,0.0,0.0
4,1977,835,835,86.83,6.59,0.6,3.59,2.4,0.6,0.0
4,1978,720,720,93.06,4.86,0.0,2.08,0.69,0.0,0.0
4,1979,850,850,86.47,7.06,0.0,5.29,1.18,0.0,0.0
4,1980,865,865,89.02,5.2,0.0,4.62,1.16,0.0,0.0
4,1981,880,880,86.36,7.95,0.57,4.55,0.57,0.0,0.0
4,1982,940,940,85.11,7.45,0.53,5.32,2.13,0.0,0.0
4,1983,785,785,83.44,9.55,0.0,6.37,1.27,0.64,0.0
4,1984,810,810,83.33,8.02,0.62,7.41,0.62,0.0,0.0
4,1985,805,805,81.99,6.83,0.0,9.94,1.24,0.0,0.0
4,1986,810,810,82.72,8.02,1.23,8.02,0.0,0.0,0.0
4,1987,810,810,82.1,8.02,0.0,8.64,2.47,0.0,0.0
4,1988,915,915,79.78,6.56,1.09,10.38,2.73,1.09,0.0
4,1989,875,875,78.86,10.86,0.57,9.14,1.14,0.0,0.0
4,1990,905,905,72.93,9.94,0.55,14.92,1.66,0.0,0.0
4,1991,910,910,76.37,7.14,1.65,12.64,2.75,0.0,0.0
4,1992,830,830,75.3,9.64,1.81,12.05,1.81,0.0,0.0
4,1993,800,800,70.0,12.5,2.5,14.37,0.62,0.0,0.0
4,1994,750,750,73.33,10.0,2.0,13.33,2.0,0.0,0.0
4,1995,810,810,69.14,11.73,2.47,15.43,1.85,0.0,0.0
4,1996,825,825,71.52,12.12,2.42,13.33,1.21,0.0,0.0
4,1997,685,685,72.26,12.41,2.92,11.68,1.46,0.0,0.0
4,1998,730,730,71.23,9.59,4.79,14.38,1.37,0.0,0.0
4,1999,700,700,69.29,9.29,2.86,18.57,2.14,0.71,0.0
4,2000,740,740,66.22,11.49,4.05,14.86,4.73,1.35,0.0
4,2001,725,725,64.83,9.66,5.52,17.93,6.21,0.0,0.0
4,2002,645,645,59.69,11.63,6.98,19.38,3.1,0.0,0.0
4,2003,645,645,55.81,9.3,10.85,23.26,3.1,0.0,0.0
4,2004,605,605,57.02,9.92,6.61,24.79,3.31,0.0,0.0
4,2005,560,560,55.36,6.25,7.14,28.57,3.57,0.0,0.0
4,2006,645,645,48.84,7.75,9.3,32.56,3.1,0.0,1.55
4,2007,660,660,45.45,5.3,10.61,31.82,11.36,0.76,0.0
4,2008,605,605,53.72,7.44,12.4,22.31,8.26,1.65,0.0
4,2009,645,645,44.19,9.3,16.28,27.91,6.98,0.0,0.0
4,2010,585,585,40.17,5.98,9.4,39.32,11.97,0.0,0.0
4,2011,690,690,41.3,10.14,7.97,30.43,14.49,0.72,1.45
4,2012,600,600,45.83,5.0,11.67,35.0,8.33,0.0,0.83
4,2013,660,660,43.18,6.82,11.36,29.55,12.88,0.0,0.0
4,2014,635,635,38.58,5.51,14.17,33.86,16.54,0.0,0.0
4,2015,555,555,42.34,7.21,17.12,26.13,13.51,0.9,0.9
4,2016,515,515,36.89,8.74,9.71,35.92,13.59,0.0,0.97
4,2017,475,475,38.95,7.37,9.47,34.74,12.63,1.05,1.05
4,2018,390,390,43.59,6.41,14.1,30.77,8.97,0.0,1.28
4,2019,385,385,32.47,2.6,16.88,35.06,20.78,2.6,0.0
4,2020,315,315,30.16,4.76,17.46,41.27,17.46,3.17,0.0
4,2021,430,430,33.72,5.81,15.12,38.37,12.79,1.16,0.0
4,2022,390,390,25.64,7.69,12.82,42.31,14.1,1.28,1.28
4,2023,285,285,33.33,5.26,15.79,35.09,12.28,1.75,0.0
4,2024,265,265,45.28,5.66,11.32,30.19,15.09,1.89,0.0
5,1900,1060,1060,98.58,0.0,0.0,1.42,0.0,0.0,0.0
5,1901,1110,1110,98.65,0.0,0.0,1.35,0.0,0.0,0.0
5,1902,1130,1130,98.23,0.0,0.0,1.77,0.0,0.0,0.0
5,1903,1100,1100,98.64,0.0,0.0,1.36,0.0,0.0,0.0
5,1904,1165,1165,98.71,0.0,0.0,1.29,0.0,0.0,0.0
5,1905,1105,1105,98.19,0.0,0.45,1.36,0.45,0.0,0.0
5,1906,1170,1170,98.72,0.0,0.0,1.28,0.0,0.0,0.0
5,1907,1040,1040,98.56,0.0,0.0,1.44,0.0,0.0,0.0
5,1908,1255,1255,98.8,0.0,0.0,1.2,0.0,0.0,0.0
5,1909,1240,1240,98.79,0.0,0.0,1.21,0.0,0.0,0.0
5,1910,1295,1295,97.68,0.0,0.0,1.93,0.39,0.0,0.0
5,1911,1175,1175,98.72,0.0,0.0,1.28,0.0,0.0,0.0
5,1912,1245,1245,98.8,0.0,0.0,1.2,0.0,0.0,0.0
5,1913,1275,1275,99.22,0.0,0.0,0.78,0.0,0.0,0.0
5,1914,1385,1385,99.28,0.0,0.0,0.72,0.0,0.0,0.0
5,1915,755,755,98.68,0.0,0.0,1.32,0.0,0.0,0.0
5,1916,760,760,98.68,0.0,0.0,1.32,0.0,0.0,0.0
5,1917,675,675,99.26,0.0,0.0,0.74,0.0,0.0,0.0
5,1918,825,825,99.39,0.0,0.0,0.61,0.0,0.0,0.0
5,1919,805,805,98.76,0.0,0.62,0.62,0.62,0.0,0.0
5,1920,1340,1340,98.88,0.0,0.0,1.12,0.0,0.0,0.0
5,1921,1360,1360,99.26,0.0,0.0,0.74,0.0,0.0,0.0
5,1922,1355,1355,99.63,0.0,0.0,0.37,0.0,0.0,0.0
5,1923,1270,1270,100.0,0.0,0.0,0.0,0.0,0.0,0.0
5,1924,1195,1195,99.58,0.0,0.0,0.42,0.0,0.0,0.0
5,1925,1230,1230,99.59,0.0,0.0,0.41,0.0,0.0,0.0
5,1926,1195,1195,99.58,0.0,0.0,0.42,0.0,0.0,0.0
5,1927,1205,1205,99.59,0.0,0.0,0.41,0.0,0.0,0.0
5,1928,1185,1185,99.58,0.0,0.0,0.42,0.0,0.0,0.0
5,1929,1185,1185,100.0,0.0,0.0,0.0,0.0,0.0,0.0
5,1930,1160,1160,100.0,0.0,0.0,0.0,0.0,0.0,0.0
5,1931,1180,1180,100.0,0.0,0.0,0.0,0.0,0.0,0.0
5,1932,1230,1230,100.0,0.0,0.0,0.0,0.0,0.0,0.0
5,1933,1110,1110,99.55,0.0,0.0,0.45,0.0,0.0,0.0
5,1934,1180,1180,100.0,0.0,0.0,0.0,0.0,0.0,0.0
5,1935,1055,1055,99.53,0.0,0.0,0.47,0.0,0.0,0.0
5,1936,1100,1100,100.0,0.0,0.0,0.0,0.0,0.0,0.0
5,1937,995,995,99.5,0.0,0.0,0.5,0.0,0.0,0.0
5,1938,1115,1115,99.1,0.0,0.0,0.9,0.0,0.0,0.0
5,1939,1065,1065,100.0,0.0,0.0,0.0,0.0,0.0,0.0
5,1940,1025,1025,99.51,0.0,0.0,0.49,0.0,0.0,0.0
5,1941,1180,1180,100.0,0.0,0.0,0.0,0.0,0.0,0.0
5,1942,1210,1210,100.0,0.0,0.0,0.0,0.0,0.0,0.0
5,1943,1315,1315,99.24,0.0,0.38,0.38,0.0,0.0,0.0
5,1944,1335,1335,100.0,0.0,0.0,0.0,0.0,0.0,0.0
5,1945,1260,1260,100.0,0.0,0.0,0.0,0.0,0.0,0.0
5,1946,1570,1570,99.36,0.0,0.0,0.64,0.0,0.0,0.0
5,1947,1575,1575,99.37,0.0,0.32,0.32,0.0,0.0,0.0
5,1948,1605,1605,99.38,0.31,0.0,0.31,0.0,0.0,0.0
5,1949,1420,1420,99.3,0.35,0.0,0.35,0.0,0.0,0.0
5,1950,1465,1465,99.32,0.34,0.0,0.34,0.0,0.0,0.0
5,1951,1395,1395,98.92,0.36,0.36,0.36,0.0,0.0,0.0
5,1952,1360,1360,98.53,1.1,0.0,0.37,0.0,0.0,0.0
5,1953,1300,1300,98.85,0.77,0.38,0.0,0.0,0.0,0.0
5,1954,1310,1310,99.24,0.38,0.0,0.38,0.38,0.0,0.0
5,1955,1225,1225,98.37,1.22,0.0,0.41,0.41,0.0,0.0
5,1956,1310,1310,98.85,0.76,0.38,0.0,0.0,0.0,0.0
5,1957,1240,1240,99.19,0.81,0.0,0.0,0.0,0.0,0.0
5,1958,1335,1335,98.5,0.75,0.37,0.37,0.0,0.0,0.0
5,1959,1420,1420,98.24,1.41,0.0,0.35,0.0,0.0,0.0
5,1960,1350,1350,97.78,1.85,0.0,0.37,0.37,0.0,0.0
5,1961,1335,1335,97.75,1.12,0.0,0.75,0.75,0.0,0.0
5,1962,1355,1355,98.89,0.74,0.0,0.37,0.0,0.0,0.0
5,1963,1410,1410,98.23,1.42,0.0,0.0,1.06,0.0,0.0
5,1964,1455,1455,98.28,1.37,0.0,0.0,1.03,0.0,0.0
5,1965,1330,1330,98.12,1.13,0.0,0.0,1.5,0.75,0.0
5,1966,1415,1415,99.29,0.71,0.0,0.0,0.71,0.0,0.0
5,1967,1280,1280,98.83,0.78,0.0,0.0,1.56,0.0,0.0
5,1968,1175,1175,98.72,0.85,0.0,0.43,0.85,0.0,0.0
5,1969,1210,1210,97.52,0.41,0.0,0.41,2.48,0.41,0.0
5,1970,1120,1120,97.77,1.34,0.45,0.45,1.34,0.0,0.0
5,1971,1205,1205,96.68,2.07,0.41,0.83,0.41,0.0,0.0
5,1972,1285,1285,95.72,2.72,0.78,0.39,0.78,0.0,0.0
5,1973,1160,1160,94.4,3.02,0.0,2.59,0.43,0.0,0.0
5,1974,1045,1045,92.82,4.31,0.0,2.39,1.44,0.0,0.0
5,1975,925,925,91.89,4.86,0.0,2.7,0.54,0.0,0.0
5,1976,920,920,94.02,4.35,0.0,1.63,0.54,0.0,0.0
5,1977,955,955,93.19,3.66,0.52,2.09,1.05,0.0,0.0
5,1978,920,920,90.22,7.07,0.0,2.72,0.54,0.0,0.0
5,1979,950,950,92.11,5.79,0.0,2.11,0.0,0.0,0.0
5,1980,1065,1065,87.79,6.1,0.47,5.16,0.94,0.0,0.0
5,1981,1095,1095,86.76,6.39,0.46,5.48,1.37,0.46,0.0
5,1982,1145,1145,86.9,5.68,0.44,6.55,0.87,0.0,0.0
5,1983,1050,1050,88.57,5.71,0.48,4.29,1.43,0.0,0.0
5,1984,1040,1040,83.65,7.21,0.96,7.21,0.96,0.0,0.0
5,1985,1060,1060,83.49,7.55,0.47,8.49,0.47,0.0,0.0
5,1986,1030,1030,81.55,8.25,0.0,9.71,0.97,0.0,0.0
5,1987,1095,1095,80.82,8.22,0.46,9.59,0.91,0.0,0.0
5,1988,1070,1070,79.44,9.35,0.93,9.81,0.47,0.0,0.0
5,1989,1165,1165,75.54,12.45,0.43,10.73,1.29,0.0,0.0
5,1990,1000,1000,76.0,10.5,1.5,11.5,0.5,0.0,0.0
5,1991,1050,1050,74.29,12.38,1.43,11.9,0.0,0.0,0.0
5,1992,1015,1015,74.88,9.36,2.96,12.32,0.49,0.0,0.0
5,1993,940,940,70.74,14.36,1.6,12.77,1.06,0.0,0.0
5,1994,1005,1005,74.63,11.94,1.49,11.94,0.0,0.0,0.0
5,1995,945,945,71.96,11.64,2.12,14.29,1.59,0.0,0.0
5,1996,910,910,74.73,10.44,2.75,12.09,0.0,0.0,0.0
5,1997,875,875,74.29,9.14,1.14,15.43,0.0,0.0,0.0
5,1998,870,870,74.14,9.2,1.72,14.94,0.57,0.0,0.0
5,1999,880,880,69.32,12.5,3.41,14.77,0.0,0.0,0.0
5,2000,920,920,69.57,10.33,3.26,15.22,2.17,1.09,0.0
5,2001,975,975,70.26,9.74,5.64,13.85,1.03,0.0,0.0
5,2002,940,940,64.89,9.04,5.32,20.74,1.06,0.0,0.0
5,2003,880,880,63.64,8.52,4.55,23.86,1.7,0.0,0.0
5,2004,935,935,60.43,8.56,6.95,23.53,3.21,0.0,0.0
5,2005,950,950,62.63,6.32,6.32,23.68,4.74,0.53,0.0
5,2006,950,950,59.47,5.26,6.84,26.32,4.21,0.0,1.05
5,2007,880,880,56.25,6.82,8.52,23.86,5.11,0.0,1.14
5,2008,800,800,55.0,8.75,12.5,21.88,5.0,0.0,0.0
5,2009,900,900,52.22,5.56,15.0,25.0,5.56,0.0,0.56
5,2010,765,765,47.06,7.19,15.69,27.45,3.92,0.65,0.65
5,2011,770,770,50.65,5.84,11.69,28.57,7.14,0.0,0.0
5,2012,730,730,45.21,9.59,10.27,30.82,8.22,0.68,0.68
5,2013,825,825,41.82,6.67,16.36,34.55,4.24,0.0,0.61
5,2014,795,795,50.31,7.55,11.95,29.56,6.92,0.0,0.0
5,2015,765,765,48.37,5.23,13.07,31.37,7.84,0.0,0.0
5,2016,715,715,47.55,4.2,13.29,30.07,8.39,0.7,1.4
5,2017,600,600,51.67,5.83,13.33,26.67,6.67,0.0,0.0
5,2018,630,630,46.03,6.35,11.11,34.13,6.35,0.0,0.0
5,2019,690,690,42.75,4.35,14.49,36.23,5.8,0.0,0.0
5,2020,615,615,40.65,5.69,15.45,35.77,7.32,0.81,0.0
5,2021,685,685,46.72,7.3,13.87,29.93,5.84,0.73,1.46
5,2022,705,705,46.1,3.55,16.31,32.62,6.38,0.0,0.0
5,2023,500,500,42.0,8.0,14.0,37.0,8.0,0.0,0.0
5,2024,540,540,43.52,7.41,13.89,31.48,6.48,0.0,0.0
6,1900,3035,3035,98.19,0.0,0.33,1.48,0.0,0.0,0.0
6,1901,3115,3115,98.23,0.0,0.0,1.77,0.0,0.0,0.0
6,1902,3425,3425,97.81,0.15,0.44,1.61,0.0,0.0,0.0
6,1903,3405,3405,97.94,0.15,0.44,1.47,0.0,0.0,0.0
6,1904,3705,3705,98.52,0.0,0.27,1.21,0.0,0.0,0.0
6,1905,3755,3755,98.54,0.0,0.27,1.2,0.27,0.13,0.0
6,1906,4085,4085,98.53,0.0,0.0,1.47,0.0,0.0,0.0
6,1907,4065,4065,98.52,0.0,0.25,1.23,0.12,0.0,0.0
6,1908,4505,4505,97.89,0.0,0.22,1.78,0.11,0.0,0.0
6,1909,4250,4250,98.59,0.0,0.35,1.06,0.12,0.0,0.0
6,1910,4590,4590,98.58,0.0,0.11,1.31,0.0,0.0,0.0
6,1911,4570,4570,98.58,0.0,0.11,1.31,0.11,0.0,0.0
6,1912,4795,4795,98.44,0.0,0.21,1.36,0.1,0.0,0.0
6,1913,4915,4915,97.56,0.1,0.2,2.14,0.1,0.0,0.0
6,1914,4875,4875,97.85,0.0,0.41,1.74,0.1,0.0,0.0
6,1915,3070,3070,98.37,0.16,0.0,1.47,0.0,0.0,0.0
6,1916,2105,2105,97.62,0.0,0.0,2.38,0.0,0.0,0.0
6,1917,1995,1995,98.5,0.0,0.5,1.0,0.25,0.0,0.0
6,1918,2295,2295,98.91,0.0,0.0,1.09,0.0,0.0,0.0
6,1919,2615,2615,99.04,0.0,0.19,0.76,0.19,0.0,0.0
6,1920,4955,4955,98.08,0.0,0.1,1.82,0.1,0.0,0.0
6,1921,4590,4590,98.69,0.0,0.0,1.31,0.0,0.0,0.0
6,1922,4605,4605,97.94,0.11,0.11,1.85,0.22,0.11,0.0
6,1923,4555,4555,98.35,0.0,0.11,1.54,0.11,0.0,0.0
6,1924,4815,4815,98.03,0.0,0.1,1.87,0.1,0.0,0.0
6,1925,5315,5315,97.84,0.09,0.38,1.69,0.09,0.0,0.0
6,1926,5645,5645,96.99,0.09,0.27,2.66,0.18,0.09,0.0
6,1927,5725,5725,97.47,0.17,0.35,2.01,0.09,0.0,0.0
6,1928,5570,5570,98.03,0.0,0.0,1.89,0.18,0.0,0.0
6,1929,5425,5425,97.79,0.09,0.18,1.94,0.09,0.0,0.0
6,1930,5560,5560,98.11,0.09,0.09,1.62,0.18,0.0,0.0
6,1931,5695,5695,98.24,0.09,0.0,1.67,0.0,0.0,0.0
6,1932,5585,5585,98.39,0.0,0.0,1.61,0.09,0.09,0.0
6,1933,5285,5285,98.77,0.0,0.0,1.23,0.0,0.0,0.0
6,1934,5235,5235,98.57,0.0,0.0,1.43,0.0,0.0,0.0
6,1935,4965,4965,98.39,0.0,0.1,1.51,0.1,0.0,0.0
6,1936,4875,4875,98.67,0.31,0.0,1.03,0.0,0.0,0.0
6,1937,4535,4535,98.79,0.11,0.0,1.1,0.11,0.0,0.0
6,1938,4550,4550,98.9,0.0,0.11,0.88,0.11,0.0,0.0
6,1939,4355,4355,98.85,0.0,0.11,1.03,0.11,0.0,0.0
6,1940,4630,4630,98.6,0.22,0.11,1.08,0.11,0.0,0.0
6,1941,4700,4700,98.51,0.11,0.11,1.28,0.11,0.0,0.0
6,1942,5025,5025,98.91,0.0,0.2,0.9,0.1,0.0,0.0
6,1943,5005,5005,98.8,0.1,0.0,1.1,0.1,0.0,0.0
6,1944,4415,4415,98.19,0.11,0.23,1.36,0.23,0.0,0.0
6,1945,4640,4640,98.81,0.32,0.0,0.75,0.22,0.0,0.0
6,1946,6840,6840,98.25,0.22,0.15,1.32,0.22,0.0,0.0
6,1947,6745,6745,98.44,0.22,0.37,0.89,0.15,0.0,0.0
6,1948,6385,6385,98.83,0.16,0.16,0.78,0.31,0.0,0.0
6,1949,6185,6185,99.19,0.08,0.08,0.57,0.24,0.0,0.0
6,1950,6215,6215,98.63,0.24,0.24,0.8,0.32,0.0,0.0
6,1951,5710,5710,99.21,0.18,0.09,0.44,0.26,0.0,0.0
6,1952,5710,5710,98.51,0.35,0.09,0.96,0.35,0.0,0.0
6,1953,5575,5575,98.39,0.63,0.09,0.63,0.45,0.0,0.0
6,1954,5515,5515,98.19,0.36,0.09,1.27,0.45,0.0,0.0
6,1955,5470,5470,98.26,0.46,0.18,1.01,0.46,0.0,0.0
6,1956,5700,5700,97.89,0.61,0.09,1.05,0.61,0.0,0.0
6,1957,6070,6070,97.61,0.82,0.16,1.07,0.74,0.0,0.0
6,1958,6205,6205,97.5,0.73,0.0,1.53,0.64,0.08,0.0
6,1959,6565,6565,97.03,0.91,0.0,1.68,0.84,0.0,0.0
6,1960,6685,6685,96.86,0.9,0.0,1.65,1.05,0.07,0.0
6,1961,6850,6850,96.64,1.02,0.0,1.68,1.02,0.15,0.0
6,1962,7290,7290,96.57,0.82,0.07,1.58,1.37,0.21,0.0
6,1963,7740,7740,96.32,0.84,0.06,1.42,1.74,0.13,0.0
6,1964,8245,8245,96.0,0.91,0.0,1.82,1.52,0.18,0.0
6,1965,8295,8295,95.42,1.02,0.0,2.23,1.57,0.18,0.0
6,1966,8255,8255,94.73,1.39,0.06,2.3,1.82,0.18,0.0
6,1967,7995,7995,94.06,1.44,0.06,2.56,2.31,0.38,0.0
6,1968,7490,7490,93.79,1.13,0.2,2.87,2.34,0.33,0.0
6,1969,7715,7715,92.94,2.14,0.19,3.05,2.01,0.26,0.0
6,1970,7750,7750,91.87,2.0,0.39,3.1,3.03,0.65,0.0
6,1971,7925,7925,88.71,3.22,0.57,3.91,3.97,0.76,0.0
6,1972,7825,7825,87.28,3.96,0.51,4.41,4.09,0.45,0.0
6,1973,7700,7700,86.1,4.94,0.39,4.35,4.68,0.71,0.0
6,1974,7215,7215,84.48,4.64,0.49,5.47,5.13,0.9,0.0
6,1975,6945,6945,83.8,5.62,0.29,5.54,5.04,0.72,0.0
6,1976,6840,6840,81.73,6.36,0.95,5.92,5.26,0.88,0.0
6,1977,7315,7315,79.84,6.97,0.82,7.04,5.6,0.96,0.0
6,1978,7680,7680,78.71,7.55,0.65,7.42,6.05,0.98,0.0
6,1979,7880,7880,77.54,7.11,0.63,7.74,7.11,0.76,0.0
6,1980,8310,8310,76.59,7.34,0.6,9.09,6.62,0.9,0.0
6,1981,8800,8800,74.72,7.67,0.62,10.06,7.27,1.02,0.0
6,1982,8925,8925,73.39,8.12,0.62,10.03,8.12,0.95,0.0
6,1983,8720,8720,71.79,7.51,0.63,10.78,9.46,1.61,0.06
6,1984,8580,8580,71.1,8.1,0.76,12.24,7.98,0.76,0.0
6,1985,8895,8895,71.11,7.7,0.84,13.43,7.2,0.9,0.0
6,1986,9205,9205,70.83,7.71,1.03,14.01,6.9,0.65,0.0
6,1987,9520,9520,70.38,8.61,1.05,14.02,6.25,0.58,0.05
6,1988,9945,9945,66.72,8.8,1.66,15.99,7.14,0.45,0.05
6,1989,10105,10105,66.55,9.5,1.78,15.19,7.42,0.79,0.1
6,1990,10375,10375,65.4,9.2,2.12,17.11,6.65,0.48,0.1
6,1991,10575,10575,64.16,9.31,2.55,17.26,7.38,0.52,0.05
6,1992,10395,10395,62.63,9.81,2.36,18.23,7.6,0.43,0.05
6,1993,9295,9295,61.48,10.76,2.58,18.18,7.64,0.59,0.11
6,1994,9385,9385,63.03,9.8,2.77,17.47,7.46,0.37,0.05
6,1995,9490,9490,62.01,8.96,3.53,19.23,7.32,0.37,0.0
6,1996,9475,9475,63.75,8.55,3.22,18.84,6.28,0.32,0.05
6,1997,9350,9350,62.14,8.45,3.48,19.95,6.74,0.16,0.11
6,1998,9515,9515,60.48,8.83,3.84,20.34,7.46,0.37,0.05
6,1999,9460,9460,58.72,8.67,4.6,21.35,7.88,0.42,0.05
6,2000,9975,9975,55.89,8.42,5.56,23.36,8.02,0.55,0.05
6,2001,9915,9915,53.96,8.47,5.75,23.7,9.68,0.71,0.05
6,2002,9830,9830,50.92,7.99,6.56,25.58,10.73,0.31,0.15
6,2003,9360,9360,48.56,7.75,6.78,26.66,12.07,0.64,0.16
6,2004,9515,9515,46.24,6.78,7.57,28.59,13.72,0.79,0.11
6,2005,9655,9655,45.26,6.21,8.34,27.45,16.26,0.88,0.26
6,2006,9650,9650,43.37,5.91,9.43,28.19,16.53,0.78,0.21
6,2007,9570,9570,42.11,5.85,9.56,29.1,16.82,0.89,0.31
6,2008,10105,10105,40.03,5.34,10.04,29.59,18.51,0.69,0.4
6,2009,9830,9830,39.01,5.09,11.29,28.99,19.38,1.02,0.41
6,2010,9920,9920,37.55,4.89,10.33,30.14,21.22,1.11,0.45
6,2011,9650,9650,36.74,4.3,11.04,30.41,21.92,1.14,0.36
6,2012,9680,9680,36.73,4.7,10.85,29.6,23.04,1.19,0.31
6,2013,9660,9660,36.13,4.76,11.28,29.76,22.83,0.98,0.47
6,2014,9835,9835,34.77,4.37,12.2,29.84,24.3,1.58,0.41
6,2015,9670,9670,35.68,3.88,11.43,30.2,23.63,1.81,0.52
6,2016,9460,9460,34.62,3.59,12.32,31.18,23.2,1.8,0.48
6,2017,9360,9360,34.03,3.95,12.66,29.33,25.37,1.87,0.48
6,2018,8985,8980,33.35,3.84,12.92,31.68,23.89,1.67,0.33
6,2019,9175,9175,33.46,3.98,12.43,30.95,25.01,1.74,0.33
6,2020,8750,8750,32.29,4.11,13.83,31.49,23.94,1.66,0.51
6,2021,8940,8940,31.82,3.52,14.21,33.17,22.82,1.45,0.34
6,2022,8855,8850,30.34,3.67,14.12,33.28,24.01,1.75,0.45
6,2023,8060,8060,29.71,3.91,13.65,33.25,24.75,1.92,0.5
6,2024,7620,7620,30.97,3.15,13.85,32.81,25.2,2.03,0.46
7,1900,3590,3590,95.96,0.0,0.42,3.48,0.28,0.0,0.0
7,1901,3810,3810,96.33,0.0,0.92,2.62,0.13,0.0,0.0
7,1902,3850,3850,96.75,0.0,0.52,2.6,0.26,0.0,0.0
7,1903,3695,3695,97.83,0.0,0.54,1.49,0.27,0.0,0.0
7,1904,3965,3965,96.85,0.0,0.5,2.52,0.13,0.0,0.0
7,1905,3915,3915,96.04,0.0,1.15,2.81,0.13,0.0,0.0
7,1906,4015,4015,96.64,0.0,0.62,2.62,0.25,0.0,0.0
7,1907,3715,3715,96.64,0.0,0.67,2.56,0.13,0.0,0.0
7,1908,4090,4090,96.82,0.0,0.61,2.44,0.24,0.0,0.0
7,1909,3965,3965,96.97,0.0,0.5,2.4,0.25,0.0,0.0
7,1910,3980,3980,96.73,0.0,0.75,2.39,0.25,0.0,0.0
7,1911,3795,3795,97.23,0.0,0.53,2.11,0.26,0.0,0.0
7,1912,4060,4060,96.92,0.0,0.74,2.22,0.25,0.0,0.0
7,1913,4275,4275,96.96,0.0,0.47,2.57,0.12,0.0,0.0
7,1914,4245,4245,97.64,0.0,0.35,1.88,0.24,0.0,0.0
7,1915,2670,2670,97.0,0.0,0.56,2.25,0.37,0.0,0.0
7,1916,1810,1810,96.69,0.0,0.55,2.49,0.55,0.0,0.0
7,1917,2075,2075,97.11,0.0,0.24,2.41,0.24,0.0,0.0
7,1918,2495,2495,96.79,0.0,0.4,2.61,0.2,0.0,0.0
7,1919,2565,2565,97.47,0.0,0.39,1.95,0.39,0.0,0.0
7,1920,4445,4445,97.98,0.0,0.34,1.57,0.34,0.0,0.0
7,1921,4485,4485,97.88,0.0,0.11,1.78,0.22,0.0,0.0
7,1922,4410,4410,97.96,0.0,0.34,1.7,0.11,0.0,0.0
7,1923,4180,4180,98.21,0.0,0.36,1.32,0.12,0.0,0.0
7,1924,4115,4115,98.42,0.0,0.36,1.22,0.24,0.0,0.0
7,1925,4095,4095,98.17,0.0,0.24,1.47,0.12,0.0,0.0
7,1926,4115,4115,98.18,0.0,0.24,1.46,0.24,0.0,0.0
7,1927,4085,4085,98.78,0.0,0.24,0.98,0.0,0.0,0.0
7,1928,4070,4070,98.77,0.0,0.12,0.98,0.12,0.0,0.0
7,1929,3975,3975,98.62,0.13,0.13,1.13,0.13,0.0,0.0
7,1930,3965,3965,98.49,0.0,0.38,1.13,0.13,0.0,0.0
7,1931,3920,3920,99.11,0.0,0.26,0.64,0.13,0.0,0.0
7,1932,3785,3785,98.94,0.0,0.13,0.92,0.0,0.0,0.0
7,1933,3690,3690,98.92,0.0,0.27,0.68,0.27,0.0,0.0
7,1934,3620,3620,99.31,0.0,0.14,0.55,0.0,0.0,0.0
7,1935,3400,3400,99.26,0.0,0.0,0.74,0.0,0.0,0.0
7,1936,3350,3350,99.25,0.0,0.0,0.75,0.0,0.0,0.0
7,1937,3275,3275,99.54,0.0,0.15,0.31,0.0,0.0,0.0
7,1938,3120,3120,99.36,0.0,0.32,0.32,0.0,0.0,0.0
7,1939,3190,3190,99.22,0.0,0.31,0.31,0.16,0.0,0.0
7,1940,3040,3040,99.34,0.0,0.33,0.33,0.0,0.0,0.0
7,1941,3285,3285,99.39,0.0,0.3,0.3,0.0,0.0,0.0
7,1942,3185,3185,99.37,0.0,0.0,0.63,0.0,0.0,0.0
7,1943,3495,3495,99.43,0.0,0.29,0.29,0.0,0.0,0.0
7,1944,3750,3750,99.47,0.0,0.4,0.13,0.0,0.0,0.0
7,1945,3765,3765,99.34,0.0,0.4,0.27,0.0,0.0,0.0
7,1946,4855,4855,98.87,0.1,0.51,0.51,0.0,0.0,0.0
7,1947,4885,4885,98.77,0.1,0.72,0.41,0.0,0.0,0.0
7,1948,4640,4640,99.03,0.22,0.43,0.32,0.11,0.0,0.0
7,1949,4590,4590,99.13,0.22,0.54,0.11,0.11,0.0,0.0
7,1950,4180,4180,98.92,0.36,0.36,0.36,0.12,0.0,0.0
7,1951,3795,3795,98.81,0.26,0.66,0.13,0.13,0.0,0.0
7,1952,3810,3810,98.43,0.52,0.52,0.52,0.13,0.0,0.0
7,1953,3590,3590,98.05,0.84,0.7,0.42,0.0,0.0,0.0
7,1954,3530,3530,98.3,0.71,0.57,0.42,0.14,0.0,0.0
7,1955,3560,3560,98.46,0.84,0.42,0.28,0.14,0.0,0.0
7,1956,3420,3420,98.25,1.02,0.29,0.44,0.15,0.0,0.0
7,1957,3385,3385,98.38,0.74,0.3,0.59,0.44,0.0,0.0
7,1958,3140,3140,97.93,1.27,0.48,0.16,0.48,0.0,0.0
7,1959,3200,3200,98.44,1.09,0.31,0.16,0.16,0.0,0.0
7,1960,2965,2965,98.65,0.67,0.34,0.17,0.51,0.0,0.0
7,1961,2980,2980,97.65,1.68,0.17,0.34,0.5,0.0,0.0
7,1962,2930,2930,97.61,1.37,0.34,0.17,1.19,0.0,0.0
7,1963,3145,3145,97.46,1.43,0.16,0.16,1.43,0.16,0.0
7,1964,3095,3095,98.06,1.45,0.0,0.16,0.48,0.16,0.0
7,1965,2885,2885,97.92,0.87,0.17,0.52,1.04,0.0,0.0
7,1966,2850,2850,97.54,1.4,0.18,0.18,1.23,0.18,0.0
7,1967,2715,2715,96.87,1.29,0.37,0.74,1.66,0.0,0.0
7,1968,3090,3090,96.76,1.13,0.49,1.29,0.81,0.0,0.0
7,1969,2935,2935,94.38,1.53,1.02,2.04,1.53,0.17,0.0
7,1970,2665,2665,94.56,1.88,1.31,1.5,1.13,0.0,0.0
7,1971,2650,2650,94.72,1.89,1.13,1.7,1.32,0.19,0.0
7,1972,2565,2565,94.54,2.14,0.97,1.56,1.56,0.0,0.0
7,1973,2445,2445,91.82,3.27,1.02,2.86,1.64,0.0,0.0
7,1974,2215,2215,92.55,2.48,1.35,2.48,1.35,0.23,0.0
7,1975,1925,1925,89.87,4.16,1.3,3.12,2.08,0.52,0.0
7,1976,1905,1905,88.98,4.99,0.52,4.99,0.79,0.0,0.0
7,1977,1925,1925,87.53,6.49,0.26,4.42,1.56,0.0,0.0
7,1978,1925,1925,87.53,6.23,0.52,4.42,1.82,0.0,0.0
7,1979,2025,2025,86.17,6.67,0.25,5.43,2.22,0.0,0.0
7,1980,2190,2190,85.39,7.08,0.46,6.16,1.37,0.0,0.0
7,1981,2375,2375,84.84,6.74,0.42,5.68,2.53,0.21,0.0
7,1982,2305,2305,84.16,6.94,0.22,7.38,1.52,0.0,0.0
7,1983,2225,2225,81.8,7.42,0.22,8.99,2.02,0.0,0.0
7,1984,2245,2245,82.41,7.57,0.45,8.91,0.67,0.22,0.0
7,1985,2275,2275,79.78,8.35,0.66,10.55,0.88,0.0,0.0
7,1986,2285,2285,80.53,7.44,0.44,10.72,1.09,0.22,0.0
7,1987,2150,2150,78.84,9.3,0.47,9.77,1.63,0.0,0.0
7,1988,2115,2115,78.96,8.98,1.18,10.64,0.95,0.24,0.0
7,1989,2170,2170,77.65,9.22,0.92,12.21,0.23,0.0,0.0
7,1990,2070,2070,73.91,11.11,0.97,13.04,1.21,0.0,0.0
7,1991,2165,2165,72.98,11.09,1.39,13.86,0.92,0.0,0.0
7,1992,2060,2060,72.57,11.41,1.21,13.35,2.18,0.0,0.0
7,1993,1850,1850,72.43,11.08,2.43,13.78,1.08,0.27,0.0
7,1994,2010,2010,72.14,12.94,2.74,11.94,0.5,0.0,0.0
7,1995,2220,2220,70.72,12.61,3.83,12.39,0.9,0.0,0.0
7,1996,2130,2130,69.95,10.56,3.76,15.26,0.94,0.0,0.0
7,1997,1985,1985,73.05,10.83,2.52,13.85,0.25,0.0,0.0
7,1998,2205,2205,69.16,11.11,3.17,16.1,1.59,0.0,0.0
7,1999,2390,2390,67.36,10.67,4.18,16.74,2.09,0.21,0.0
7,2000,2605,2605,66.99,10.75,4.41,16.51,2.11,0.19,0.0
7,2001,2610,2610,66.09,9.77,5.94,17.05,2.68,0.19,0.0
7,2002,2670,2670,59.18,10.11,6.37,22.28,3.75,0.19,0.0
7,2003,2440,2440,60.66,9.63,6.35,21.52,3.48,0.2,0.0
7,2004,2210,2210,55.88,8.6,7.01,25.11,5.43,0.45,0.0
7,2005,2605,2605,57.77,7.29,8.45,24.18,5.76,0.19,0.0
7,2006,2950,2950,52.88,5.76,11.02,25.76,7.63,0.34,0.17
7,2007,2670,2670,52.62,7.12,10.3,26.03,6.55,0.19,0.37
7,2008,2415,2415,50.93,5.38,10.77,27.33,8.28,0.41,0.21
7,2009,2100,2100,50.24,6.43,13.81,25.95,7.38,0.48,0.24
7,2010,2305,2305,44.9,5.86,13.88,29.93,8.89,0.65,0.43
7,2011,2140,2140,46.5,6.31,12.38,29.21,8.18,1.4,0.47
7,2012,2060,2060,46.12,6.07,14.81,27.67,8.25,0.49,0.49
7,2013,2015,2015,43.42,7.94,12.41,31.76,10.17,0.99,0.25
7,2014,1995,1995,42.11,7.27,13.78,31.83,9.52,0.5,0.5
7,2015,1805,1805,45.15,5.82,16.07,27.7,10.53,0.55,0.55
7,2016,1575,1575,45.4,6.35,14.6,28.89,8.57,0.63,0.32
7,2017,1565,1565,44.41,6.07,13.74,29.71,10.54,0.64,0.64
7,2018,1480,1480,45.27,6.42,13.51,30.07,9.46,0.68,0.34
7,2019,1380,1380,40.22,4.35,16.3,31.88,14.13,1.09,0.0
7,2020,1305,1305,45.21,4.21,13.79,28.35,11.11,0.77,0.38
7,2021,1255,1255,41.43,5.18,13.55,33.86,12.75,0.8,0.4
7,2022,740,740,38.51,7.43,15.54,34.46,7.43,0.68,0.68
7,2023,565,565,39.82,5.31,10.62,35.4,12.39,0.88,0.0
7,2024,540,540,40.74,4.63,15.74,32.41,12.04,0.93,0.93
8,1900,2640,2640,98.86,0.0,0.0,1.14,0.0,0.0,0.0
8,1901,3000,3000,98.5,0.0,0.0,1.5,0.0,0.0,0.0
8,1902,3210,3210,98.44,0.0,0.16,1.4,0.0,0.0,0.0
8,1903,3085,3085,98.54,0.0,0.0,1.46,0.0,0.0,0.0
8,1904,3145,3145,98.89,0.0,0.0,1.11,0.0,0.0,0.0
8,1905,3305,3305,98.34,0.0,0.0,1.51,0.15,0.0,0.0
8,1906,3465,3465,99.13,0.0,0.0,0.87,0.0,0.0,0.0
8,1907,3595,3595,98.33,0.0,0.0,1.67,0.0,0.0,0.0
8,1908,3630,3630,99.04,0.0,0.0,0.96,0.0,0.0,0.0
8,1909,3805,3805,98.95,0.0,0.0,0.92,0.13,0.0,0.0
8,1910,3580,3580,98.88,0.0,0.0,1.12,0.0,0.0,0.0
8,1911,3675,3675,98.91,0.0,0.14,0.95,0.14,0.0,0.0
8,1912,3935,3935,98.6,0.0,0.0,1.4,0.0,0.0,0.0
8,1913,3875,3875,99.23,0.0,0.0,0.65,0.13,0.0,0.0
8,1914,3275,3275,99.24,0.0,0.0,0.76,0.0,0.0,0.0
8,1915,1385,1385,98.92,0.0,0.0,1.08,0.0,0.0,0.0
8,1916,810,810,100.0,0.0,0.0,0.0,0.0,0.0,0.0
8,1917,830,830,98.8,0.0,0.0,1.2,0.0,0.0,0.0
8,1918,825,825,99.39,0.0,0.0,0.61,0.0,0.0,0.0
8,1919,1810,1810,98.62,0.0,0.0,1.38,0.0,0.0,0.0
8,1920,4465,4465,99.1,0.0,0.0,0.9,0.0,0.0,0.0
8,1921,4900,4900,99.29,0.0,0.0,0.61,0.1,0.0,0.0
8,1922,4720,4720,99.26,0.0,0.0,0.74,0.0,0.0,0.0
8,1923,4795,4795,98.85,0.0,0.0,1.15,0.0,0.0,0.0
8,1924,4945,4945,98.89,0.0,0.0,1.11,0.0,0.0,0.0
8,1925,4895,4895,98.47,0.0,0.0,1.43,0.1,0.0,0.0
8,1926,4780,4780,98.74,0.0,0.0,1.26,0.0,0.0,0.0
8,1927,4635,4635,98.71,0.11,0.11,1.08,0.11,0.0,0.0
8,1928,4580,4580,98.91,0.11,0.11,0.76,0.11,0.0,0.11
8,1929,4505,4505,98.78,0.11,0.22,0.89,0.0,0.0,0.0
8,1930,4780,4780,98.64,0.0,0.1,1.26,0.0,0.0,0.0
8,1931,4910,4910,98.68,0.0,0.2,1.02,0.1,0.0,0.0
8,1932,4730,4730,98.73,0.0,0.21,0.95,0.11,0.0,0.0
8,1933,4325,4325,98.61,0.12,0.35,0.92,0.0,0.0,0.0
8,1934,4580,4580,98.25,0.0,0.55,1.2,0.11,0.0,0.0
8,1935,4310,4310,98.49,0.0,0.46,1.04,0.0,0.0,0.0
8,1936,4185,4185,98.45,0.12,0.48,0.96,0.0,0.0,0.0
8,1937,4185,4185,98.81,0.12,0.48,0.6,0.0,0.0,0.0
8,1938,4180,4180,98.33,0.12,0.84,0.72,0.0,0.0,0.0
8,1939,3925,3925,97.71,0.25,0.89,0.89,0.25,0.13,0.0
8,1940,1680,1680,98.21,0.3,1.19,0.3,0.0,0.0,0.0
8,1941,1505,1505,98.01,0.0,1.33,0.66,0.0,0.0,0.0
8,1942,2640,2640,97.92,0.38,1.33,0.38,0.0,0.0,0.0
8,1943,3070,3070,97.72,0.49,1.14,0.65,0.0,0.0,0.0
8,1944,3640,3640,96.57,0.55,1.1,1.79,0.0,0.0,0.0
8,1945,3700,3700,96.89,0.27,1.35,1.49,0.0,0.0,0.0
8,1946,6175,6175,96.44,0.57,1.54,1.3,0.16,0.0,0.0
8,1947,6295,6295,96.98,0.71,1.67,0.48,0.16,0.0,0.0
8,1948,6345,6345,97.32,0.55,1.26,0.71,0.24,0.0,0.0
8,1949,6750,6750,97.11,0.59,1.33,0.81,0.3,0.0,0.0
8,1950,6415,6415,97.04,0.7,1.4,0.7,0.23,0.0,0.0
8,1951,6470,6470,96.99,0.7,1.24,0.85,0.39,0.0,0.0
8,1952,6165,6165,97.16,0.89,1.05,0.81,0.24,0.0,0.0
8,1953,6135,6135,96.98,0.65,1.39,0.73,0.57,0.0,0.0
8,1954,6210,6210,96.78,1.05,0.89,0.89,0.56,0.0,0.0
8,1955,6140,6140,96.58,0.9,1.06,0.98,0.73,0.16,0.0
8,1956,5910,5910,95.85,0.76,1.1,1.78,0.76,0.0,0.0
8,1957,5965,5965,96.48,0.84,1.01,1.09,0.75,0.17,0.0
8,1958,5920,5920,96.2,0.84,0.51,1.6,1.1,0.34,0.0
8,1959,6025,6025,95.02,0.83,0.75,2.16,1.49,0.25,0.0
8,1960,6045,6045,94.46,0.83,0.74,2.56,1.74,0.33,0.0
8,1961,6035,6035,94.53,1.08,0.66,2.49,1.49,0.08,0.0
8,1962,5870,5870,93.87,0.94,0.68,2.64,2.13,0.51,0.0
8,1963,6345,6345,95.27,0.87,0.63,1.97,1.65,0.32,0.0
8,1964,6170,6170,93.52,0.81,0.49,3.16,2.27,0.49,0.0
8,1965,6050,6050,94.79,0.58,0.58,2.07,2.23,0.5,0.0
8,1966,5690,5690,94.82,0.62,0.53,1.93,2.28,0.35,0.0
8,1967,5435,5435,93.47,0.55,0.74,2.67,3.04,0.74,0.0
8,1968,5360,5360,93.1,0.75,0.56,3.17,2.89,0.65,0.0
8,1969,5255,5255,92.48,0.67,0.57,3.04,3.62,0.67,0.0
8,1970,5055,5055,91.2,1.09,0.69,3.86,3.46,0.69,0.0
8,1971,5235,5235,90.07,1.53,0.96,4.39,3.44,0.67,0.0
8,1972,4860,4860,89.61,2.47,0.62,4.12,3.5,0.51,0.0
8,1973,4685,4685,86.55,3.31,0.64,6.19,3.52,0.75,0.0
8,1974,4455,4455,85.07,3.03,0.79,7.3,4.04,0.9,0.0
8,1975,3955,3955,82.93,3.92,0.76,8.22,4.55,0.76,0.0
8,1976,3800,3800,82.37,4.34,0.92,7.63,5.0,0.92,0.0
8,1977,3850,3850,79.74,6.62,0.78,8.31,4.68,0.91,0.0
8,1978,3705,3705,78.14,6.21,0.81,9.58,5.53,1.08,0.0
8,1979,3640,3640,76.51,7.01,0.69,11.68,4.4,0.82,0.0
8,1980,4040,4040,77.23,7.05,0.62,10.64,4.58,0.99,0.0
8,1981,4025,4025,76.89,7.33,0.5,11.3,4.1,0.75,0.0
8,1982,3850,3850,76.36,7.27,0.26,11.69,4.55,0.52,0.0
8,1983,3540,3540,73.87,9.18,0.56,12.99,3.53,0.28,0.0
8,1984,3585,3585,73.92,8.37,0.28,14.23,3.35,0.28,0.0
8,1985,3655,3655,72.37,8.34,0.41,15.32,3.56,0.68,0.0
8,1986,3815,3815,73.53,9.17,0.52,14.02,2.88,0.26,0.0
8,1987,3715,3715,73.08,9.69,0.81,14.13,2.29,0.27,0.0
8,1988,3535,3535,72.42,10.33,0.85,14.71,1.84,0.14,0.0
8,1989,3395,3395,72.46,10.46,1.18,13.7,2.36,0.15,0.0
8,1990,3275,3275,68.85,11.15,0.92,17.4,1.68,0.0,0.0
8,1991,3230,3230,71.83,9.91,1.24,15.17,2.01,0.0,0.0
8,1992,3075,3075,69.92,10.57,2.11,15.93,1.46,0.0,0.0
8,1993,2760,2760,68.12,10.69,3.08,16.3,1.99,0.0,0.0
8,1994,2765,2765,70.16,10.13,3.25,15.73,1.45,0.0,0.0
8,1995,2810,2810,70.28,9.43,3.2,15.3,1.78,0.0,0.0
8,1996,2795,2795,71.38,9.84,3.4,13.95,2.15,0.18,0.0
8,1997,2695,2695,69.94,9.09,3.71,15.96,1.67,0.0,0.0
8,1998,2665,2665,68.67,10.13,3.19,16.51,1.5,0.19,0.0
8,1999,2655,2655,67.61,9.42,4.14,17.14,2.64,0.38,0.0
8,2000,2715,2715,66.48,9.58,4.79,17.31,3.13,0.18,0.0
8,2001,2620,2620,62.21,12.4,4.39,18.51,3.44,0.38,0.0
8,2002,2365,2365,61.73,11.63,5.71,19.03,2.54,0.42,0.0
8,2003,2265,2265,60.04,9.71,6.84,20.97,4.86,0.44,0.0
8,2004,2135,2135,54.8,7.73,9.13,24.82,6.09,0.23,0.0
8,2005,2085,2085,51.8,7.19,9.83,28.54,5.52,0.24,0.24
8,2006,2015,2015,52.61,8.68,8.44,26.05,7.69,0.25,0.0
8,2007,2080,2080,50.0,8.41,9.13,26.68,9.13,0.48,0.24
8,2008,2005,2005,50.87,6.73,10.47,27.68,6.48,0.25,0.25
8,2009,1870,1870,44.92,8.82,12.83,27.54,8.29,0.53,0.27
8,2010,1715,1715,42.57,7.0,15.74,28.28,10.2,0.29,0.29
8,2011,1530,1530,42.48,5.56,15.36,29.08,11.11,0.98,0.33
8,2012,1640,1640,44.21,6.71,16.16,27.74,10.06,0.91,0.3
8,2013,1370,1370,45.99,6.93,13.5,27.74,11.68,0.36,0.36
8,2014,1365,1365,46.15,6.23,17.58,24.54,10.62,0.73,0.37
8,2015,1265,1265,46.25,5.53,16.6,26.48,8.3,0.4,0.4
8,2016,1220,1220,46.31,6.97,13.11,25.41,11.89,0.41,0.41
8,2017,1140,1140,47.81,5.7,14.91,26.32,9.65,0.88,0.0
8,2018,1080,1080,45.37,6.02,13.43,30.56,9.26,0.93,0.0
8,2019,1120,1120,41.52,6.25,14.73,30.36,12.95,2.23,0.45
8,2020,1025,1025,41.46,5.85,16.59,29.27,10.24,0.98,0.0
8,2021,1020,1020,44.12,4.41,13.24,30.88,10.78,0.49,0.49
8,2022,955,955,41.88,4.19,17.8,29.32,11.52,1.57,0.52
8,2023,850,850,42.94,4.71,15.29,31.18,10.0,0.59,0.59
8,2024,845,845,43.79,4.73,15.98,26.63,11.24,2.37,0.0
9,1900,1895,1895,98.42,0.0,0.0,1.58,0.0,0.0,0.0
9,1901,2065,2065,97.58,0.0,0.48,1.94,0.0,0.0,0.0
9,1902,2100,2100,98.81,0.0,0.24,0.95,0.0,0.0,0.0
9,1903,2050,2050,98.29,0.0,0.24,1.46,0.0,0.0,0.0
9,1904,2080,2080,99.28,0.0,0.0,0.48,0.24,0.0,0.0
9,1905,1980,1980,98.74,0.0,0.25,1.01,0.0,0.0,0.0
9,1906,2125,2125,98.59,0.0,0.47,0.94,0.0,0.0,0.0
9,1907,2020,2020,99.26,0.0,0.25,0.5,0.0,0.0,0.0
9,1908,2140,2140,99.07,0.0,0.23,0.7,0.0,0.0,0.0
9,1909,2000,2000,98.5,0.0,0.25,1.25,0.0,0.0,0.0
9,1910,2210,2210,98.87,0.0,0.23,0.9,0.0,0.0,0.0
9,1911,1885,1885,98.41,0.0,0.0,1.59,0.0,0.0,0.0
9,1912,1905,1905,99.74,0.0,0.0,0.26,0.0,0.0,0.0
9,1913,1970,1970,99.24,0.0,0.0,0.76,0.0,0.0,0.0
9,1914,2005,2005,99.25,0.0,0.0,0.75,0.0,0.0,0.0
9,1915,1185,1185,98.73,0.0,0.0,1.27,0.0,0.0,0.0
9,1916,730,730,100.0,0.0,0.0,0.0,0.0,0.0,0.0
9,1917,790,790,98.73,0.0,0.0,1.27,0.0,0.0,0.0
9,1918,1055,1055,99.53,0.0,0.0,0.47,0.0,0.0,0.0
9,1919,1075,1075,99.53,0.0,0.0,0.47,0.0,0.0,0.0
9,1920,2245,2245,99.78,0.0,0.0,0.22,0.0,0.0,0.0
9,1921,2210,2210,99.77,0.0,0.0,0.23,0.0,0.0,0.0
9,1922,1970,1970,100.0,0.0,0.0,0.0,0.0,0.0,0.0
9,1923,1960,1960,99.23,0.0,0.26,0.51,0.0,0.0,0.0
9,1924,1910,1910,100.0,0.0,0.0,0.0,0.0,0.0,0.0
9,1925,1930,1930,99.74,0.0,0.0,0.26,0.0,0.0,0.0
9,1926,1820,1820,99.45,0.0,0.0,0.55,0.0,0.0,0.0
9,1927,1820,1820,99.45,0.0,0.0,0.55,0.0,0.0,0.0
9,1928,1850,1850,99.46,0.0,0.0,0.54,0.0,0.0,0.0
9,1929,1860,1860,99.46,0.0,0.0,0.54,0.0,0.0,0.0
9,1930,1895,1895,99.21,0.0,0.0,0.79,0.0,0.0,0.0
9,1931,1655,1655,99.4,0.0,0.0,0.6,0.0,0.0,0.0
9,1932,1680,1680,99.7,0.0,0.0,0.3,0.0,0.0,0.0
9,1933,1530,1530,100.0,0.0,0.0,0.0,0.0,0.0,0.0
9,1934,1550,1550,99.68,0.0,0.0,0.32,0.0,0.0,0.0
9,1935,1460,1460,99.66,0.0,0.0,0.34,0.0,0.0,0.0
9,1936,1505,1505,100.0,0.0,0.0,0.0,0.0,0.0,0.0
9,1937,1315,1315,99.62,0.0,0.0,0.38,0.0,0.0,0.0
9,1938,1385,1385,100.0,0.0,0.0,0.0,0.0,0.0,0.0
9,1939,1290,1290,99.61,0.0,0.0,0.39,0.0,0.0,0.0
9,1940,1245,1245,100.0,0.0,0.0,0.0,0.0,0.0,0.0
9,1941,1285,1285,99.22,0.0,0.0,0.78,0.0,0.0,0.0
9,1942,1410,1410,99.65,0.0,0.0,0.35,0.0,0.0,0.0
9,1943,1715,1715,99.42,0.0,0.0,0.58,0.0,0.0,0.0
9,1944,1740,1740,100.0,0.0,0.0,0.0,0.0,0.0,0.0
9,1945,1485,1485,99.33,0.0,0.0,0.67,0.0,0.0,0.0
9,1946,2200,2200,98.86,0.23,0.0,0.91,0.0,0.0,0.0
9,1947,2220,2220,98.87,0.23,0.0,0.9,0.0,0.0,0.0
9,1948,2245,2245,98.89,0.22,0.0,0.89,0.0,0.0,0.0
9,1949,2070,2070,98.55,0.24,0.24,0.97,0.24,0.0,0.0
9,1950,2090,2090,98.8,0.48,0.0,0.72,0.0,0.0,0.0
9,1951,2020,2020,98.76,0.74,0.0,0.5,0.0,0.0,0.0
9,1952,1935,1935,98.45,1.03,0.0,0.52,0.0,0.0,0.0
9,1953,1845,1845,98.64,0.81,0.0,0.54,0.0,0.0,0.0
9,1954,1865,1865,98.93,0.8,0.0,0.27,0.0,0.0,0.0
9,1955,1780,1780,98.03,1.69,0.0,0.28,0.28,0.0,0.0
9,1956,1770,1770,98.31,1.13,0.0,0.56,0.28,0.0,0.0
9,1957,1780,1780,97.75,1.4,0.0,0.84,0.28,0.0,0.0
9,1958,1735,1735,97.12,1.73,0.0,0.86,0.58,0.0,0.0
9,1959,1765,1765,97.45,1.98,0.0,0.57,0.28,0.0,0.0
9,1960,1735,1735,97.12,2.02,0.0,0.58,0.29,0.0,0.0
9,1961,1665,1665,97.0,1.8,0.0,0.9,0.6,0.0,0.0
9,1962,1640,1640,97.87,1.22,0.0,0.91,0.61,0.0,0.0
9,1963,1595,1595,97.81,1.25,0.0,0.63,0.63,0.0,0.0
9,1964,1655,1655,97.89,1.21,0.0,0.6,0.6,0.0,0.0
9,1965,1555,1555,97.75,1.61,0.0,0.32,0.64,0.32,0.0
9,1966,1475,1475,97.97,1.69,0.0,0.0,1.02,0.0,0.0
9,1967,1435,1435,98.61,0.7,0.0,0.0,1.39,0.35,0.0
9,1968,1515,1515,96.37,1.32,0.0,0.66,2.31,0.0,0.0
9,1969,1355,1355,96.68,1.11,0.0,1.11,1.85,0.0,0.0
9,1970,1305,1305,96.93,1.53,0.0,0.77,1.53,0.0,0.0
9,1971,1360,1360,95.96,1.84,0.0,1.1,1.84,0.0,0.0
9,1972,1275,1275,93.33,2.75,1.18,1.96,1.18,0.0,0.0
9,1973,1135,1135,95.15,2.64,0.44,1.76,0.44,0.0,0.0
9,1974,1075,1075,92.56,4.19,0.93,1.4,1.86,0.0,0.0
9,1975,865,865,93.64,2.89,0.58,2.89,1.16,0.0,0.0
9,1976,840,840,91.07,4.17,0.6,3.57,1.19,0.0,0.0
9,1977,875,875,91.43,5.14,0.57,2.29,1.14,0.0,0.0
9,1978,780,780,85.26,4.49,1.92,7.05,2.56,0.0,0.0
9,1979,850,850,91.18,5.29,0.0,2.35,1.76,0.0,0.0
9,1980,885,885,88.7,6.21,0.0,3.39,2.26,0.0,0.0
9,1981,925,925,85.95,8.11,0.0,4.32,2.16,0.0,0.0
9,1982,910,910,87.36,7.14,0.0,5.49,1.1,0.0,0.0
9,1983,825,825,83.03,7.88,0.61,6.67,2.42,0.61,0.0
9,1984,840,840,81.55,8.93,0.6,6.55,2.98,0.6,0.0
9,1985,885,885,80.79,10.73,0.0,7.91,1.13,0.0,0.0
9,1986,900,900,83.33,8.33,0.0,7.22,1.67,0.56,0.0
9,1987,865,865,80.35,9.83,0.0,8.67,1.16,0.0,0.0
9,1988,925,925,81.62,10.81,0.54,7.03,0.54,0.0,0.0
9,1989,840,840,80.36,8.93,0.0,9.52,1.19,0.0,0.0
9,1990,835,835,77.25,8.98,1.8,11.98,0.6,0.0,0.0
9,1991,875,875,79.43,9.71,0.57,9.14,1.14,0.0,0.0
9,1992,840,840,72.02,13.69,0.0,13.69,1.19,0.0,0.0
9,1993,735,735,70.75,13.61,0.68,14.29,0.68,0.0,0.0
9,1994,745,745,72.48,12.08,0.67,14.09,1.34,0.0,0.0
9,1995,825,825,75.76,9.7,1.82,11.52,1.82,0.0,0.0
9,1996,770,770,73.38,10.39,1.3,14.94,1.95,0.0,0.0
9,1997,740,740,77.7,11.49,2.7,7.43,0.68,0.0,0.0
9,1998,820,820,73.17,10.98,0.61,14.02,1.22,0.0,0.0
9,1999,665,665,70.68,14.29,3.01,10.53,1.5,0.0,0.75
9,2000,760,760,71.71,11.18,3.29,12.5,1.97,0.0,0.0
9,2001,770,770,70.13,12.34,4.55,13.64,0.65,0.0,0.0
9,2002,695,695,63.31,15.11,5.04,15.83,2.16,0.0,0.0
9,2003,760,760,64.47,9.87,6.58,17.76,2.63,0.0,0.0
9,2004,785,785,56.05,10.19,7.01,24.84,4.46,0.0,0.0
9,2005,630,630,57.94,10.32,7.94,23.81,3.97,0.0,0.0
9,2006,805,805,52.17,8.7,9.94,27.33,5.59,0.0,0.0
9,2007,790,790,50.63,8.86,12.03,25.95,6.33,0.0,0.63
9,2008,690,690,51.45,9.42,10.14,26.81,4.35,0.0,0.72
9,2009,695,695,46.04,9.35,13.67,27.34,7.19,0.72,0.0
9,2010,770,770,47.4,8.44,11.69,25.97,9.09,0.0,0.65
9,2011,650,650,44.62,8.46,10.0,32.31,7.69,0.0,0.77
9,2012,680,680,50.74,5.88,9.56,29.41,5.15,0.0,1.47
9,2013,590,590,44.92,7.63,14.41,30.51,6.78,0.0,0.0
9,2014,655,655,38.17,6.11,17.56,35.11,9.16,0.76,0.76
9,2015,580,580,47.41,5.17,12.07,31.03,9.48,0.86,0.0
9,2016,525,525,39.05,8.57,11.43,35.24,12.38,0.0,1.9
9,2017,515,515,46.6,3.88,15.53,33.01,6.8,0.97,0.0
9,2018,505,505,43.56,4.95,13.86,35.64,9.9,0.99,0.0
9,2019,490,490,48.98,7.14,11.22,28.57,9.18,0.0,0.0
9,2020,525,525,42.86,9.52,16.19,27.62,7.62,0.95,0.0
9,2021,560,560,44.64,4.46,13.39,33.93,7.14,0.0,1.79
9,2022,525,525,44.76,5.71,14.29,28.57,10.48,1.9,0.95
9,2023,390,390,42.31,7.69,19.23,30.77,8.97,1.28,0.0
9,2024,360,360,45.83,4.17,9.72,37.5,8.33,0.0,0.0
10,1900,1890,1890,99.21,0.0,0.0,0.79,0.0,0.0,0.0
10,1901,2135,2135,99.3,0.0,0.0,0.7,0.0,0.0,0.0
10,1902,2235,2235,99.11,0.0,0.0,0.89,0.0,0.0,0.0
10,1903,2185,2185,99.31,0.0,0.0,0.69,0.0,0.0,0.0
10,1904,2260,2260,99.34,0.0,0.0,0.66,0.0,0.0,0.0
10,1905,2205,2205,99.32,0.0,0.23,0.45,0.0,0.0,0.0
10,1906,2280,2280,99.34,0.0,0.0,0.66,0.0,0.0,0.0
10,1907,2390,2390,99.58,0.0,0.0,0.42,0.0,0.0,0.0
10,1908,2550,2550,99.22,0.0,0.0,0.78,0.0,0.0,0.0
10,1909,2505,2505,98.6,0.0,0.0,1.4,0.0,0.0,0.0
10,1910,2600,2600,98.85,0.0,0.19,0.96,0.0,0.0,0.0
10,1911,2395,2395,99.58,0.0,0.0,0.42,0.0,0.0,0.0
10,1912,2565,2565,99.61,0.0,0.0,0.39,0.0,0.0,0.0
10,1913,2625,2625,99.43,0.0,0.0,0.38,0.19,0.0,0.0
10,1914,2730,2730,99.27,0.0,0.0,0.73,0.0,0.0,0.0
10,1915,1835,1835,99.18,0.0,0.0,0.82,0.0,0.0,0.0
10,1916,1650,1650,99.39,0.0,0.0,0.61,0.0,0.0,0.0
10,1917,1830,1830,99.73,0.0,0.0,0.27,0.0,0.0,0.0
10,1918,2295,2295,99.35,0.0,0.0,0.65,0.0,0.0,0.0
10,1919,2105,2105,99.76,0.0,0.0,0.24,0.0,0.0,0.0
10,1920,3315,3315,99.55,0.0,0.0,0.45,0.0,0.0,0.0
10,1921,3185,3185,99.22,0.0,0.0,0.78,0.0,0.0,0.0
10,1922,3190,3190,99.22,0.0,0.0,0.78,0.0,0.0,0.0
10,1923,3255,3255,99.23,0.0,0.0,0.77,0.0,0.0,0.0
10,1924,3190,3190,99.22,0.0,0.0,0.78,0.0,0.0,0.0
10,1925,3265,3265,98.77,0.0,0.0,1.23,0.0,0.0,0.0
10,1926,3450,3450,98.26,0.0,0.14,1.59,0.14,0.0,0.0
10,1927,3440,3440,98.84,0.0,0.0,1.16,0.0,0.0,0.0
10,1928,3455,3455,98.55,0.0,0.0,1.45,0.0,0.0,0.0
10,1929,3430,3430,98.4,0.0,0.15,1.46,0.0,0.0,0.0
10,1930,3650,3650,98.49,0.0,0.14,1.37,0.0,0.0,0.0
10,1931,3575,3575,98.18,0.0,0.28,1.54,0.14,0.0,0.0
10,1932,3440,3440,97.82,0.15,0.29,1.6,0.15,0.0,0.0
10,1933,3255,3255,98.16,0.0,0.31,1.54,0.0,0.0,0.0
10,1934,3455,3455,97.97,0.0,0.29,1.74,0.0,0.0,0.0
10,1935,3295,3295,97.72,0.3,0.76,1.21,0.0,0.0,0.0
10,1936,3155,3155,97.78,0.32,0.63,1.27,0.0,0.0,0.0
10,1937,3240,3240,97.22,0.15,1.08,1.54,0.0,0.0,0.0
10,1938,3190,3190,96.71,0.16,1.41,1.72,0.0,0.0,0.0
10,1939,3175,3175,97.64,0.16,1.26,0.94,0.0,0.0,0.0
10,1940,2965,2965,97.64,0.0,1.52,0.84,0.0,0.0,0.0
10,1941,2725,2725,97.06,0.37,1.65,0.92,0.18,0.0,0.0
10,1942,2990,2990,96.32,0.17,2.01,1.34,0.17,0.0,0.0
10,1943,3055,3055,97.22,0.16,1.47,0.98,0.16,0.0,0.0
10,1944,3450,3450,96.67,0.43,1.74,1.01,0.14,0.0,0.0
10,1945,3300,3300,96.97,0.3,1.52,1.06,0.15,0.0,0.0
10,1946,5210,5210,95.59,0.58,2.3,1.25,0.29,0.0,0.0
10,1947,5170,5170,96.71,0.39,1.74,0.97,0.29,0.0,0.0
10,1948,5080,5080,96.36,0.3,1.77,1.48,0.1,0.0,0.0
10,1949,5160,5160,96.71,0.58,1.36,1.16,0.19,0.0,0.0
10,1950,5085,5085,96.26,0.88,1.67,1.08,0.1,0.0,0.0
10,1951,4905,4905,96.84,0.71,1.53,0.92,0.0,0.0,0.0
10,1952,4680,4680,96.47,0.85,1.18,1.28,0.43,0.0,0.0
10,1953,4640,4640,97.63,0.65,1.08,0.65,0.0,0.0,0.0
10,1954,4690,4690,96.8,0.85,1.17,0.96,0.43,0.0,0.0
10,1955,4595,4595,96.74,0.98,1.09,0.87,0.44,0.0,0.0
10,1956,4340,4340,96.89,1.04,0.92,1.04,0.23,0.0,0.0
10,1957,4430,4430,97.18,1.02,0.9,0.79,0.11,0.0,0.0
10,1958,4495,4495,97.11,0.89,0.89,1.0,0.33,0.0,0.0
10,1959,4365,4365,98.4,0.8,0.11,0.69,0.0,0.0,0.0
10,1960,4370,4370,97.37,1.26,0.46,0.8,0.11,0.0,0.0
10,1961,4475,4475,97.99,0.67,0.56,0.56,0.34,0.0,0.0
10,1962,4440,4440,97.64,1.24,0.34,0.34,0.56,0.0,0.0
10,1963,4545,4545,98.02,0.66,0.44,0.44,0.66,0.0,0.0
10,1964,4745,4745,97.89,0.63,0.42,0.63,0.53,0.11,0.0
10,1965,4640,4640,97.95,0.65,0.22,0.75,0.65,0.11,0.0
10,1966,4495,4495,97.89,0.56,0.44,0.78,0.56,0.11,0.0
10,1967,4345,4345,96.32,0.69,1.04,1.38,0.92,0.0,0.0
10,1968,4585,4585,96.4,0.55,0.76,1.85,0.65,0.11,0.0
10,1969,4395,4395,94.08,1.37,1.02,2.5,1.25,0.23,0.0
10,1970,4460,4460,93.16,1.35,1.46,3.03,1.12,0.11,0.0
10,1971,4625,4625,93.62,1.84,0.86,2.92,0.86,0.0,0.0
10,1972,4500,4500,90.0,2.67,0.78,5.33,1.56,0.11,0.0
10,1973,4280,4280,89.25,3.39,0.93,5.37,1.29,0.23,0.0
10,1974,3970,3970,88.54,3.27,0.76,6.3,1.39,0.25,0.0
10,1975,3625,3625,84.97,5.1,0.55,7.59,2.07,0.0,0.0
10,1976,3500,3500,85.14,5.71,1.0,7.0,1.29,0.0,0.0
10,1977,3280,3280,83.84,6.4,0.46,6.86,2.59,0.15,0.0
10,1978,3440,3440,81.69,7.27,0.73,8.43,2.03,0.0,0.0
10,1979,3325,3325,80.45,7.07,0.45,9.62,2.56,0.15,0.0
10,1980,3585,3585,82.43,6.69,0.42,8.37,2.37,0.28,0.0
10,1981,3525,3525,79.86,8.09,0.43,10.07,1.7,0.28,0.0
10,1982,3370,3370,80.27,7.12,0.3,9.79,2.67,0.15,0.0
10,1983,3070,3070,80.62,6.84,0.33,9.93,2.61,0.0,0.0
10,1984,3275,3275,77.86,8.09,0.15,11.91,2.14,0.0,0.0
10,1985,3155,3155,77.34,7.92,0.32,12.84,1.58,0.0,0.0
10,1986,3435,3435,77.29,8.88,0.44,11.64,1.89,0.44,0.0
10,1987,3285,3285,77.78,7.46,0.76,12.94,1.22,0.0,0.0
10,1988,3100,3100,74.84,10.81,0.81,11.94,1.61,0.0,0.0
10,1989,3085,3085,72.93,11.18,1.3,13.13,1.62,0.0,0.0
10,1990,3150,3150,73.49,10.48,1.9,11.75,2.7,0.16,0.0
10,1991,2990,2990,72.07,8.86,1.67,15.89,1.51,0.17,0.17
10,1992,2985,2985,71.19,10.55,2.35,13.9,2.35,0.34,0.17
10,1993,2885,2885,70.36,10.57,2.43,14.56,2.43,0.0,0.0
10,1994,2765,2765,70.16,9.95,3.07,14.83,1.81,0.18,0.36
10,1995,2800,2800,71.07,9.46,2.68,15.54,1.43,0.0,0.0
10,1996,2795,2795,72.99,8.05,2.68,15.74,0.72,0.0,0.0
10,1997,2760,2760,71.92,8.33,3.26,15.22,1.45,0.0,0.18
10,1998,2655,2655,68.93,9.6,3.95,16.2,2.45,0.19,0.0
10,1999,2590,2590,70.08,9.65,3.28,15.64,1.74,0.19,0.19
10,2000,2675,2675,70.47,9.53,3.36,15.33,2.43,0.0,0.0
10,2001,2440,2440,66.6,10.04,4.71,16.6,3.07,0.41,0.0
10,2002,2375,2375,64.0,8.42,5.89,18.32,4.0,0.21,0.0
10,2003,2430,2430,61.73,8.85,5.35,20.16,5.76,0.62,0.0
10,2004,2410,2410,54.36,9.75,6.22,25.31,6.43,0.41,0.21
10,2005,2430,2430,55.14,7.2,7.61,24.49,8.02,0.41,0.0
10,2006,2395,2395,52.61,7.72,9.39,25.26,8.56,0.42,0.21
10,2007,2285,2285,51.42,7.22,8.75,24.95,9.85,0.22,0.22
10,2008,2400,2400,48.75,6.25,10.42,27.08,10.42,0.62,0.42
10,2009,2365,2365,48.41,5.92,12.05,25.37,12.05,0.63,0.0
10,2010,2390,2390,46.86,6.28,11.3,26.99,11.72,0.84,0.42
10,2011,2165,2165,47.11,5.54,11.32,27.71,12.47,0.23,0.23
10,2012,2100,2100,44.52,6.19,12.62,28.1,13.81,0.48,0.48
10,2013,2110,2110,42.65,6.87,12.32,28.2,15.4,0.95,0.24
10,2014,1910,1910,46.86,6.54,13.61,24.08,13.87,1.05,0.52
10,2015,2060,2060,43.93,5.58,13.35,25.24,17.23,0.97,0.49
10,2016,1925,1925,43.64,5.97,12.73,24.94,17.4,1.56,0.26
10,2017,1615,1615,42.41,5.26,13.0,27.86,17.34,1.86,0.62
10,2018,1650,1650,45.45,5.45,12.73,25.45,15.15,2.12,0.3
10,2019,1595,1595,41.07,4.7,12.85,25.71,21.0,2.19,0.31
10,2020,1560,1560,41.99,5.77,15.38,24.68,17.95,1.92,0.0
10,2021,1490,1490,37.58,4.7,15.77,28.19,19.13,1.68,0.0
10,2022,1595,1595,43.26,3.76,16.61,23.82,17.87,2.19,0.31
10,2023,1365,1365,39.56,4.76,12.09,28.57,22.34,1.47,0.0
10,2024,1150,1150,43.04,4.78,14.78,25.65,17.83,2.17,0.0
11,1900,2830,2830,99.82,0.0,0.0,0.18,0.0,0.0,0.0
11,1901,3380,3380,99.56,0.0,0.15,0.3,0.0,0.0,0.0
11,1902,3245,3245,99.38,0.0,0.31,0.31,0.0,0.0,0.0
11,1903,3160,3160,99.53,0.0,0.0,0.47,0.0,0.0,0.0
11,1904,3150,3150,99.21,0.0,0.0,0.79,0.0,0.0,0.0
11,1905,3425,3425,99.42,0.15,0.15,0.29,0.0,0.0,0.0
11,1906,3490,3490,99.86,0.0,0.0,0.14,0.0,0.0,0.0
11,1907,3185,3185,99.53,0.0,0.0,0.47,0.0,0.0,0.0
11,1908,3395,3395,99.71,0.0,0.0,0.29,0.0,0.0,0.0
11,1909,3335,3335,99.7,0.0,0.0,0.3,0.0,0.0,0.0
11,1910,3280,3280,99.7,0.0,0.0,0.3,0.0,0.0,0.0
11,1911,3005,3005,99.83,0.0,0.0,0.17,0.0,0.0,0.0
11,1912,3310,3310,99.55,0.0,0.0,0.45,0.0,0.0,0.0
11,1913,3330,3330,99.4,0.0,0.0,0.6,0.0,0.0,0.0
11,1914,3280,3280,99.7,0.0,0.0,0.3,0.0,0.0,0.0
11,1915,1920,1920,99.48,0.0,0.0,0.52,0.0,0.0,0.0
11,1916,1205,1205,98.76,0.0,0.0,1.24,0.0,0.0,0.0
11,1917,1475,1475,99.32,0.0,0.0,0.68,0.0,0.0,0.0
11,1918,1940,1940,99.23,0.0,0.0,0.77,0.0,0.0,0.0
11,1919,2185,2185,99.31,0.0,0.0,0.69,0.0,0.0,0.0
11,1920,4335,4335,98.96,0.0,0.0,1.04,0.0,0.0,0.0
11,1921,4420,4420,99.1,0.0,0.0,0.79,0.11,0.0,0.0
11,1922,3890,3890,99.23,0.0,0.0,0.77,0.0,0.0,0.0
11,1923,3765,3765,99.2,0.0,0.0,0.8,0.0,0.0,0.0
11,1924,3815,3815,98.95,0.0,0.0,1.05,0.0,0.0,0.0
11,1925,3790,3790,98.42,0.0,0.0,1.58,0.0,0.0,0.0
11,1926,3580,3580,99.16,0.0,0.0,0.84,0.0,0.0,0.0
11,1927,3555,3555,99.16,0.0,0.0,0.84,0.0,0.0,0.0
11,1928,3725,3725,99.19,0.0,0.13,0.67,0.0,0.0,0.0
11,1929,3910,3910,98.59,0.0,0.0,1.41,0.0,0.0,0.0
11,1930,3955,3955,98.86,0.0,0.0,1.14,0.0,0.0,0.0
11,1931,3730,3730,98.26,0.0,0.0,1.74,0.0,0.0,0.0
11,1932,3780,3780,98.54,0.0,0.0,1.46,0.0,0.0,0.0
11,1933,3525,3525,98.72,0.0,0.0,1.28,0.0,0.0,0.0
11,1934,3490,3490,99.0,0.0,0.0,1.0,0.0,0.0,0.0
11,1935,3315,3315,98.49,0.0,0.0,1.51,0.0,0.0,0.0
11,1936,2950,2950,98.98,0.0,0.17,0.85,0.0,0.0,0.0
11,1937,2905,2905,99.14,0.0,0.34,0.52,0.0,0.0,0.0
11,1938,2820,2820,98.94,0.0,0.18,0.89,0.0,0.0,0.0
11,1939,2825,2825,99.12,0.0,0.18,0.71,0.0,0.0,0.0
11,1940,2525,2525,99.41,0.0,0.0,0.59,0.0,0.0,0.0
11,1941,2750,2750,99.27,0.0,0.0,0.73,0.0,0.0,0.0
11,1942,3125,3125,99.2,0.0,0.0,0.8,0.0,0.0,0.0
11,1943,3585,3585,99.02,0.14,0.14,0.7,0.0,0.0,0.0
11,1944,3260,3260,99.08,0.0,0.15,0.77,0.0,0.0,0.0
11,1945,3385,3385,99.41,0.0,0.0,0.59,0.15,0.0,0.0
11,1946,4815,4815,99.38,0.1,0.1,0.42,0.0,0.0,0.0
11,1947,4860,4860,99.38,0.1,0.1,0.31,0.1,0.0,0.0
11,1948,4770,4770,98.95,0.21,0.21,0.52,0.1,0.0,0.0
11,1949,4580,4580,99.02,0.11,0.33,0.55,0.11,0.0,0.0
11,1950,4455,4455,98.88,0.22,0.11,0.79,0.0,0.0,0.0
11,1951,4110,4110,98.66,0.24,0.24,0.85,0.0,0.0,0.0
11,1952,4050,4050,98.89,0.37,0.12,0.62,0.12,0.0,0.0
11,1953,3845,3845,98.7,0.52,0.13,0.65,0.13,0.0,0.0
11,1954,3850,3850,98.18,0.78,0.26,0.78,0.13,0.0,0.0
11,1955,3590,3590,97.77,1.53,0.0,0.7,0.14,0.0,0.0
11,1956,3425,3425,98.1,1.31,0.0,0.44,0.44,0.0,0.0
11,1957,3515,3515,97.58,1.42,0.28,0.71,0.28,0.0,0.0
11,1958,3430,3430,97.81,1.31,0.0,0.87,0.15,0.0,0.0
11,1959,3305,3305,96.52,1.51,0.0,1.51,0.76,0.15,0.0
11,1960,3325,3325,96.84,1.8,0.15,1.05,0.3,0.0,0.0
11,1961,3430,3430,96.5,1.6,0.0,1.31,1.02,0.0,0.0
11,1962,3510,3510,96.87,1.71,0.0,1.0,0.85,0.14,0.0
11,1963,3565,3565,97.05,1.26,0.0,0.84,1.26,0.14,0.0
11,1964,3765,3765,96.28,1.2,0.0,1.33,1.73,0.4,0.0
11,1965,3645,3645,96.57,0.82,0.0,1.1,1.92,0.27,0.0
11,1966,3720,3720,96.1,1.08,0.0,1.34,2.02,0.54,0.0
11,1967,3425,3425,95.62,0.73,0.0,1.61,2.77,0.44,0.0
11,1968,3345,3345,94.62,1.05,0.0,1.94,2.99,0.45,0.0
11,1969,3345,3345,94.77,0.6,0.0,2.24,2.84,0.45,0.0
11,1970,3290,3290,94.22,1.37,0.3,1.37,3.5,0.91,0.0
11,1971,3400,3400,94.56,1.32,0.15,2.06,2.35,0.29,0.0
11,1972,3160,3160,94.46,1.58,0.32,2.06,2.06,0.16,0.0
11,1973,2960,2960,93.58,2.36,0.17,1.52,3.04,0.51,0.0
11,1974,2685,2685,93.11,2.42,0.0,2.42,2.61,0.19,0.0
11,1975,2410,2410,91.49,3.94,0.0,2.28,2.7,0.21,0.0
11,1976,2310,2310,90.48,4.33,0.0,3.46,1.95,0.0,0.0
11,1977,2435,2435,89.53,5.54,0.41,2.67,2.26,0.0,0.0
11,1978,2460,2460,88.01,5.49,0.41,4.07,2.64,0.2,0.0
11,1979,2565,2565,87.13,6.04,0.0,4.68,2.34,0.19,0.0
11,1980,2830,2830,86.04,6.01,0.35,6.18,1.77,0.0,0.0
11,1981,2670,2670,83.52,6.74,0.19,6.93,2.81,0.56,0.0
11,1982,2615,2615,85.28,6.5,0.19,6.5,1.91,0.19,0.0
11,1983,2540,2540,82.87,6.89,0.39,8.27,1.77,0.39,0.0
11,1984,2520,2520,81.35,7.54,0.0,9.52,1.79,0.0,0.0
11,1985,2610,2610,79.69,7.28,0.57,9.96,2.87,0.0,0.0
11,1986,2625,2625,81.52,6.67,0.0,10.29,1.71,0.0,0.0
11,1987,2740,2740,77.92,7.12,0.73,12.23,2.19,0.0,0.0
11,1988,2600,2600,76.35,8.46,0.38,12.12,3.08,0.0,0.0
11,1989,2695,2695,74.21,9.83,0.56,12.43,3.15,0.0,0.0
11,1990,2630,2630,73.19,9.89,0.95,12.93,3.42,0.19,0.0
11,1991,2505,2505,73.65,9.78,1.0,12.38,3.39,0.2,0.0
11,1992,2330,2330,74.25,11.16,0.86,11.37,2.58,0.0,0.0
11,1993,2365,2365,70.82,11.21,1.69,13.32,3.38,0.21,0.0
11,1994,2425,2425,72.99,10.1,1.65,12.58,3.3,0.21,0.0
11,1995,2455,2455,71.28,11.0,2.44,13.65,2.85,0.0,0.0
11,1996,2525,2525,71.49,10.1,2.18,14.65,1.98,0.0,0.0
11,1997,2405,2405,69.65,11.23,2.91,14.35,2.08,0.0,0.0
11,1998,2410,2410,69.09,10.79,3.53,15.15,2.9,0.0,0.0
11,1999,2455,2455,67.82,10.39,3.26,15.68,3.46,0.41,0.0
11,2000,2520,2520,65.48,10.71,5.75,15.08,3.57,0.4,0.0
11,2001,2465,2465,64.91,8.92,4.26,16.84,6.49,0.41,0.0
11,2002,2470,2470,61.74,11.13,5.47,17.61,4.66,0.4,0.2
11,2003,2485,2485,58.15,10.46,7.04,19.11,7.85,0.6,0.0
11,2004,2360,2360,57.63,9.32,5.72,22.46,8.69,0.64,0.0
11,2005,2440,2440,56.56,7.58,8.2,22.34,8.4,0.61,0.0
11,2006,2525,2525,53.86,8.32,8.32,23.96,8.51,0.59,0.2
11,2007,2470,2470,50.81,7.49,10.12,24.9,9.51,0.4,0.61
11,2008,2450,2450,50.2,6.33,11.02,24.9,11.63,0.2,0.2
11,2009,2345,2345,48.83,8.53,11.94,24.31,10.02,0.43,0.21
11,2010,2335,2335,47.97,7.49,11.78,23.55,12.42,0.64,0.21
11,2011,2315,2315,46.87,5.62,11.45,26.35,13.61,1.08,0.86
11,2012,2220,2220,45.72,6.76,11.04,27.93,13.06,0.68,0.45
11,2013,2090,2090,46.41,5.02,13.4,24.64,15.79,1.2,0.48
11,2014,1995,1995,45.11,5.26,12.03,26.57,15.04,1.75,0.5
11,2015,1970,1970,44.16,5.33,13.2,27.41,15.48,1.52,0.25
11,2016,1870,1870,45.19,4.28,12.57,27.81,16.58,0.8,0.27
11,2017,1760,1760,42.61,5.68,12.22,28.69,15.91,1.99,0.28
11,2018,1610,1610,43.17,4.66,14.91,27.95,15.22,1.24,0.31
11,2019,1630,1630,40.49,4.6,11.96,29.75,18.4,1.84,0.31
11,2020,1470,1470,39.8,5.44,12.59,31.63,16.67,1.36,0.0
11,2021,1510,1510,39.07,5.96,16.56,26.49,16.56,1.32,0.33
11,2022,1385,1385,40.07,4.69,13.72,31.77,14.8,0.72,0.36
11,2023,1300,1300,38.08,4.23,16.92,30.0,16.54,1.92,0.38
11,2024,1210,1210,42.15,4.13,13.22,30.58,16.12,1.24,1.24
12,1900,3910,3910,97.7,0.0,0.0,2.3,0.0,0.0,0.0
12,1901,4415,4415,97.28,0.11,0.57,2.04,0.0,0.0,0.0
12,1902,4490,4490,98.0,0.0,0.33,1.56,0.11,0.0,0.0
12,1903,4380,4380,97.72,0.0,0.46,1.83,0.0,0.0,0.0
12,1904,4460,4460,97.42,0.0,0.45,2.13,0.0,0.0,0.0
12,1905,4535,4535,98.24,0.0,0.33,1.43,0.0,0.0,0.0
12,1906,4830,4830,98.03,0.1,0.31,1.55,0.1,0.0,0.0
12,1907,4595,4595,97.93,0.0,0.22,1.85,0.0,0.0,0.0
12,1908,4840,4840,97.42,0.0,0.31,2.27,0.0,0.0,0.0
12,1909,4840,4840,97.93,0.0,0.31,1.76,0.0,0.0,0.0
12,1910,4885,4885,97.65,0.1,0.2,1.94,0.1,0.0,0.0
12,1911,4470,4470,97.43,0.11,0.45,2.01,0.0,0.0,0.0
12,1912,4940,4940,97.47,0.1,0.4,2.02,0.1,0.0,0.0
12,1913,4945,4945,97.67,0.1,0.3,1.92,0.0,0.0,0.0
12,1914,4955,4955,98.08,0.0,0.2,1.72,0.1,0.0,0.0
12,1915,3140,3140,98.25,0.0,0.0,1.75,0.0,0.0,0.0
12,1916,2185,2185,98.63,0.0,0.0,1.37,0.0,0.0,0.0
12,1917,2405,2405,98.13,0.0,0.0,1.87,0.0,0.0,0.0
12,1918,2935,2935,98.64,0.0,0.0,1.36,0.0,0.0,0.0
12,1919,2755,2755,99.09,0.0,0.18,0.73,0.0,0.0,0.0
12,1920,4755,4755,98.84,0.0,0.11,1.05,0.0,0.0,0.0
12,1921,5020,5020,98.8,0.0,0.0,1.2,0.0,0.0,0.0
12,1922,5030,5030,98.61,0.0,0.0,1.39,0.0,0.0,0.0
12,1923,4830,4830,98.55,0.0,0.0,1.45,0.0,0.0,0.0
12,1924,4740,4740,98.95,0.0,0.11,0.95,0.0,0.0,0.0
12,1925,4745,4745,98.52,0.0,0.0,1.48,0.0,0.0,0.0
12,1926,4890,4890,99.08,0.0,0.0,0.92,0.0,0.0,0.0
12,1927,4705,4705,98.62,0.0,0.21,1.17,0.0,0.0,0.0
12,1928,4800,4800,99.06,0.0,0.0,0.94,0.0,0.0,0.0
12,1929,4640,4640,99.03,0.11,0.22,0.65,0.0,0.0,0.0
12,1930,4720,4720,99.47,0.0,0.11,0.42,0.0,0.0,0.0
12,1931,4685,4685,99.15,0.11,0.11,0.64,0.0,0.0,0.0
12,1932,4635,4635,99.35,0.0,0.11,0.54,0.0,0.0,0.0
12,1933,4310,4310,99.3,0.0,0.12,0.58,0.0,0.0,0.0
12,1934,4420,4420,99.43,0.0,0.0,0.57,0.0,0.0,0.0
12,1935,4210,4210,99.17,0.0,0.0,0.83,0.0,0.0,0.0
12,1936,4230,4230,99.53,0.0,0.0,0.47,0.0,0.0,0.0
12,1937,3960,3960,99.24,0.0,0.13,0.63,0.0,0.0,0.0
12,1938,3935,3935,99.49,0.0,0.25,0.25,0.0,0.0,0.0
12,1939,4005,4005,99.75,0.0,0.0,0.25,0.0,0.0,0.0
12,1940,3525,3525,99.86,0.0,0.0,0.14,0.0,0.0,0.0
12,1941,3690,3690,99.73,0.0,0.14,0.14,0.0,0.0,0.0
12,1942,3845,3845,99.87,0.0,0.13,0.0,0.0,0.0,0.0
12,1943,4180,4180,99.64,0.0,0.12,0.24,0.0,0.0,0.0
12,1944,4310,4310,99.54,0.12,0.12,0.23,0.12,0.0,0.0
12,1945,3935,3935,99.36,0.0,0.13,0.51,0.0,0.0,0.0
12,1946,5250,5250,99.24,0.0,0.19,0.48,0.1,0.0,0.0
12,1947,5380,5380,99.44,0.19,0.09,0.19,0.09,0.0,0.0
12,1948,5635,5635,99.47,0.18,0.18,0.18,0.0,0.0,0.0
12,1949,5285,5285,98.96,0.47,0.28,0.28,0.0,0.0,0.0
12,1950,5250,5250,99.14,0.19,0.29,0.38,0.0,0.0,0.0
12,1951,5045,5045,98.81,0.4,0.3,0.5,0.1,0.0,0.0
12,1952,4810,4810,98.54,0.83,0.31,0.31,0.1,0.0,0.0
12,1953,4580,4580,98.58,0.98,0.22,0.22,0.11,0.0,0.0
12,1954,4450,4450,97.75,1.35,0.45,0.34,0.34,0.0,0.0
12,1955,4350,4350,97.82,1.49,0.34,0.34,0.34,0.0,0.0
12,1956,4315,4315,97.68,1.39,0.23,0.58,0.46,0.0,0.0
12,1957,4260,4260,97.89,1.41,0.47,0.23,0.23,0.0,0.0
12,1958,4045,4045,97.9,1.36,0.37,0.25,0.49,0.0,0.0
12,1959,4035,4035,97.65,1.36,0.25,0.74,0.37,0.0,0.0
12,1960,4080,4080,97.3,1.72,0.37,0.49,0.61,0.0,0.0
12,1961,4040,4040,97.65,1.36,0.37,0.62,0.5,0.0,0.0
12,1962,4015,4015,96.76,1.62,0.12,1.0,1.0,0.37,0.0
12,1963,3925,3925,97.32,1.4,0.38,0.76,0.64,0.0,0.0
12,1964,3950,3950,97.72,1.39,0.13,0.63,0.89,0.0,0.0
12,1965,3870,3870,97.8,1.29,0.26,0.52,0.52,0.0,0.0
12,1966,3850,3850,97.66,1.3,0.26,0.78,0.52,0.0,0.0
12,1967,3640,3640,98.08,0.69,0.27,0.69,1.37,0.0,0.0
12,1968,3405,3405,97.94,0.73,0.15,1.03,0.73,0.0,0.0
12,1969,3435,3435,96.8,1.16,0.44,1.46,0.87,0.0,0.0
12,1970,3330,3330,96.85,1.2,0.75,1.05,0.9,0.0,0.0
12,1971,3340,3340,96.41,1.2,0.45,1.8,1.05,0.0,0.0
12,1972,3315,3315,95.78,1.36,0.45,1.96,1.21,0.0,0.0
12,1973,3225,3225,93.49,2.48,0.78,2.48,1.24,0.0,0.0
12,1974,2910,2910,94.67,2.06,0.86,2.06,0.69,0.0,0.0
12,1975,2640,2640,93.75,2.65,0.38,2.65,0.95,0.0,0.0
12,1976,2575,2575,91.65,4.47,0.39,2.91,0.97,0.0,0.0
12,1977,2610,2610,89.66,4.98,0.77,3.45,1.53,0.19,0.0
12,1978,2585,2585,88.97,5.22,0.19,4.26,1.74,0.0,0.0
12,1979,2495,2495,88.58,6.21,0.2,3.81,1.8,0.0,0.0
12,1980,2590,2590,89.19,6.37,0.39,3.67,0.58,0.19,0.0
12,1981,2625,2625,88.95,4.95,0.19,4.95,1.33,0.0,0.0
12,1982,2480,2480,86.49,6.85,0.0,5.65,1.21,0.0,0.0
12,1983,2180,2180,86.93,6.88,0.46,4.36,1.38,0.0,0.0
12,1984,2280,2280,85.53,7.68,0.0,6.14,0.88,0.0,0.0
12,1985,2345,2345,84.65,7.68,0.21,6.4,1.28,0.0,0.0
12,1986,2060,2060,84.71,7.28,0.49,7.04,0.73,0.0,0.0
12,1987,2060,2060,81.8,9.47,0.0,8.5,0.24,0.0,0.0
12,1988,2210,2210,82.35,8.6,0.0,8.37,0.9,0.23,0.0
12,1989,2015,2015,79.4,8.44,0.25,11.17,0.74,0.0,0.0
12,1990,2040,2040,77.45,9.8,0.49,12.01,0.25,0.0,0.0
12,1991,2035,2035,78.62,8.6,1.47,11.3,0.49,0.0,0.0
12,1992,1915,1915,78.07,12.01,0.78,9.14,0.26,0.0,0.0
12,1993,1875,1875,76.8,12.0,0.8,10.13,0.27,0.0,0.0
12,1994,1870,1870,78.34,9.89,1.34,10.43,0.8,0.0,0.0
12,1995,1995,1995,76.94,11.03,1.5,10.53,0.5,0.0,0.0
12,1996,1965,1965,76.34,10.69,1.53,11.45,0.25,0.0,0.0
12,1997,1915,1915,75.98,10.7,2.09,10.7,1.04,0.0,0.0
12,1998,1960,1960,72.19,12.24,3.32,11.73,1.53,0.0,0.0
12,1999,1955,1955,71.1,11.25,3.84,14.07,0.77,0.0,0.0
12,2000,2020,2020,70.79,10.4,4.46,14.11,1.73,0.0,0.0
12,2001,1980,1980,69.44,12.37,4.29,14.14,1.52,0.0,0.0
12,2002,2040,2040,67.4,10.78,5.64,16.42,1.72,0.0,0.0
12,2003,1860,1860,66.4,9.68,5.38,18.01,2.15,0.27,0.0
12,2004,1860,1860,61.56,8.6,6.18,22.85,2.96,0.0,0.0
12,2005,1945,1945,61.44,7.2,8.74,22.11,3.86,0.0,0.0
12,2006,2035,2035,57.25,9.09,8.6,23.1,4.18,0.0,0.25
12,2007,2020,2020,56.68,7.18,10.4,23.76,4.7,0.0,0.0
12,2008,1930,1930,56.99,7.25,9.59,23.83,4.66,0.0,0.0
12,2009,1905,1905,54.59,6.04,14.17,22.57,6.56,0.0,0.0
12,2010,1850,1850,50.0,7.3,11.35,27.03,7.57,0.0,0.27
12,2011,1870,1870,54.81,6.68,9.36,25.4,7.49,0.27,0.27
12,2012,1765,1765,51.84,7.65,10.48,25.78,8.5,0.57,0.28
12,2013,1730,1730,52.02,6.07,13.29,24.57,9.25,0.0,0.29
12,2014,1795,1795,52.09,6.69,12.53,25.91,8.64,0.56,0.0
12,2015,1565,1565,50.16,5.43,13.42,28.12,7.67,0.0,0.32
12,2016,1545,1545,55.66,6.47,9.71,24.6,7.77,0.0,0.32
12,2017,1555,1555,53.38,5.14,10.61,25.4,9.65,0.64,0.0
12,2018,1495,1495,52.84,4.68,11.04,27.42,8.03,0.67,0.0
12,2019,1315,1315,52.09,4.94,11.79,27.76,7.6,0.38,0.38
12,2020,1370,1370,51.82,6.57,10.22,28.1,6.2,0.73,0.36
12,2021,1425,1425,48.42,4.21,13.33,30.18,6.67,1.4,0.0
12,2022,1210,1210,48.35,4.13,15.29,28.93,7.85,0.83,0.0
12,2023,1210,1210,48.76,5.37,13.64,26.86,7.44,0.83,0.83
12,2024,1065,1065,51.17,5.16,12.68,28.17,7.51,0.47,0.0
13,1900,7010,7010,98.29,0.0,0.07,1.64,0.0,0.0,0.0
13,1901,7600,7595,98.49,0.0,0.26,1.25,0.0,0.0,0.0
13,1902,8175,8175,98.1,0.0,0.18,1.65,0.12,0.0,0.0
13,1903,7875,7875,98.35,0.0,0.06,1.59,0.0,0.0,0.0
13,1904,8255,8255,98.12,0.0,0.24,1.64,0.0,0.0,0.0
13,1905,8090,8090,98.45,0.0,0.06,1.48,0.0,0.0,0.0
13,1906,8765,8765,98.17,0.06,0.11,1.65,0.0,0.0,0.0
13,1907,8500,8500,98.59,0.0,0.06,1.35,0.0,0.0,0.0
13,1908,9125,9125,98.3,0.0,0.33,1.37,0.0,0.0,0.0
13,1909,9145,9145,98.58,0.05,0.11,1.26,0.05,0.0,0.0
13,1910,9480,9470,98.57,0.0,0.21,1.21,0.05,0.0,0.0
13,1911,9270,9270,98.76,0.0,0.05,1.19,0.05,0.0,0.0
13,1912,9735,9730,98.3,0.0,0.05,1.64,0.05,0.0,0.0
13,1913,9810,9810,98.57,0.0,0.05,1.38,0.05,0.0,0.0
13,1914,9710,9710,98.82,0.0,0.0,1.18,0.0,0.0,0.0
13,1915,6755,6755,98.59,0.07,0.0,1.33,0.0,0.0,0.0
13,1916,5500,5500,98.36,0.0,0.0,1.64,0.0,0.0,0.0
13,1917,5925,5925,98.57,0.0,0.0,1.43,0.0,0.0,0.0
13,1918,6805,6805,98.97,0.0,0.0,1.03,0.0,0.0,0.0
13,1919,7825,7825,98.59,0.0,0.06,1.34,0.0,0.0,0.0
13,1920,12770,12770,98.47,0.04,0.12,1.37,0.04,0.0,0.0
13,1921,12510,12510,98.6,0.08,0.04,1.28,0.04,0.0,0.0
13,1922,11560,11560,98.57,0.04,0.09,1.3,0.04,0.0,0.0
13,1923,11775,11775,98.73,0.04,0.0,1.23,0.0,0.0,0.0
13,1924,11730,11730,98.81,0.0,0.0,1.19,0.0,0.0,0.0
13,1925,12385,12385,98.55,0.0,0.04,1.41,0.04,0.0,0.0
13,1926,12310,12305,98.5,0.04,0.04,1.38,0.08,0.0,0.0
13,1927,11935,11935,98.45,0.04,0.13,1.38,0.0,0.0,0.0
13,1928,11785,11785,98.81,0.0,0.0,1.19,0.0,0.0,0.0
13,1929,11705,11700,98.21,0.04,0.17,1.58,0.04,0.0,0.0
13,1930,12255,12255,98.69,0.0,0.0,1.31,0.0,0.0,0.0
13,1931,11965,11965,98.29,0.08,0.08,1.55,0.04,0.0,0.0
13,1932,12515,12510,98.44,0.04,0.12,1.4,0.04,0.0,0.0
13,1933,11860,11860,98.82,0.04,0.08,1.01,0.04,0.0,0.0
13,1934,11735,11735,98.68,0.09,0.13,1.11,0.09,0.0,0.0
13,1935,11025,11025,98.91,0.05,0.09,0.95,0.0,0.0,0.0
13,1936,10770,10770,98.98,0.0,0.14,0.88,0.0,0.0,0.0
13,1937,10705,10705,98.74,0.05,0.09,1.12,0.0,0.0,0.0
13,1938,10935,10935,98.99,0.0,0.09,0.87,0.05,0.0,0.0
13,1939,10555,10555,98.72,0.05,0.24,0.95,0.09,0.0,0.0
13,1940,10565,10565,99.24,0.09,0.09,0.57,0.05,0.0,0.0
13,1941,12110,12110,99.05,0.04,0.12,0.74,0.04,0.0,0.0
13,1942,13210,13210,98.94,0.04,0.11,0.91,0.0,0.0,0.0
13,1943,12305,12305,98.94,0.04,0.08,0.89,0.04,0.0,0.0
13,1944,11820,11820,98.98,0.13,0.08,0.72,0.08,0.0,0.0
13,1945,13240,13240,98.94,0.11,0.11,0.72,0.15,0.0,0.0
13,1946,17335,17335,98.88,0.12,0.12,0.81,0.12,0.0,0.0
13,1947,17365,17365,98.93,0.12,0.12,0.75,0.12,0.0,0.0
13,1948,16810,16810,98.27,0.18,0.21,1.13,0.27,0.03,0.0
13,1949,17455,17455,98.42,0.17,0.11,1.03,0.34,0.03,0.0
13,1950,17350,17350,98.33,0.23,0.17,0.89,0.43,0.09,0.0
13,1951,16440,16440,97.9,0.24,0.15,0.85,0.94,0.15,0.0
13,1952,16595,16595,97.86,0.51,0.09,0.78,0.84,0.06,0.0
13,1953,16330,16330,97.34,0.49,0.09,0.86,1.35,0.37,0.03
13,1954,16475,16475,97.0,0.46,0.09,1.0,1.61,0.33,0.0
13,1955,16460,16460,96.32,0.52,0.09,0.82,2.46,0.64,0.0
13,1956,16515,16515,95.31,0.67,0.15,1.09,2.97,0.76,0.0
13,1957,17550,17550,94.53,0.85,0.14,1.11,3.53,1.11,0.0
13,1958,17955,17955,94.18,0.92,0.06,1.34,3.65,1.06,0.0
13,1959,18335,18335,93.73,0.95,0.03,1.64,3.74,0.95,0.03
13,1960,18020,18020,92.95,1.05,0.11,1.42,4.66,1.19,0.0
13,1961,19350,19350,92.25,1.14,0.05,1.37,5.45,1.24,0.0
13,1962,19860,19855,92.29,1.03,0.1,1.31,5.59,1.64,0.0
13,1963,21330,21330,92.36,1.08,0.05,1.41,5.32,1.31,0.0
13,1964,21940,21940,90.95,0.96,0.07,1.19,7.0,1.69,0.0
13,1965,22055,22055,91.02,0.79,0.09,1.38,6.94,1.81,0.0
13,1966,22870,22870,90.18,0.96,0.11,1.75,7.26,1.73,0.0
13,1967,21625,21625,89.57,1.18,0.09,1.97,7.49,1.73,0.02
13,1968,21455,21450,89.77,1.05,0.16,1.89,7.37,1.96,0.02
13,1969,21360,21360,89.33,1.43,0.21,2.15,7.12,1.78,0.02
13,1970,21040,21040,88.93,1.62,0.29,2.64,6.8,1.54,0.0
13,1971,22000,22000,87.98,2.23,0.43,2.68,7.09,1.45,0.0
13,1972,22240,22240,86.47,3.12,0.36,3.28,6.97,1.37,0.02
13,1973,22005,22005,85.66,3.59,0.52,3.79,6.68,1.25,0.02
13,1974,20150,20150,84.52,3.62,0.45,4.27,7.42,1.46,0.02
13,1975,19130,19130,82.59,4.86,0.52,5.02,7.37,1.54,0.0
13,1976,18570,18570,82.98,4.98,0.38,5.14,6.76,1.16,0.03
13,1977,19570,19570,80.17,6.06,0.69,5.67,7.77,1.51,0.0
13,1978,20005,20005,78.56,6.75,0.7,6.52,7.97,1.27,0.0
13,1979,20350,20350,77.71,7.03,0.71,7.17,7.79,1.4,0.0
13,1980,21630,21630,77.67,6.87,0.76,7.65,7.49,1.32,0.0
13,1981,21850,21850,76.93,6.7,0.82,8.12,7.76,1.33,0.02
13,1982,21725,21725,75.42,6.86,0.74,8.86,8.54,1.31,0.02
13,1983,20700,20700,73.99,6.91,0.87,9.76,8.94,1.47,0.0
13,1984,21140,21140,72.54,6.98,1.04,10.62,9.32,1.68,0.0
13,1985,21490,21490,71.73,6.77,1.14,11.61,9.35,1.56,0.02
13,1986,21345,21345,71.4,6.75,1.31,12.49,8.55,1.29,0.05
13,1987,21290,21290,70.88,7.23,1.55,12.49,8.38,1.22,0.05
13,1988,21625,21625,68.67,8.18,1.55,13.46,8.65,1.27,0.05
13,1989,21680,21680,67.83,8.44,1.71,13.54,9.2,1.13,0.05
13,1990,21020,21015,66.21,8.42,1.83,14.73,9.45,1.19,0.02
13,1991,21020,21020,65.68,8.28,2.35,15.01,9.61,1.17,0.02
13,1992,20420,20420,63.61,8.42,2.99,15.92,9.97,1.1,0.07
13,1993,19750,19750,62.53,9.24,2.96,15.87,10.2,1.34,0.08
13,1994,19790,19790,62.08,8.54,3.23,16.5,10.69,1.14,0.1
13,1995,19885,19885,62.51,8.2,3.39,16.75,10.18,1.18,0.05
13,1996,20270,20270,61.72,8.44,3.77,16.95,10.43,1.23,0.02
13,1997,19940,19940,59.93,8.05,3.91,18.15,11.03,0.85,0.05
13,1998,20185,20185,57.72,8.82,4.61,18.88,11.25,1.14,0.07
13,1999,20635,20635,56.24,8.36,4.8,19.41,12.84,1.28,0.1
13,2000,21570,21570,54.45,8.53,5.33,19.98,13.4,1.34,0.12
13,2001,21425,21425,51.74,7.96,6.02,21.7,14.7,1.56,0.05
13,2002,21115,21115,49.68,7.51,6.18,22.76,15.75,1.52,0.17
13,2003,20595,20595,46.54,7.09,7.67,23.6,17.48,1.7,0.19
13,2004,20710,20710,45.36,6.2,7.8,24.53,18.32,1.81,0.22
13,2005,21035,21035,43.19,5.66,9.34,25.65,19.37,1.59,0.24
13,2006,21925,21925,41.03,5.52,9.76,26.64,20.23,1.76,0.21
13,2007,21255,21255,39.52,5.15,11.03,25.9,21.99,1.72,0.33
13,2008,21760,21760,38.92,4.6,11.4,26.91,21.83,1.68,0.39
13,2009,21860,21860,37.28,4.83,12.51,26.08,23.56,1.69,0.34
13,2010,22660,22660,35.59,4.5,11.74,27.74,24.67,1.77,0.42
13,2011,22000,22000,34.02,4.2,12.18,28.68,25.23,1.61,0.43
13,2012,22045,22045,32.86,4.42,12.27,29.14,26.15,1.93,0.45
13,2013,22315,22315,33.32,3.83,13.06,28.64,26.31,1.77,0.4
13,2014,22150,22150,32.44,3.93,12.17,28.19,28.35,2.14,0.43
13,2015,21965,21965,32.16,3.62,12.45,28.34,28.39,2.03,0.43
13,2016,21605,21605,32.03,3.4,12.59,28.3,29.04,2.18,0.42
13,2017,21270,21270,30.89,3.29,13.38,28.09,29.85,2.37,0.47
13,2018,21255,21255,31.29,3.11,13.62,27.48,30.39,2.35,0.45
13,2019,21020,21015,29.98,3.38,14.92,27.69,29.86,2.43,0.38
13,2020,20465,20465,28.83,3.4,16.22,27.78,29.54,2.54,0.44
13,2021,20545,20545,29.25,3.12,15.79,29.16,28.3,2.26,0.49
13,2022,20145,20140,28.0,3.25,16.21,28.2,30.24,2.51,0.42
13,2023,18740,18705,28.01,2.81,15.72,28.5,31.06,2.83,0.45
13,2024,18440,18395,28.08,2.69,14.46,28.49,31.58,2.91,0.43
14,1900,3210,3210,98.91,0.0,0.0,1.09,0.0,0.0,0.0
14,1901,3600,3600,98.75,0.0,0.0,1.25,0.0,0.0,0.0
14,1902,3645,3645,99.18,0.0,0.14,0.69,0.0,0.0,0.0
14,1903,3960,3960,98.48,0.0,0.13,1.39,0.0,0.0,0.0
14,1904,4050,4050,98.77,0.0,0.0,1.23,0.0,0.0,0.0
14,1905,4120,4120,98.79,0.0,0.12,1.09,0.0,0.0,0.0
14,1906,4135,4135,99.27,0.0,0.0,0.73,0.0,0.0,0.0
14,1907,4160,4160,99.04,0.0,0.0,0.96,0.0,0.0,0.0
14,1908,4495,4495,99.0,0.0,0.0,1.0,0.0,0.0,0.0
14,1909,4315,4315,99.54,0.0,0.0,0.46,0.0,0.0,0.0
14,1910,4640,4640,99.46,0.0,0.0,0.54,0.0,0.0,0.0
14,1911,4380,4380,99.32,0.0,0.0,0.68,0.0,0.0,0.0
14,1912,4805,4805,99.48,0.0,0.0,0.52,0.0,0.0,0.0
14,1913,4895,4895,99.49,0.0,0.0,0.51,0.0,0.0,0.0
14,1914,5155,5155,99.42,0.0,0.0,0.58,0.0,0.0,0.0
14,1915,3365,3365,99.41,0.0,0.0,0.59,0.0,0.0,0.0
14,1916,2880,2880,99.31,0.0,0.0,0.69,0.0,0.0,0.0
14,1917,3070,3070,99.67,0.0,0.0,0.33,0.0,0.0,0.0
14,1918,4235,4235,99.65,0.0,0.0,0.35,0.0,0.0,0.0
14,1919,4120,4120,99.27,0.0,0.0,0.73,0.0,0.0,0.0
14,1920,6995,6995,99.64,0.0,0.0,0.36,0.0,0.0,0.0
14,1921,6360,6360,99.53,0.0,0.08,0.39,0.0,0.0,0.0
14,1922,6200,6200,99.6,0.0,0.0,0.4,0.0,0.0,0.0
14,1923,6330,6330,99.76,0.0,0.0,0.24,0.0,0.0,0.0
14,1924,6180,6180,99.68,0.0,0.0,0.32,0.0,0.0,0.0
14,1925,6525,6525,99.69,0.0,0.0,0.31,0.0,0.0,0.0
14,1926,6620,6620,99.55,0.0,0.0,0.45,0.08,0.0,0.0
14,1927,6570,6570,99.32,0.0,0.0,0.68,0.0,0.0,0.0
14,1928,6650,6650,99.62,0.0,0.0,0.38,0.0,0.0,0.0
14,1929,6610,6610,99.55,0.0,0.0,0.45,0.0,0.0,0.0
14,1930,7085,7085,99.51,0.0,0.0,0.49,0.0,0.0,0.0
14,1931,7115,7115,99.09,0.07,0.07,0.77,0.0,0.0,0.0
14,1932,6940,6940,99.06,0.07,0.07,0.79,0.0,0.0,0.0
14,1933,6660,6660,99.25,0.08,0.08,0.6,0.0,0.0,0.0
14,1934,6905,6905,99.49,0.0,0.0,0.51,0.0,0.0,0.0
14,1935,6580,6580,99.32,0.08,0.08,0.53,0.0,0.0,0.0
14,1936,6470,6470,99.15,0.0,0.23,0.62,0.0,0.0,0.0
14,1937,6390,6390,99.3,0.0,0.16,0.55,0.0,0.0,0.0
14,1938,6345,6345,99.21,0.08,0.24,0.47,0.0,0.0,0.0
14,1939,6660,6660,99.32,0.15,0.23,0.3,0.0,0.0,0.0
14,1940,6105,6105,99.26,0.08,0.25,0.41,0.08,0.0,0.0
14,1941,5655,5655,98.76,0.09,0.71,0.44,0.0,0.0,0.0
14,1942,5920,5920,99.07,0.08,0.42,0.42,0.0,0.0,0.0
14,1943,6355,6355,98.51,0.16,0.63,0.63,0.08,0.0,0.0
14,1944,5905,5905,98.9,0.08,0.59,0.42,0.0,0.0,0.0
14,1945,6705,6705,98.66,0.15,0.67,0.52,0.0,0.0,0.0
14,1946,9825,9825,98.32,0.15,0.87,0.56,0.15,0.0,0.0
14,1947,10425,10425,98.03,0.29,0.86,0.72,0.19,0.05,0.0
14,1948,10465,10465,98.23,0.29,0.72,0.72,0.1,0.0,0.0
14,1949,10640,10640,98.03,0.33,0.89,0.7,0.14,0.0,0.0
14,1950,10525,10525,97.43,0.57,1.09,0.9,0.1,0.0,0.0
14,1951,10315,10315,97.33,0.58,1.11,0.82,0.29,0.0,0.0
14,1952,10545,10545,97.2,0.71,1.19,0.81,0.14,0.0,0.0
14,1953,10185,10185,96.76,0.98,0.98,1.18,0.2,0.05,0.0
14,1954,10325,10325,96.9,1.02,1.02,0.92,0.29,0.0,0.0
14,1955,10100,10100,96.63,1.14,0.94,1.04,0.45,0.05,0.0
14,1956,9920,9920,96.72,1.11,0.96,1.01,0.3,0.0,0.0
14,1957,10045,10045,96.67,1.05,1.1,1.0,0.35,0.05,0.0
14,1958,9865,9865,96.76,1.06,0.66,1.22,0.56,0.1,0.0
14,1959,10100,10100,96.78,1.04,0.79,1.19,0.35,0.0,0.0
14,1960,9625,9625,96.73,1.25,0.68,1.09,0.52,0.05,0.0
14,1961,10050,10050,96.37,1.34,0.55,1.39,0.55,0.05,0.0
14,1962,9595,9595,96.56,1.25,0.57,1.25,0.57,0.1,0.0
14,1963,10060,10060,97.02,1.14,0.35,1.19,0.65,0.0,0.0
14,1964,9875,9875,97.37,0.91,0.41,0.96,0.61,0.05,0.0
14,1965,10025,10025,97.66,0.75,0.35,0.85,0.6,0.0,0.0
14,1966,10035,10035,97.21,0.95,0.5,1.0,0.65,0.1,0.0
14,1967,9600,9600,96.93,0.73,0.42,1.56,0.83,0.0,0.0
14,1968,9655,9655,96.53,0.67,0.52,1.81,0.73,0.1,0.0
14,1969,9745,9745,94.82,1.08,0.72,2.67,1.13,0.1,0.0
14,1970,9900,9900,94.55,1.21,0.91,2.78,0.91,0.1,0.0
14,1971,10260,10260,93.32,1.75,0.58,3.7,0.93,0.1,0.0
14,1972,10015,10015,91.26,2.25,0.55,5.09,1.2,0.05,0.0
14,1973,10060,10060,89.86,3.08,0.6,5.91,0.84,0.05,0.0
14,1974,9450,9450,88.94,3.28,0.42,6.56,1.06,0.11,0.0
14,1975,8525,8525,86.16,4.34,0.59,8.21,0.88,0.06,0.0
14,1976,8500,8500,85.18,5.18,0.53,8.35,0.94,0.06,0.0
14,1977,8740,8740,83.92,5.55,0.63,9.1,0.97,0.06,0.0
14,1978,8945,8945,82.95,6.15,0.39,9.45,1.4,0.17,0.0
14,1979,8810,8810,82.75,5.85,0.51,9.93,1.36,0.17,0.0
14,1980,9505,9505,83.9,5.79,0.58,8.94,0.95,0.05,0.0
14,1981,9400,9400,82.29,5.9,0.53,10.53,0.96,0.05,0.0
14,1982,9165,9165,81.01,7.09,0.71,10.69,0.65,0.0,0.0
14,1983,8665,8665,81.88,6.23,0.63,10.56,0.87,0.17,0.0
14,1984,8645,8645,80.16,6.88,0.69,11.86,0.52,0.06,0.0
14,1985,8740,8740,78.66,7.32,0.69,12.7,0.86,0.11,0.0
14,1986,8795,8795,78.68,7.11,1.02,12.62,0.68,0.06,0.0
14,1987,8700,8700,78.62,8.1,1.09,11.84,0.52,0.0,0.0
14,1988,8495,8495,77.28,8.18,0.88,13.01,0.88,0.12,0.0
14,1989,8420,8420,76.07,8.79,1.66,12.89,0.83,0.0,0.0
14,1990,7980,7980,75.44,8.83,1.44,13.53,0.88,0.0,0.0
14,1991,8175,8175,75.78,8.75,1.77,13.27,0.61,0.06,0.0
14,1992,7930,7930,74.65,8.64,2.08,13.93,0.69,0.0,0.06
14,1993,7410,7410,72.67,9.38,2.9,14.64,0.81,0.07,0.0
14,1994,7770,7770,73.23,9.4,3.15,13.84,0.64,0.0,0.0
14,1995,7870,7865,73.81,8.65,2.99,14.18,0.83,0.0,0.0
14,1996,7925,7925,73.44,9.09,3.6,13.38,1.07,0.06,0.06
14,1997,7385,7385,72.65,8.26,3.52,14.9,1.08,0.07,0.0
14,1998,7580,7580,72.43,8.51,4.55,14.38,0.86,0.07,0.0
14,1999,7600,7600,71.32,9.01,4.47,14.41,1.51,0.13,0.0
14,2000,8005,8005,69.46,8.87,5.0,15.99,1.44,0.06,0.0
14,2001,7835,7835,65.48,10.08,6.06,17.23,1.85,0.32,0.06
14,2002,7785,7785,64.74,8.8,6.29,18.24,2.83,0.13,0.06
14,2003,7720,7720,61.33,8.94,6.67,21.11,3.04,0.13,0.19
14,2004,7740,7740,59.04,7.56,8.2,23.13,3.17,0.06,0.06
14,2005,7530,7530,58.9,7.24,9.23,22.64,4.32,0.2,0.0
14,2006,7855,7855,55.38,6.3,10.88,24.19,5.22,0.13,0.32
14,2007,7540,7540,55.9,5.9,11.14,23.61,5.31,0.27,0.33
14,2008,7465,7465,54.99,6.36,10.52,24.78,5.89,0.2,0.2
14,2009,7305,7305,53.73,6.16,12.11,23.2,7.26,0.48,0.48
14,2010,6940,6940,50.58,6.41,12.75,25.36,7.93,0.43,0.36
14,2011,6850,6845,52.52,5.99,12.86,23.96,7.67,0.51,0.44
14,2012,6390,6390,51.64,5.24,13.69,24.8,7.36,0.39,0.39
14,2013,6025,6025,51.78,5.81,13.2,24.23,8.88,0.83,0.25
14,2014,6050,6050,49.59,6.36,14.46,24.05,8.84,0.99,0.25
14,2015,5640,5640,51.6,4.96,14.8,22.7,9.57,0.98,0.35
14,2016,5260,5260,50.67,4.56,13.69,24.52,10.08,0.76,0.48
14,2017,5050,5050,50.59,4.55,13.27,25.84,9.31,1.19,0.4
14,2018,5055,5055,51.43,5.04,13.45,24.83,8.7,0.69,0.2
14,2019,5080,5080,50.0,5.31,15.16,23.33,9.55,1.28,0.39
14,2020,4910,4910,49.8,4.28,15.38,24.24,10.29,1.12,0.41
14,2021,5150,5150,50.0,3.69,14.47,25.73,9.81,0.87,0.58
14,2022,4755,4755,48.58,4.21,14.72,25.76,10.52,1.26,0.32
14,2023,4515,4515,47.4,3.88,14.62,26.14,11.52,1.11,0.44
14,2024,4430,4430,50.34,4.06,14.67,24.49,10.84,1.13,0.11
15,1900,2140,2140,98.83,0.0,0.0,1.17,0.0,0.0,0.0
15,1901,2375,2375,98.32,0.0,0.0,1.68,0.0,0.0,0.0
15,1902,2415,2415,99.17,0.0,0.0,0.83,0.0,0.0,0.0
15,1903,2490,2490,99.2,0.0,0.0,0.8,0.0,0.0,0.0
15,1904,2550,2550,98.82,0.0,0.2,0.98,0.0,0.0,0.0
15,1905,2605,2605,99.23,0.0,0.0,0.77,0.0,0.0,0.0
15,1906,2590,2590,98.84,0.0,0.19,0.97,0.0,0.0,0.0
15,1907,2550,2550,99.41,0.0,0.2,0.39,0.0,0.0,0.0
15,1908,2685,2685,98.7,0.0,0.19,1.12,0.0,0.0,0.0
15,1909,2695,2695,99.63,0.0,0.0,0.37,0.0,0.0,0.0
15,1910,2695,2695,99.26,0.0,0.19,0.56,0.0,0.0,0.0
15,1911,2435,2435,99.38,0.0,0.21,0.41,0.0,0.0,0.0
15,1912,2710,2710,99.45,0.0,0.18,0.37,0.0,0.0,0.0
15,1913,2635,2635,99.24,0.0,0.19,0.57,0.0,0.0,0.0
15,1914,2730,2730,99.45,0.0,0.0,0.55,0.0,0.0,0.0
15,1915,2045,2045,99.51,0.0,0.0,0.49,0.0,0.0,0.0
15,1916,1265,1265,100.0,0.0,0.0,0.0,0.0,0.0,0.0
15,1917,1540,1540,100.0,0.0,0.0,0.0,0.0,0.0,0.0
15,1918,1760,1760,99.72,0.0,0.0,0.28,0.0,0.0,0.0
15,1919,1770,1770,99.44,0.0,0.28,0.28,0.0,0.0,0.0
15,1920,2990,2990,99.67,0.0,0.0,0.33,0.0,0.0,0.0
15,1921,2985,2985,99.66,0.0,0.0,0.34,0.0,0.0,0.0
15,1922,2930,2930,99.32,0.0,0.0,0.68,0.0,0.0,0.0
15,1923,2800,2800,99.29,0.0,0.0,0.71,0.0,0.0,0.0
15,1924,2885,2885,99.48,0.0,0.0,0.52,0.0,0.0,0.0
15,1925,2875,2875,99.83,0.0,0.0,0.17,0.0,0.0,0.0
15,1926,2880,2880,99.31,0.0,0.17,0.52,0.0,0.0,0.0
15,1927,2810,2810,99.47,0.0,0.0,0.53,0.0,0.0,0.0
15,1928,2945,2945,99.83,0.0,0.0,0.17,0.0,0.0,0.0
15,1929,2830,2830,99.82,0.0,0.0,0.18,0.0,0.0,0.0
15,1930,2940,2940,99.83,0.0,0.0,0.17,0.0,0.0,0.0
15,1931,2860,2860,99.65,0.0,0.0,0.35,0.0,0.0,0.0
15,1932,2960,2960,99.83,0.0,0.0,0.17,0.0,0.0,0.0
15,1933,2805,2805,99.64,0.0,0.0,0.36,0.0,0.0,0.0
15,1934,2790,2790,100.0,0.0,0.0,0.0,0.0,0.0,0.0
15,1935,2645,2645,99.81,0.0,0.0,0.19,0.0,0.0,0.0
15,1936,2545,2545,100.0,0.0,0.0,0.0,0.0,0.0,0.0
15,1937,2620,2620,99.62,0.0,0.0,0.38,0.0,0.0,0.0
15,1938,2500,2500,100.0,0.0,0.0,0.0,0.0,0.0,0.0
15,1939,2590,2590,99.61,0.0,0.0,0.39,0.0,0.0,0.0
15,1940,2530,2530,100.0,0.0,0.0,0.0,0.0,0.0,0.0
15,1941,2110,2110,100.0,0.0,0.0,0.0,0.0,0.0,0.0
15,1942,2410,2410,100.0,0.0,0.0,0.0,0.0,0.0,0.0
15,1943,2800,2800,100.0,0.0,0.0,0.0,0.0,0.0,0.0
15,1944,2945,2945,99.66,0.0,0.0,0.34,0.0,0.0,0.0
15,1945,2680,2680,99.63,0.19,0.0,0.19,0.0,0.0,0.0
15,1946,3570,3570,99.72,0.0,0.14,0.14,0.0,0.0,0.0
15,1947,3585,3585,100.0,0.0,0.0,0.0,0.0,0.0,0.0
15,1948,3630,3630,99.86,0.14,0.0,0.0,0.0,0.0,0.0
15,1949,3555,3555,99.86,0.0,0.14,0.0,0.0,0.0,0.0
15,1950,3630,3630,99.72,0.14,0.0,0.14,0.0,0.0,0.0
15,1951,3350,3350,99.55,0.15,0.15,0.15,0.0,0.0,0.0
15,1952,3320,3320,99.55,0.15,0.15,0.15,0.0,0.0,0.0
15,1953,3160,3160,99.84,0.16,0.0,0.0,0.0,0.0,0.0
15,1954,3200,3200,99.53,0.47,0.0,0.0,0.0,0.0,0.0
15,1955,3185,3185,99.53,0.31,0.0,0.16,0.0,0.0,0.0
15,1956,3075,3075,99.51,0.33,0.16,0.0,0.0,0.0,0.0
15,1957,3045,3045,99.01,0.82,0.16,0.0,0.0,0.0,0.0
15,1958,2920,2920,99.14,0.68,0.17,0.0,0.0,0.0,0.0
15,1959,2895,2895,98.96,0.86,0.17,0.0,0.0,0.0,0.0
15,1960,2895,2895,98.45,1.04,0.17,0.35,0.17,0.0,0.0
15,1961,2915,2915,98.28,1.37,0.0,0.17,0.17,0.0,0.0
15,1962,2745,2745,97.63,2.0,0.0,0.36,0.0,0.0,0.0
15,1963,2765,2765,97.65,1.99,0.18,0.18,0.0,0.0,0.0
15,1964,2780,2780,98.02,1.26,0.18,0.36,0.36,0.0,0.0
15,1965,2695,2695,98.7,1.11,0.0,0.19,0.19,0.0,0.0
15,1966,2670,2670,98.5,1.12,0.0,0.19,0.37,0.0,0.0
15,1967,2675,2675,98.32,1.12,0.19,0.19,0.37,0.0,0.0
15,1968,2480,2480,98.39,1.01,0.2,0.2,0.4,0.0,0.0
15,1969,2475,2475,98.59,0.81,0.2,0.4,0.61,0.0,0.0
15,1970,2405,2405,98.34,0.62,0.21,0.62,0.42,0.0,0.0
15,1971,2510,2510,97.81,1.0,0.6,0.4,0.8,0.0,0.0
15,1972,2460,2460,97.56,1.22,0.61,0.41,0.41,0.0,0.0
15,1973,2450,2450,96.73,1.84,0.41,0.82,0.61,0.0,0.0
15,1974,2275,2275,96.48,1.1,0.66,1.76,0.66,0.0,0.0
15,1975,2010,2010,95.52,2.49,0.25,1.49,0.5,0.0,0.0
15,1976,1810,1810,94.75,2.76,0.55,1.38,0.83,0.0,0.0
15,1977,1820,1820,93.13,4.4,0.27,1.92,0.55,0.0,0.0
15,1978,1705,1705,94.43,3.52,0.29,1.47,0.88,0.0,0.0
15,1979,1790,1790,94.41,2.79,0.0,2.51,1.12,0.0,0.0
15,1980,1845,1845,92.14,4.61,0.0,2.98,0.81,0.0,0.0
15,1981,1870,1870,90.11,5.61,0.0,4.28,0.53,0.0,0.0
15,1982,1840,1840,90.49,6.25,0.0,2.72,1.09,0.0,0.0
15,1983,1635,1635,89.91,6.12,0.0,3.06,0.92,0.31,0.0
15,1984,1685,1685,88.72,7.12,0.0,3.56,1.19,0.0,0.0
15,1985,1550,1550,87.42,8.06,0.0,4.52,0.32,0.0,0.0
15,1986,1575,1575,88.57,6.98,0.0,4.44,0.32,0.0,0.0
15,1987,1550,1550,86.45,7.74,0.0,5.81,0.32,0.0,0.0
15,1988,1475,1475,84.75,8.81,0.0,6.44,0.0,0.0,0.0
15,1989,1395,1395,83.15,9.32,0.0,7.53,0.36,0.0,0.0
15,1990,1405,1405,81.49,9.61,0.36,8.19,0.71,0.0,0.0
15,1991,1395,1395,82.8,8.24,0.36,8.6,0.0,0.0,0.0
15,1992,1225,1225,79.59,10.2,1.63,8.57,0.0,0.0,0.0
15,1993,1060,1060,79.25,12.74,0.47,7.55,0.47,0.0,0.0
15,1994,1125,1125,80.89,11.56,0.44,7.11,0.0,0.0,0.0
15,1995,1160,1160,80.6,11.21,0.86,7.33,0.43,0.0,0.0
15,1996,1175,1175,80.43,10.21,1.28,8.09,0.0,0.0,0.0
15,1997,1125,1125,80.89,9.78,1.78,7.56,0.0,0.0,0.0
15,1998,1135,1135,79.74,11.01,2.2,6.61,0.44,0.0,0.0
15,1999,1095,1095,79.45,11.42,1.37,7.76,0.46,0.0,0.0
15,2000,1195,1195,77.82,10.46,2.51,9.62,0.42,0.0,0.0
15,2001,1175,1175,77.87,9.79,3.4,9.36,0.43,0.0,0.0
15,2002,1230,1230,72.36,9.76,4.47,13.82,0.41,0.0,0.0
15,2003,1125,1125,68.89,12.89,4.0,15.11,0.89,0.0,0.0
15,2004,1105,1105,68.33,9.95,4.98,16.74,0.9,0.0,0.0
15,2005,1100,1100,65.91,10.0,6.82,17.27,1.82,0.0,0.0
15,2006,1030,1030,66.99,7.77,7.28,17.48,1.94,0.0,0.0
15,2007,990,990,62.12,6.57,10.61,20.2,3.03,0.0,0.0
15,2008,940,940,67.02,5.32,7.45,19.68,2.66,0.0,0.0
15,2009,1010,1010,60.89,6.93,11.39,20.3,3.47,0.5,0.0
15,2010,775,775,58.06,8.39,10.32,21.94,3.87,0.0,0.0
15,2011,850,850,58.82,8.24,8.24,23.53,4.71,0.0,0.0
15,2012,855,855,55.56,4.68,12.87,26.32,6.43,0.0,0.0
15,2013,780,780,58.33,7.69,8.97,23.72,5.13,0.0,0.0
15,2014,755,755,56.95,7.28,9.93,25.17,5.3,0.0,0.0
15,2015,660,660,57.58,6.82,10.61,21.97,6.82,0.0,0.0
15,2016,635,635,58.27,4.72,9.45,27.56,6.3,0.0,0.79
15,2017,640,640,61.72,5.47,11.72,21.88,3.12,0.0,0.0
15,2018,640,640,55.47,6.25,10.94,25.0,6.25,0.0,0.0
15,2019,615,615,56.91,4.88,15.45,24.39,4.88,0.0,0.0
15,2020,550,550,52.73,3.64,11.82,30.91,6.36,0.0,0.0
15,2021,585,585,56.41,6.84,10.26,23.93,6.84,0.85,0.0
15,2022,525,525,47.62,5.71,16.19,28.57,6.67,0.95,0.0
15,2023,460,460,57.61,5.43,10.87,25.0,3.26,0.0,0.0
15,2024,430,430,62.79,3.49,8.14,23.26,3.49,0.0,0.0
16,1900,3315,3315,99.1,0.0,0.0,0.9,0.0,0.0,0.0
16,1901,3720,3720,98.39,0.0,0.0,1.61,0.0,0.0,0.0
16,1902,3860,3860,98.7,0.13,0.13,1.04,0.0,0.0,0.0
16,1903,3795,3795,98.95,0.0,0.13,0.92,0.0,0.0,0.0
16,1904,3800,3800,98.55,0.13,0.26,1.05,0.0,0.0,0.0
16,1905,3995,3995,98.75,0.13,0.13,1.0,0.0,0.0,0.0
16,1906,3995,3995,98.87,0.0,0.13,1.0,0.0,0.0,0.0
16,1907,3885,3885,98.97,0.0,0.0,0.9,0.13,0.0,0.0
16,1908,4135,4135,99.15,0.0,0.0,0.85,0.0,0.0,0.0
16,1909,4215,4215,99.29,0.0,0.0,0.71,0.0,0.0,0.0
16,1910,4290,4290,98.48,0.12,0.12,1.28,0.0,0.0,0.0
16,1911,3865,3865,98.84,0.0,0.0,1.16,0.0,0.0,0.0
16,1912,4140,4140,99.4,0.0,0.0,0.6,0.0,0.0,0.0
16,1913,3970,3970,98.61,0.13,0.0,1.26,0.0,0.0,0.0
16,1914,4160,4160,99.16,0.0,0.0,0.84,0.0,0.0,0.0
16,1915,2640,2640,99.24,0.0,0.0,0.76,0.0,0.0,0.0
16,1916,2055,2055,98.78,0.0,0.0,1.22,0.0,0.0,0.0
16,1917,2240,2240,99.55,0.0,0.0,0.45,0.0,0.0,0.0
16,1918,2675,2675,99.63,0.0,0.0,0.37,0.0,0.0,0.0
16,1919,2545,2545,99.61,0.0,0.0,0.39,0.0,0.0,0.0
16,1920,4695,4695,99.25,0.0,0.11,0.64,0.0,0.0,0.0
16,1921,4750,4750,98.95,0.11,0.0,0.95,0.0,0.0,0.0
16,1922,4420,4420,99.32,0.11,0.0,0.57,0.0,0.0,0.0
16,1923,4355,4355,98.74,0.11,0.0,1.15,0.0,0.0,0.0
16,1924,4345,4345,99.54,0.0,0.0,0.46,0.0,0.0,0.0
16,1925,4515,4515,99.11,0.22,0.0,0.66,0.0,0.0,0.0
16,1926,4345,4345,99.42,0.0,0.0,0.58,0.0,0.0,0.0
16,1927,4220,4220,99.05,0.0,0.0,0.95,0.0,0.0,0.0
16,1928,4435,4435,99.32,0.0,0.0,0.68,0.0,0.0,0.0
16,1929,4450,4450,99.33,0.0,0.0,0.67,0.0,0.0,0.0
16,1930,4630,4630,99.35,0.0,0.11,0.54,0.0,0.0,0.0
16,1931,4445,4445,99.44,0.0,0.11,0.45,0.0,0.0,0.0
16,1932,4525,4525,99.34,0.0,0.11,0.55,0.0,0.0,0.0
16,1933,4355,4355,99.43,0.0,0.0,0.57,0.0,0.0,0.0
16,1934,4445,4445,99.33,0.11,0.11,0.45,0.0,0.0,0.0
16,1935,4135,4135,99.15,0.12,0.24,0.48,0.0,0.0,0.0
16,1936,4165,4165,98.8,0.0,0.36,0.84,0.0,0.0,0.0
16,1937,3860,3860,99.35,0.0,0.26,0.39,0.0,0.0,0.0
16,1938,3860,3860,99.22,0.13,0.13,0.52,0.0,0.0,0.0
16,1939,4280,4280,99.07,0.12,0.35,0.47,0.0,0.0,0.0
16,1940,4360,4360,98.74,0.23,0.46,0.57,0.0,0.0,0.0
16,1941,3655,3655,98.91,0.0,0.55,0.55,0.0,0.0,0.0
16,1942,3835,3835,98.83,0.13,0.65,0.39,0.0,0.0,0.0
16,1943,4280,4280,98.83,0.12,0.58,0.47,0.0,0.0,0.0
16,1944,4455,4455,98.77,0.22,0.45,0.45,0.11,0.0,0.0
16,1945,4200,4200,98.69,0.24,0.71,0.24,0.12,0.0,0.0
16,1946,5805,5805,98.36,0.09,1.03,0.43,0.09,0.0,0.0
16,1947,6050,6050,98.43,0.25,0.91,0.33,0.08,0.0,0.0
16,1948,5855,5855,97.87,0.34,1.28,0.43,0.17,0.0,0.0
16,1949,5790,5790,98.27,0.43,0.86,0.35,0.17,0.0,0.0
16,1950,5825,5825,98.03,0.43,1.03,0.43,0.17,0.0,0.0
16,1951,5630,5630,97.87,0.62,1.07,0.36,0.09,0.0,0.0
16,1952,5690,5690,97.54,0.79,1.14,0.35,0.18,0.0,0.0
16,1953,5550,5550,97.48,0.81,0.99,0.63,0.18,0.0,0.0
16,1954,5845,5845,96.83,1.28,1.2,0.6,0.09,0.0,0.0
16,1955,5720,5720,97.03,1.22,1.14,0.52,0.26,0.0,0.0
16,1956,5675,5675,97.36,1.06,0.97,0.44,0.26,0.0,0.0
16,1957,5730,5730,97.29,1.22,0.87,0.52,0.09,0.0,0.0
16,1958,5585,5585,96.78,1.25,1.07,0.72,0.27,0.0,0.0
16,1959,5545,5545,97.66,0.9,0.72,0.54,0.36,0.0,0.0
16,1960,5325,5325,97.09,1.03,0.56,0.94,0.47,0.0,0.0
16,1961,5425,5425,96.59,1.47,0.83,0.83,0.37,0.0,0.0
16,1962,5445,5445,96.24,1.47,0.83,1.1,0.55,0.0,0.0
16,1963,5610,5610,96.43,1.34,0.71,0.98,0.71,0.0,0.0
16,1964,5435,5435,97.61,1.01,0.28,0.46,0.74,0.09,0.0
16,1965,5545,5545,99.19,0.27,0.0,0.36,0.27,0.0,0.0
16,1966,5380,5380,98.33,0.56,0.19,0.56,0.56,0.0,0.0
16,1967,5220,5220,97.8,0.67,0.19,0.96,0.67,0.0,0.0
16,1968,5115,5115,97.85,0.49,0.29,1.08,0.49,0.0,0.0
16,1969,5210,5210,96.74,0.96,0.38,1.44,0.67,0.1,0.0
16,1970,4950,4950,96.06,1.21,0.2,2.02,0.81,0.0,0.0
16,1971,5025,5025,94.13,2.09,0.4,2.99,0.6,0.1,0.0
16,1972,5120,5120,93.26,2.54,0.29,3.52,0.78,0.0,0.0
16,1973,4935,4935,90.58,3.65,0.41,4.86,1.01,0.0,0.0
16,1974,4725,4725,89.42,4.23,0.42,5.19,0.95,0.11,0.0
16,1975,4125,4125,87.03,5.82,0.36,6.42,0.61,0.0,0.0
16,1976,3860,3860,87.44,5.44,0.13,6.35,0.78,0.0,0.0
16,1977,3835,3835,85.79,7.3,0.52,5.61,1.04,0.0,0.0
16,1978,3520,3520,85.65,7.1,0.28,6.39,0.99,0.0,0.0
16,1979,3765,3765,84.59,6.24,0.27,7.97,1.06,0.0,0.0
16,1980,4085,4085,84.09,6.98,0.12,8.45,0.49,0.12,0.0
16,1981,4015,4015,83.56,7.22,0.12,8.34,1.0,0.12,0.0
16,1982,3815,3815,82.04,6.82,0.39,10.09,0.92,0.13,0.0
16,1983,3675,3675,81.77,7.35,0.14,10.2,0.82,0.0,0.0
16,1984,3605,3605,81.14,7.63,0.14,10.26,0.83,0.14,0.0
16,1985,3470,3470,80.55,6.92,0.43,10.81,1.44,0.0,0.0
16,1986,3740,3740,78.74,7.62,0.67,12.03,1.07,0.0,0.0
16,1987,3610,3610,79.5,8.31,0.83,11.22,0.28,0.0,0.0
16,1988,3570,3570,77.17,10.5,0.42,11.2,0.84,0.0,0.0
16,1989,3390,3390,77.43,8.85,0.88,12.54,0.44,0.0,0.0
16,1990,3375,3375,74.67,10.22,1.04,13.63,0.59,0.0,0.0
16,1991,3215,3215,75.43,10.11,1.09,13.22,0.31,0.0,0.0
16,1992,3050,3050,73.11,10.66,1.15,14.43,0.66,0.16,0.0
16,1993,2855,2855,73.38,10.16,2.28,13.66,0.53,0.18,0.0
16,1994,2680,2680,74.81,9.51,2.43,12.87,0.37,0.0,0.0
16,1995,2915,2915,75.13,9.26,2.74,12.69,0.17,0.0,0.0
16,1996,2730,2730,74.36,9.52,2.56,13.74,0.37,0.0,0.0
16,1997,2600,2600,71.92,9.62,3.27,15.0,0.96,0.19,0.0
16,1998,2670,2670,71.35,11.24,3.75,13.48,0.75,0.0,0.0
16,1999,2630,2630,73.38,9.32,3.23,13.88,0.57,0.19,0.0
16,2000,2785,2785,69.12,9.87,3.59,16.7,1.26,0.0,0.0
16,2001,2695,2695,67.53,10.58,5.38,16.14,1.48,0.0,0.0
16,2002,2435,2435,63.86,10.88,6.57,17.04,2.05,0.21,0.0
16,2003,2450,2450,64.08,10.0,5.71,18.37,2.86,0.2,0.0
16,2004,2540,2540,59.65,8.46,7.87,21.46,3.74,0.0,0.39
16,2005,2515,2515,56.46,7.95,7.95,24.45,4.77,0.2,0.2
16,2006,2660,2660,58.27,8.08,9.02,22.56,3.57,0.0,0.19
16,2007,2470,2470,53.85,9.51,9.72,22.87,6.48,0.2,0.4
16,2008,2610,2610,52.68,7.66,10.73,23.95,6.9,0.38,0.57
16,2009,2310,2310,49.57,8.66,12.34,25.11,7.79,0.65,0.43
16,2010,2365,2365,49.68,7.4,12.68,25.16,8.03,0.21,0.42
16,2011,2160,2160,51.39,5.56,12.96,25.0,9.26,0.23,0.46
16,2012,2185,2185,49.89,7.78,12.36,25.17,8.92,0.46,0.46
16,2013,2180,2180,49.08,6.42,13.53,25.69,9.4,0.92,0.46
16,2014,2095,2095,47.97,6.44,11.22,28.16,10.98,0.48,0.72
16,2015,2060,2060,48.3,5.58,15.53,23.54,10.44,0.97,0.97
16,2016,1880,1880,53.19,6.12,10.64,25.27,9.31,0.27,0.53
16,2017,1760,1760,49.15,5.68,13.64,24.72,9.94,1.14,0.57
16,2018,1705,1705,50.15,4.69,12.02,26.39,10.56,1.47,0.59
16,2019,1805,1805,49.31,4.99,13.3,26.87,8.59,1.39,0.0
16,2020,1675,1675,46.87,4.18,14.33,26.57,11.34,1.19,0.3
16,2021,1685,1685,44.51,5.93,15.13,28.49,10.09,0.89,0.59
16,2022,1755,1755,46.44,4.27,17.66,26.21,11.11,1.14,0.85
16,2023,1670,1670,47.9,4.49,14.67,26.65,11.38,1.2,0.0
16,2024,1515,1515,45.54,3.96,15.51,27.72,11.88,1.32,0.66
17,1900,3840,3840,98.7,0.0,0.0,1.17,0.13,0.0,0.0
17,1901,4180,4180,98.09,0.0,0.0,1.67,0.24,0.0,0.0
17,1902,4650,4650,98.17,0.11,0.0,1.51,0.22,0.0,0.0
17,1903,4510,4510,98.0,0.0,0.11,1.66,0.22,0.0,0.0
17,1904,4660,4660,97.85,0.11,0.0,1.82,0.21,0.0,0.0
17,1905,4865,4865,98.05,0.1,0.0,1.64,0.21,0.0,0.0
17,1906,4890,4890,98.57,0.0,0.0,1.23,0.2,0.0,0.0
17,1907,4925,4925,98.58,0.0,0.2,1.12,0.1,0.0,0.0
17,1908,4965,4965,98.19,0.2,0.0,1.51,0.1,0.0,0.0
17,1909,5155,5155,98.16,0.1,0.1,1.45,0.19,0.0,0.0
17,1910,5195,5195,99.04,0.0,0.0,0.87,0.1,0.0,0.0
17,1911,4855,4855,98.76,0.1,0.1,0.82,0.31,0.0,0.0
17,1912,5370,5370,98.79,0.09,0.0,1.02,0.09,0.0,0.0
17,1913,5125,5125,98.54,0.1,0.0,1.17,0.2,0.0,0.0
17,1914,5115,5115,99.02,0.0,0.0,0.88,0.1,0.0,0.0
17,1915,3330,3330,99.1,0.15,0.0,0.75,0.0,0.0,0.0
17,1916,2420,2420,99.38,0.0,0.0,0.62,0.0,0.0,0.0
17,1917,2830,2830,98.76,0.0,0.0,1.24,0.0,0.0,0.0
17,1918,3465,3465,99.42,0.14,0.0,0.43,0.0,0.0,0.0
17,1919,3625,3625,98.9,0.14,0.14,0.83,0.14,0.0,0.0
17,1920,6505,6505,99.23,0.0,0.08,0.61,0.08,0.0,0.0
17,1921,6305,6305,98.97,0.08,0.0,0.95,0.0,0.0,0.0
17,1922,5940,5940,99.07,0.08,0.08,0.76,0.0,0.0,0.0
17,1923,5885,5885,99.15,0.17,0.0,0.68,0.0,0.0,0.0
17,1924,5795,5795,99.22,0.09,0.09,0.6,0.0,0.0,0.0
17,1925,6010,6010,99.25,0.08,0.08,0.5,0.08,0.0,0.0
17,1926,6095,6095,99.26,0.08,0.08,0.57,0.0,0.0,0.0
17,1927,6010,6010,99.17,0.08,0.0,0.75,0.0,0.0,0.0
17,1928,6140,6140,98.78,0.08,0.24,0.81,0.16,0.0,0.0
17,1929,6150,6150,98.94,0.0,0.16,0.89,0.0,0.0,0.0
17,1930,6380,6380,99.37,0.0,0.16,0.47,0.0,0.0,0.0
17,1931,6320,6320,98.89,0.16,0.16,0.79,0.08,0.0,0.0
17,1932,6320,6320,98.97,0.16,0.4,0.47,0.0,0.0,0.0
17,1933,6015,6015,98.67,0.17,0.58,0.58,0.0,0.0,0.0
17,1934,5970,5970,98.24,0.17,0.75,0.84,0.0,0.0,0.0
17,1935,5810,5810,98.36,0.17,0.69,0.77,0.0,0.0,0.0
17,1936,5570,5570,98.29,0.09,0.81,0.81,0.0,0.0,0.0
17,1937,5320,5320,98.31,0.28,0.75,0.66,0.0,0.0,0.0
17,1938,5320,5320,98.21,0.19,1.03,0.56,0.0,0.0,0.0
17,1939,5675,5675,98.15,0.18,1.06,0.62,0.0,0.0,0.0
17,1940,5640,5640,98.32,0.27,0.8,0.53,0.09,0.0,0.0
17,1941,4955,4955,97.78,0.1,1.31,0.81,0.0,0.0,0.0
17,1942,5335,5335,97.75,0.28,1.31,0.66,0.0,0.0,0.0
17,1943,6135,6135,97.8,0.16,1.3,0.65,0.08,0.0,0.0
17,1944,5955,5955,97.48,0.25,1.43,0.76,0.17,0.0,0.0
17,1945,5125,5125,97.66,0.2,1.56,0.49,0.1,0.0,0.0
17,1946,8560,8560,97.14,0.23,1.58,0.93,0.12,0.0,0.0
17,1947,9100,9100,97.2,0.27,1.65,0.77,0.16,0.0,0.0
17,1948,8895,8895,96.91,0.51,1.85,0.62,0.17,0.0,0.0
17,1949,8725,8725,97.19,0.29,1.83,0.57,0.11,0.0,0.0
17,1950,9075,9075,97.08,0.5,1.6,0.77,0.11,0.0,0.0
17,1951,8705,8705,96.55,0.52,2.07,0.75,0.17,0.0,0.0
17,1952,8745,8745,96.57,0.51,2.0,0.86,0.11,0.0,0.0
17,1953,8680,8680,95.74,0.69,1.61,1.79,0.23,0.0,0.0
17,1954,8935,8935,94.46,0.84,1.79,2.74,0.28,0.0,0.0
17,1955,8885,8885,94.6,0.9,1.74,2.59,0.28,0.0,0.0
17,1956,8865,8865,94.53,1.07,1.47,2.65,0.39,0.0,0.0
17,1957,8715,8715,94.72,0.98,1.32,2.75,0.34,0.0,0.0
17,1958,8375,8375,94.75,0.96,1.13,3.04,0.24,0.0,0.0
17,1959,8280,8280,93.96,1.09,1.15,3.5,0.48,0.0,0.0
17,1960,8005,8005,94.69,1.12,0.94,3.0,0.44,0.0,0.0
17,1961,8215,8215,94.95,1.1,0.73,2.92,0.55,0.0,0.0
17,1962,8090,8090,95.49,1.11,0.68,2.35,0.62,0.0,0.0
17,1963,8075,8075,95.67,0.87,0.56,2.41,0.62,0.06,0.06
17,1964,8010,8010,96.44,0.81,0.56,1.69,0.75,0.06,0.0
17,1965,7525,7525,97.01,0.73,0.4,1.46,0.6,0.0,0.0
17,1966,7800,7800,96.28,0.96,0.64,1.79,0.51,0.0,0.0
17,1967,7240,7240,96.13,0.69,0.62,2.21,0.55,0.0,0.0
17,1968,7090,7090,95.7,1.06,0.56,2.12,0.85,0.14,0.0
17,1969,7205,7205,94.45,1.04,0.62,3.4,0.76,0.07,0.0
17,1970,7185,7185,93.53,1.74,0.7,3.62,0.56,0.0,0.0
17,1971,7505,7505,92.41,2.2,0.6,4.46,0.67,0.0,0.0
17,1972,7215,7215,89.95,3.53,0.69,5.34,0.83,0.07,0.0
17,1973,6885,6885,88.16,4.28,0.51,6.75,0.51,0.0,0.0
17,1974,6255,6255,86.97,4.0,0.88,7.75,0.72,0.08,0.0
17,1975,5770,5770,85.1,5.72,0.52,8.41,0.52,0.0,0.0
17,1976,5330,5330,84.99,6.19,0.66,7.6,0.84,0.09,0.0
17,1977,5720,5720,82.6,7.17,0.52,9.27,0.7,0.09,0.0
17,1978,5375,5375,82.14,7.53,0.65,9.3,0.74,0.09,0.0
17,1979,5790,5790,81.0,6.91,0.43,11.05,0.78,0.26,0.0
17,1980,5990,5990,82.39,6.68,1.0,9.43,0.75,0.08,0.0
17,1981,6000,6000,80.25,7.0,0.58,11.83,0.67,0.08,0.0
17,1982,5800,5800,79.91,7.59,0.6,11.38,0.6,0.0,0.0
17,1983,5360,5360,80.5,7.28,0.47,11.38,0.47,0.09,0.0
17,1984,5225,5225,78.66,7.46,0.29,13.21,0.48,0.1,0.0
17,1985,5300,5300,77.36,8.3,0.47,13.58,0.28,0.09,0.0
17,1986,5400,5400,76.39,7.87,1.02,13.98,0.74,0.19,0.0
17,1987,5080,5080,76.48,9.35,0.98,12.7,0.59,0.1,0.0
17,1988,5235,5235,75.84,8.98,1.53,13.47,0.19,0.0,0.0
17,1989,5225,5225,74.07,9.76,1.05,14.74,0.38,0.1,0.0
17,1990,5165,5165,73.28,9.0,1.74,15.78,0.29,0.0,0.0
17,1991,4930,4930,73.63,10.14,1.93,13.79,0.71,0.1,0.0
17,1992,4775,4775,73.09,9.53,2.51,14.66,0.21,0.1,0.0
17,1993,4650,4650,72.04,10.65,2.37,14.41,0.54,0.11,0.11
17,1994,4385,4385,72.18,10.03,2.51,14.94,0.68,0.0,0.0
17,1995,4685,4685,72.15,9.18,3.09,15.05,0.75,0.0,0.0
17,1996,4700,4700,70.53,9.47,3.51,16.38,0.43,0.0,0.0
17,1997,4550,4550,71.43,9.23,2.97,15.6,0.99,0.0,0.0
17,1998,4715,4715,69.78,9.12,4.24,16.65,0.64,0.0,0.0
17,1999,4830,4830,69.25,9.11,4.24,17.08,0.72,0.0,0.0
17,2000,4960,4960,67.64,9.27,4.84,17.94,0.91,0.1,0.0
17,2001,4925,4925,63.76,9.95,6.7,18.98,1.83,0.1,0.0
17,2002,4640,4640,60.88,9.38,7.0,21.44,2.16,0.22,0.11
17,2003,4545,4545,61.17,9.02,6.6,22.22,2.75,0.11,0.22
17,2004,4470,4470,57.27,8.17,8.17,24.5,3.58,0.11,0.11
17,2005,4530,4530,54.53,8.72,9.71,25.5,3.64,0.0,0.11
17,2006,4455,4455,55.11,6.51,11.34,24.69,4.6,0.11,0.34
17,2007,4355,4355,52.7,6.2,11.6,26.29,5.51,0.23,0.46
17,2008,4480,4480,52.01,6.7,12.17,25.67,5.92,0.33,0.45
17,2009,4500,4500,48.67,6.67,14.44,26.56,6.67,0.33,0.33
17,2010,4345,4345,49.02,6.44,12.43,27.73,7.25,0.46,0.58
17,2011,4185,4185,49.1,6.57,13.5,26.88,6.45,0.24,0.6
17,2012,4125,4125,47.27,5.94,15.64,27.03,7.52,0.36,0.48
17,2013,3985,3985,49.31,6.4,14.43,25.85,7.9,0.63,0.25
17,2014,4010,4010,46.26,5.86,14.96,27.68,8.73,1.0,0.75
17,2015,3660,3660,49.86,5.74,15.44,25.0,7.24,0.41,0.55
17,2016,3550,3550,51.83,4.51,13.66,26.62,6.62,0.7,0.42
17,2017,3410,3410,49.71,5.13,13.78,26.98,6.45,0.88,0.88
17,2018,3240,3240,48.92,5.4,13.58,27.01,8.8,0.93,0.31
17,2019,3325,3325,47.67,4.51,14.59,28.27,8.87,0.75,0.3
17,2020,3165,3165,47.87,4.58,14.06,28.28,9.48,0.63,0.47
17,2021,3385,3385,46.53,5.02,15.81,28.36,7.09,0.89,0.59
17,2022,3360,3360,44.05,4.32,16.22,30.65,8.48,1.04,0.45
17,2023,2900,2900,48.1,3.79,15.0,28.62,7.59,1.03,0.52
17,2024,2830,2830,47.53,4.42,15.02,27.56,8.48,0.88,0.53
18,1900,3190,3190,99.69,0.0,0.0,0.31,0.0,0.0,0.0
18,1901,3445,3445,99.71,0.0,0.0,0.29,0.0,0.0,0.0
18,1902,3605,3605,99.58,0.0,0.0,0.42,0.0,0.0,0.0
18,1903,3430,3430,99.56,0.0,0.0,0.44,0.0,0.0,0.0
18,1904,3525,3525,99.43,0.0,0.0,0.57,0.0,0.0,0.0
18,1905,3705,3705,99.6,0.0,0.0,0.4,0.0,0.0,0.0
18,1906,3945,3945,99.37,0.0,0.0,0.63,0.0,0.0,0.0
18,1907,3595,3595,99.44,0.0,0.0,0.56,0.0,0.0,0.0
18,1908,3765,3765,99.6,0.0,0.0,0.4,0.0,0.0,0.0
18,1909,3895,3895,99.61,0.0,0.0,0.39,0.0,0.0,0.0
18,1910,3915,3915,99.36,0.0,0.0,0.64,0.13,0.0,0.0
18,1911,3620,3620,99.59,0.0,0.0,0.41,0.0,0.0,0.0
18,1912,3665,3665,99.45,0.0,0.0,0.55,0.0,0.0,0.0
18,1913,3725,3725,99.6,0.0,0.0,0.4,0.0,0.0,0.0
18,1914,3630,3630,99.72,0.0,0.0,0.28,0.0,0.0,0.0
18,1915,2310,2310,99.78,0.0,0.0,0.22,0.0,0.0,0.0
18,1916,2025,2025,99.75,0.0,0.0,0.25,0.0,0.0,0.0
18,1917,2130,2130,99.77,0.0,0.0,0.23,0.0,0.0,0.0
18,1918,2790,2790,100.0,0.0,0.0,0.0,0.0,0.0,0.0
18,1919,2405,2405,99.58,0.0,0.0,0.42,0.0,0.0,0.0
18,1920,4265,4265,99.77,0.0,0.0,0.23,0.0,0.0,0.0
18,1921,4045,4045,99.63,0.0,0.0,0.37,0.0,0.0,0.0
18,1922,3830,3830,99.74,0.0,0.0,0.26,0.0,0.0,0.0
18,1923,3785,3785,99.87,0.0,0.0,0.13,0.0,0.0,0.0
18,1924,3490,3490,99.71,0.0,0.0,0.29,0.0,0.0,0.0
18,1925,3655,3655,99.73,0.0,0.0,0.27,0.0,0.0,0.0
18,1926,3650,3650,99.86,0.0,0.0,0.14,0.0,0.0,0.0
18,1927,3625,3625,99.45,0.0,0.0,0.55,0.0,0.0,0.0
18,1928,3685,3685,99.46,0.0,0.0,0.54,0.0,0.0,0.0
18,1929,3615,3610,99.45,0.0,0.0,0.55,0.0,0.0,0.0
18,1930,3595,3595,99.17,0.0,0.14,0.7,0.0,0.0,0.0
18,1931,3580,3580,99.16,0.0,0.0,0.84,0.0,0.0,0.0
18,1932,3550,3550,99.15,0.0,0.0,0.85,0.0,0.0,0.0
18,1933,3395,3395,99.26,0.0,0.0,0.74,0.0,0.0,0.0
18,1934,3300,3300,98.94,0.0,0.0,1.06,0.0,0.0,0.0
18,1935,3215,3215,99.22,0.0,0.31,0.47,0.0,0.0,0.0
18,1936,3235,3235,99.54,0.0,0.15,0.31,0.0,0.0,0.0
18,1937,3175,3175,98.74,0.16,0.47,0.63,0.0,0.0,0.0
18,1938,3095,3095,98.87,0.0,0.32,0.81,0.0,0.0,0.0
18,1939,3340,3340,98.95,0.0,0.45,0.6,0.0,0.0,0.0
18,1940,3255,3255,98.62,0.0,0.61,0.77,0.0,0.0,0.0
18,1941,2930,2930,98.81,0.0,0.68,0.51,0.0,0.0,0.0
18,1942,3155,3155,98.57,0.0,0.63,0.79,0.0,0.0,0.0
18,1943,3525,3525,98.87,0.0,0.43,0.57,0.14,0.0,0.0
18,1944,3810,3810,97.9,0.26,0.66,1.18,0.0,0.0,0.0
18,1945,3690,3690,98.1,0.27,0.81,0.81,0.0,0.0,0.0
18,1946,5120,5120,97.95,0.39,0.78,0.78,0.1,0.0,0.0
18,1947,5055,5055,98.52,0.4,0.69,0.4,0.0,0.0,0.0
18,1948,5185,5185,98.36,0.19,0.77,0.68,0.0,0.0,0.0
18,1949,4790,4790,98.12,0.31,0.94,0.52,0.1,0.0,0.0
18,1950,4870,4870,98.15,0.51,0.72,0.51,0.1,0.1,0.0
18,1951,4555,4555,97.91,0.66,0.88,0.44,0.11,0.0,0.0
18,1952,4660,4660,98.07,0.86,0.75,0.32,0.11,0.0,0.0
18,1953,4305,4305,98.03,0.93,0.7,0.23,0.12,0.0,0.0
18,1954,4290,4290,97.67,1.17,0.58,0.47,0.12,0.0,0.0
18,1955,4295,4295,97.09,1.51,0.93,0.35,0.23,0.0,0.0
18,1956,4350,4350,97.13,1.03,0.69,0.92,0.34,0.0,0.0
18,1957,4160,4160,97.24,1.56,0.6,0.48,0.12,0.0,0.0
18,1958,4185,4185,97.49,1.67,0.24,0.48,0.24,0.0,0.0
18,1959,4165,4165,97.84,1.08,0.24,0.72,0.12,0.0,0.0
18,1960,3905,3905,97.57,1.41,0.13,0.77,0.38,0.0,0.0
18,1961,4040,4040,97.77,1.11,0.37,0.62,0.5,0.0,0.0
18,1962,3830,3830,97.0,1.7,0.26,0.65,0.52,0.0,0.0
18,1963,3955,3955,98.23,1.01,0.0,0.63,0.38,0.0,0.0
18,1964,3985,3985,97.62,0.75,0.0,1.0,0.75,0.13,0.0
18,1965,3830,3830,97.0,0.91,0.13,1.04,1.17,0.13,0.0
18,1966,3890,3890,97.3,0.51,0.0,1.03,1.41,0.13,0.0
18,1967,3860,3860,96.89,0.52,0.26,1.3,1.3,0.13,0.0
18,1968,3805,3805,96.71,0.53,0.26,1.45,1.31,0.39,0.0
18,1969,3775,3775,95.63,0.93,0.66,1.85,1.32,0.13,0.0
18,1970,3815,3815,95.15,1.44,0.66,1.97,1.05,0.0,0.0
18,1971,3835,3835,93.74,1.83,0.52,2.87,1.17,0.13,0.0
18,1972,3750,3750,91.87,3.07,0.53,3.73,1.2,0.13,0.0
18,1973,3585,3585,91.21,3.35,0.28,4.46,0.98,0.0,0.0
18,1974,3310,3310,90.33,2.87,0.15,5.89,0.91,0.0,0.0
18,1975,2870,2870,89.2,5.4,0.17,4.53,0.87,0.17,0.0
18,1976,2620,2620,87.21,4.01,0.38,7.06,1.72,0.0,0.0
18,1977,2740,2740,84.49,6.57,0.36,6.2,2.55,0.18,0.0
18,1978,2560,2560,83.59,6.05,0.39,7.81,2.54,0.2,0.0
18,1979,2510,2510,85.06,6.18,0.6,7.37,1.2,0.2,0.0
18,1980,2695,2695,84.23,5.75,0.19,7.61,2.41,0.37,0.0
18,1981,2675,2675,83.36,5.79,0.56,8.79,1.68,0.19,0.0
18,1982,2655,2655,82.11,6.78,0.19,9.23,1.88,0.19,0.0
18,1983,2480,2480,82.46,6.45,0.2,9.88,1.21,0.0,0.0
18,1984,2520,2520,79.76,8.13,0.4,10.52,1.39,0.2,0.0
18,1985,2555,2555,77.89,7.05,0.78,12.13,2.35,0.39,0.0
18,1986,2465,2465,79.11,8.32,0.41,10.55,1.83,0.0,0.0
18,1987,2535,2535,77.12,8.28,0.39,12.62,1.78,0.0,0.0
18,1988,2440,2440,76.84,11.07,0.41,10.86,1.02,0.0,0.0
18,1989,2555,2555,76.13,9.78,0.59,12.33,1.37,0.0,0.0
18,1990,2535,2535,75.15,10.06,1.38,11.83,1.58,0.0,0.0
18,1991,2450,2450,72.65,10.61,1.02,13.88,2.04,0.2,0.0
18,1992,2395,2395,74.11,9.81,1.88,12.94,1.46,0.21,0.0
18,1993,2255,2255,74.28,9.31,1.77,13.97,1.11,0.22,0.0
18,1994,2170,2170,75.35,9.68,2.3,11.52,1.38,0.0,0.0
18,1995,2250,2250,72.0,9.78,3.56,14.44,0.67,0.0,0.0
18,1996,2365,2365,73.78,9.73,2.54,13.32,1.48,0.0,0.0
18,1997,2310,2310,73.16,9.52,2.81,14.29,0.87,0.0,0.0
18,1998,2290,2290,73.14,8.08,3.71,14.41,1.53,0.0,0.0
18,1999,2325,2325,72.9,9.03,3.44,13.76,1.94,0.22,0.0
18,2000,2310,2310,72.29,8.87,4.33,12.99,2.38,0.22,0.22
18,2001,2220,2220,70.72,10.36,3.83,13.96,2.03,0.23,0.0
18,2002,2125,2125,67.76,9.41,6.35,15.29,2.12,0.24,0.0
18,2003,2135,2135,62.3,8.9,5.62,19.91,4.22,0.23,0.0
18,2004,1995,1995,60.4,8.77,6.02,22.56,4.26,0.25,0.0
18,2005,2015,2015,57.07,8.44,7.44,24.57,5.46,0.5,0.0
18,2006,1900,1900,57.11,7.37,8.16,23.68,6.84,0.0,0.0
18,2007,1860,1860,53.49,8.06,9.68,24.46,7.26,0.0,0.54
18,2008,1825,1825,53.42,7.67,10.96,21.92,8.77,0.55,0.27
18,2009,1860,1860,51.34,6.72,12.63,23.92,8.6,0.81,0.0
18,2010,1755,1755,47.29,7.69,11.4,28.49,9.69,1.14,0.0
18,2011,1615,1615,46.44,6.81,14.24,25.7,9.6,1.55,0.31
18,2012,1650,1650,47.58,6.67,14.55,26.06,9.39,0.61,0.3
18,2013,1620,1620,49.07,5.56,12.65,27.78,11.42,0.62,0.0
18,2014,1535,1535,46.91,5.86,12.38,27.69,11.4,1.3,0.33
18,2015,1380,1380,48.19,5.8,12.68,26.81,10.87,1.09,0.0
18,2016,1385,1385,46.93,6.86,13.72,26.71,10.47,0.72,0.36
18,2017,1340,1340,42.91,5.6,13.06,29.1,14.18,1.12,1.12
18,2018,1235,1235,52.23,6.48,11.34,24.29,9.72,0.4,0.4
18,2019,1365,1365,46.89,4.76,13.55,26.37,14.29,1.1,0.37
18,2020,1295,1295,45.56,3.47,16.6,26.25,11.58,1.93,0.77
18,2021,1370,1370,43.8,5.11,15.69,27.74,12.04,1.09,0.36
18,2022,1275,1275,47.06,5.1,13.33,25.1,13.73,1.57,0.39
18,2023,1040,1040,40.87,3.85,16.35,29.81,14.9,0.96,0.0
18,2024,1095,1095,39.73,4.57,15.53,30.59,14.16,2.28,0.91
19,1900,3395,3395,99.26,0.0,0.15,0.59,0.0,0.0,0.0
19,1901,3920,3920,99.36,0.0,0.0,0.64,0.0,0.0,0.0
19,1902,3840,3840,99.09,0.0,0.13,0.78,0.0,0.0,0.0
19,1903,3795,3795,99.34,0.0,0.0,0.66,0.0,0.0,0.0
19,1904,3850,3850,98.83,0.0,0.26,0.91,0.0,0.0,0.0
19,1905,3935,3935,98.86,0.0,0.13,1.02,0.0,0.0,0.0
19,1906,3900,3895,99.1,0.0,0.13,0.77,0.0,0.0,0.0
19,1907,3960,3960,99.12,0.0,0.0,0.88,0.0,0.0,0.0
19,1908,4055,4055,99.38,0.0,0.0,0.62,0.0,0.0,0.0
19,1909,4120,4120,99.27,0.0,0.0,0.73,0.0,0.0,0.0
19,1910,4025,4025,99.63,0.0,0.0,0.37,0.0,0.0,0.0
19,1911,3565,3565,99.72,0.0,0.0,0.28,0.0,0.0,0.0
19,1912,3895,3895,99.1,0.0,0.0,0.9,0.0,0.0,0.0
19,1913,3740,3740,99.47,0.0,0.0,0.53,0.0,0.0,0.0
19,1914,3760,3760,99.34,0.0,0.0,0.66,0.0,0.0,0.0
19,1915,2740,2740,99.09,0.0,0.0,0.91,0.0,0.0,0.0
19,1916,1895,1895,99.47,0.0,0.0,0.53,0.0,0.0,0.0
19,1917,1980,1980,99.24,0.0,0.0,0.76,0.0,0.0,0.0
19,1918,2495,2495,99.8,0.0,0.0,0.2,0.0,0.0,0.0
19,1919,2255,2255,99.78,0.0,0.0,0.22,0.0,0.0,0.0
19,1920,4125,4125,99.76,0.0,0.0,0.24,0.0,0.0,0.0
19,1921,4305,4305,99.42,0.0,0.0,0.58,0.0,0.0,0.0
19,1922,4010,4010,99.63,0.0,0.0,0.37,0.0,0.0,0.0
19,1923,3730,3730,99.6,0.0,0.0,0.4,0.0,0.0,0.0
19,1924,3675,3675,99.73,0.0,0.0,0.27,0.0,0.0,0.0
19,1925,3775,3775,99.87,0.0,0.13,0.0,0.0,0.0,0.0
19,1926,3555,3555,99.58,0.0,0.0,0.42,0.0,0.0,0.0
19,1927,3490,3490,99.71,0.0,0.0,0.29,0.0,0.0,0.0
19,1928,3590,3590,99.58,0.0,0.0,0.42,0.0,0.0,0.0
19,1929,3470,3470,99.71,0.0,0.0,0.29,0.0,0.0,0.0
19,1930,3475,3475,100.0,0.0,0.0,0.0,0.0,0.0,0.0
19,1931,3410,3410,99.71,0.0,0.0,0.29,0.0,0.0,0.0
19,1932,3415,3415,99.71,0.0,0.0,0.29,0.0,0.0,0.0
19,1933,3245,3245,99.69,0.0,0.0,0.31,0.0,0.0,0.0
19,1934,3150,3150,99.68,0.0,0.0,0.32,0.0,0.0,0.0
19,1935,3125,3125,99.84,0.0,0.0,0.16,0.0,0.0,0.0
19,1936,2950,2950,99.83,0.0,0.0,0.17,0.0,0.0,0.0
19,1937,2825,2825,100.0,0.0,0.0,0.0,0.0,0.0,0.0
19,1938,2790,2790,99.82,0.0,0.0,0.18,0.0,0.0,0.0
19,1939,2945,2945,100.0,0.0,0.0,0.0,0.0,0.0,0.0
19,1940,2785,2785,99.82,0.18,0.0,0.0,0.0,0.0,0.0
19,1941,2575,2575,99.81,0.0,0.0,0.19,0.0,0.0,0.0
19,1942,2885,2885,99.65,0.0,0.0,0.35,0.0,0.0,0.0
19,1943,3350,3350,99.85,0.0,0.0,0.15,0.0,0.0,0.0
19,1944,3130,3130,99.84,0.0,0.0,0.16,0.0,0.0,0.0
19,1945,2910,2910,99.83,0.0,0.0,0.17,0.0,0.0,0.0
19,1946,4205,4205,99.64,0.0,0.12,0.24,0.0,0.0,0.0
19,1947,4225,4225,99.88,0.0,0.0,0.12,0.0,0.0,0.0
19,1948,4165,4165,99.64,0.12,0.0,0.24,0.0,0.0,0.0
19,1949,4160,4160,99.64,0.12,0.0,0.24,0.0,0.0,0.0
19,1950,4030,4030,99.63,0.12,0.0,0.25,0.0,0.0,0.0
19,1951,3855,3855,99.48,0.13,0.13,0.26,0.0,0.0,0.0
19,1952,3790,3790,99.47,0.26,0.13,0.13,0.0,0.0,0.0
19,1953,3635,3635,98.9,0.55,0.14,0.41,0.0,0.0,0.0
19,1954,3590,3590,98.75,0.7,0.14,0.42,0.0,0.0,0.0
19,1955,3300,3300,99.09,0.61,0.15,0.15,0.0,0.0,0.0
19,1956,3425,3425,98.25,1.02,0.29,0.44,0.0,0.0,0.0
19,1957,3355,3355,98.66,1.19,0.0,0.15,0.0,0.0,0.0
19,1958,3250,3250,98.46,1.38,0.15,0.0,0.0,0.0,0.0
19,1959,3250,3250,98.92,1.08,0.0,0.0,0.15,0.0,0.0
19,1960,3080,3080,98.21,1.79,0.0,0.0,0.0,0.0,0.0
19,1961,3160,3160,98.26,1.42,0.0,0.32,0.0,0.0,0.0
19,1962,3140,3140,98.41,1.27,0.0,0.16,0.32,0.0,0.0
19,1963,3065,3065,98.21,1.63,0.0,0.16,0.0,0.0,0.0
19,1964,3295,3295,98.33,1.21,0.0,0.3,0.3,0.0,0.0
19,1965,3080,3080,98.38,0.97,0.0,0.49,0.32,0.0,0.0
19,1966,3135,3135,97.93,1.12,0.16,0.48,0.48,0.0,0.0
19,1967,2875,2875,99.3,0.52,0.17,0.0,0.35,0.0,0.0
19,1968,2920,2920,98.8,0.68,0.0,0.17,0.51,0.0,0.0
19,1969,2855,2855,98.25,0.7,0.35,0.53,0.53,0.0,0.0
19,1970,2755,2755,96.55,0.54,1.09,1.45,0.91,0.0,0.0
19,1971,2990,2990,95.82,1.17,1.34,1.17,0.84,0.0,0.0
19,1972,2880,2880,94.1,2.26,2.43,0.87,0.69,0.0,0.0
19,1973,2870,2870,92.33,2.44,2.26,2.26,0.87,0.0,0.0
19,1974,2630,2630,92.59,2.47,1.33,2.85,1.14,0.0,0.0
19,1975,2435,2435,93.02,2.87,1.03,2.46,0.62,0.0,0.0
19,1976,2395,2395,91.02,4.18,1.46,2.51,1.04,0.0,0.0
19,1977,2345,2345,89.98,4.48,1.07,3.41,1.28,0.0,0.0
19,1978,2235,2235,90.16,4.7,0.89,3.36,1.34,0.22,0.0
19,1979,2430,2430,89.09,4.32,0.62,5.14,1.23,0.0,0.0
19,1980,2555,2555,89.43,4.5,0.59,4.11,1.76,0.2,0.0
19,1981,2500,2500,87.8,5.4,0.6,5.0,1.6,0.0,0.0
19,1982,2410,2410,88.8,6.22,0.41,3.73,1.04,0.0,0.0
19,1983,2285,2285,86.87,5.91,0.22,5.91,1.53,0.22,0.0
19,1984,2175,2175,84.37,8.05,0.23,6.44,1.15,0.23,0.0
19,1985,2070,2070,84.06,8.45,0.24,6.76,0.72,0.0,0.0
19,1986,2195,2195,83.37,7.74,0.0,7.29,1.82,0.0,0.0
19,1987,2105,2105,83.37,6.89,0.0,8.55,1.19,0.0,0.0
19,1988,2110,2110,83.41,7.58,0.24,7.82,1.18,0.0,0.0
19,1989,2045,2045,79.95,10.76,0.73,7.82,0.73,0.0,0.0
19,1990,1955,1955,81.07,8.7,0.51,9.72,0.26,0.0,0.0
19,1991,1930,1930,76.68,11.4,0.78,10.36,1.3,0.0,0.0
19,1992,1970,1970,78.43,9.64,0.51,10.15,1.27,0.0,0.0
19,1993,1825,1825,77.81,11.78,0.55,9.32,0.82,0.0,0.0
19,1994,1675,1675,76.12,12.54,1.19,8.96,1.19,0.0,0.0
19,1995,1820,1820,79.12,9.07,1.37,10.16,0.55,0.0,0.0
19,1996,1935,1935,78.29,8.79,1.03,11.63,0.52,0.0,0.0
19,1997,1915,1915,76.24,11.49,1.57,9.92,1.04,0.0,0.0
19,1998,1915,1915,74.15,11.23,2.61,11.75,0.52,0.0,0.0
19,1999,1990,1990,75.13,9.8,3.02,11.31,2.01,0.0,0.0
19,2000,2110,2110,72.51,9.95,2.84,13.51,1.42,0.0,0.0
19,2001,2055,2055,70.07,12.9,4.62,10.71,2.43,0.0,0.0
19,2002,1970,1970,71.07,10.66,4.31,13.71,0.76,0.0,0.0
19,2003,1890,1890,65.34,11.11,6.88,15.61,2.38,0.0,0.0
19,2004,1870,1870,62.03,8.56,6.95,20.05,4.01,1.07,0.0
19,2005,1955,1955,63.68,7.16,5.63,20.2,4.09,0.26,0.26
19,2006,1965,1965,60.05,8.14,7.38,21.12,5.6,0.0,0.0
19,2007,1870,1870,59.89,6.95,8.82,20.86,5.08,0.0,0.27
19,2008,1845,1845,54.74,7.05,10.84,23.85,6.23,0.0,0.0
19,2009,1770,1770,53.67,7.63,11.02,23.73,6.78,0.0,0.28
19,2010,1830,1830,51.64,7.65,9.29,25.41,8.47,0.82,0.0
19,2011,1660,1660,51.81,6.93,10.84,26.51,6.93,0.3,0.3
19,2012,1655,1655,52.57,6.34,12.99,23.26,9.06,0.3,0.3
19,2013,1445,1445,55.02,6.92,8.65,25.26,8.3,0.0,0.0
19,2014,1525,1525,52.79,7.21,13.11,23.61,7.54,1.31,0.0
19,2015,1425,1425,50.88,6.32,12.63,24.56,11.23,0.35,0.0
19,2016,1385,1385,51.62,5.78,11.91,24.91,9.75,0.36,0.36
19,2017,1340,1340,51.12,6.34,10.45,27.61,10.45,0.37,0.0
19,2018,1335,1335,52.43,6.37,9.74,27.34,7.87,0.37,0.0
19,2019,1250,1250,52.8,5.6,10.4,24.4,10.0,0.4,0.4
19,2020,1265,1265,49.01,5.53,13.04,28.06,7.11,0.79,0.79
19,2021,1275,1275,50.59,4.31,12.94,28.63,8.24,1.18,0.0
19,2022,1175,1175,48.51,5.53,12.34,27.66,9.79,0.43,0.0
19,2023,1080,1080,50.0,6.02,12.04,26.85,9.26,1.39,0.0
19,2024,1070,1070,44.86,4.67,16.36,29.91,8.88,0.47,0.47
20,1900,3350,3350,97.46,0.0,0.6,1.49,0.45,0.0,0.0
20,1901,3230,3230,97.83,0.0,0.77,0.93,0.46,0.0,0.0
20,1902,3330,3330,97.75,0.0,0.9,0.9,0.45,0.0,0.0
20,1903,3650,3650,96.99,0.0,0.96,1.64,0.41,0.0,0.0
20,1904,3615,3605,97.78,0.0,0.55,1.25,0.42,0.0,0.0
20,1905,3750,3745,97.46,0.0,1.07,1.2,0.27,0.0,0.0
20,1906,3590,3590,98.05,0.0,0.7,0.97,0.28,0.0,0.0
20,1907,3655,3655,97.95,0.0,0.68,0.96,0.41,0.0,0.0
20,1908,3975,3975,97.86,0.0,0.63,1.01,0.5,0.0,0.0
20,1909,3645,3645,98.08,0.0,0.55,1.1,0.27,0.0,0.0
20,1910,3755,3755,97.74,0.0,0.53,1.2,0.53,0.0,0.0
20,1911,3800,3800,97.63,0.0,0.79,0.92,0.66,0.0,0.0
20,1912,3955,3955,97.85,0.0,0.76,1.01,0.38,0.0,0.0
20,1913,3965,3965,98.23,0.0,0.5,0.88,0.38,0.0,0.0
20,1914,3970,3960,98.11,0.0,0.38,1.26,0.25,0.0,0.0
20,1915,2895,2895,98.1,0.0,0.35,1.21,0.35,0.0,0.0
20,1916,2655,2655,98.49,0.0,0.0,0.94,0.56,0.0,0.0
20,1917,2735,2735,97.99,0.18,0.55,1.1,0.18,0.0,0.0
20,1918,2715,2715,97.61,0.0,0.92,1.1,0.37,0.0,0.0
20,1919,3070,3070,97.56,0.0,0.81,1.3,0.33,0.0,0.0
20,1920,4230,4230,97.87,0.0,0.47,1.42,0.24,0.0,0.0
20,1921,3940,3940,98.35,0.0,0.51,0.76,0.38,0.0,0.0
20,1922,3745,3745,97.86,0.0,0.67,1.2,0.27,0.0,0.0
20,1923,3840,3840,98.05,0.0,0.39,1.3,0.26,0.0,0.0
20,1924,3525,3520,98.01,0.0,0.71,0.99,0.43,0.0,0.0
20,1925,3485,3485,98.42,0.0,0.14,1.29,0.14,0.0,0.0
20,1926,3450,3450,97.83,0.0,0.72,1.16,0.29,0.0,0.0
20,1927,3170,3170,97.95,0.0,0.32,1.42,0.32,0.0,0.0
20,1928,3235,3235,98.45,0.0,0.46,0.77,0.31,0.0,0.0
20,1929,3230,3230,97.83,0.0,0.31,1.55,0.31,0.0,0.0
20,1930,3060,3060,98.53,0.0,0.16,1.14,0.16,0.0,0.0
20,1931,3000,3000,98.17,0.0,0.33,1.33,0.17,0.0,0.0
20,1932,2945,2945,98.64,0.0,0.17,0.85,0.34,0.0,0.0
20,1933,2990,2990,98.66,0.0,0.33,0.84,0.17,0.0,0.0
20,1934,2870,2870,98.26,0.0,0.35,1.05,0.35,0.0,0.0
20,1935,2895,2895,97.93,0.0,0.35,1.38,0.52,0.0,0.0
20,1936,2820,2820,98.23,0.0,0.35,1.06,0.35,0.0,0.0
20,1937,2715,2715,97.24,0.0,0.55,2.03,0.37,0.0,0.0
20,1938,2515,2515,98.41,0.2,0.0,1.19,0.2,0.0,0.0
20,1939,2640,2640,98.3,0.19,0.0,1.33,0.19,0.0,0.0
20,1940,2860,2860,98.78,0.0,0.0,1.05,0.17,0.0,0.0
20,1941,2440,2440,98.98,0.0,0.0,0.82,0.2,0.0,0.0
20,1942,2695,2695,99.26,0.0,0.0,0.74,0.0,0.0,0.0
20,1943,2590,2590,98.26,0.0,0.0,1.54,0.19,0.0,0.0
20,1944,2655,2655,98.68,0.0,0.0,1.13,0.19,0.0,0.0
20,1945,2440,2440,98.77,0.0,0.0,1.23,0.0,0.0,0.0
20,1946,3170,3170,98.58,0.0,0.32,0.95,0.16,0.0,0.0
20,1947,3020,3020,98.68,0.0,0.0,1.32,0.0,0.0,0.0
20,1948,3045,3045,98.52,0.49,0.16,0.82,0.0,0.0,0.0
20,1949,2980,2980,98.66,0.17,0.17,1.01,0.0,0.0,0.0
20,1950,2955,2955,98.82,0.0,0.0,1.18,0.0,0.0,0.0
20,1951,2840,2840,98.06,0.0,0.18,1.58,0.18,0.0,0.0
20,1952,2830,2830,99.12,0.0,0.0,0.71,0.18,0.0,0.0
20,1953,2545,2545,98.82,0.2,0.0,0.98,0.0,0.0,0.0
20,1954,2545,2545,99.41,0.0,0.0,0.59,0.0,0.0,0.0
20,1955,2495,2495,99.0,0.0,0.0,1.0,0.0,0.0,0.0
20,1956,2570,2570,98.44,0.19,0.0,1.36,0.0,0.0,0.0
20,1957,2565,2565,98.44,0.0,0.0,1.17,0.39,0.0,0.0
20,1958,2395,2395,99.37,0.0,0.0,0.63,0.0,0.0,0.0
20,1959,2410,2410,97.93,0.62,0.0,1.45,0.0,0.0,0.0
20,1960,2280,2280,97.59,0.0,0.0,1.97,0.44,0.0,0.0
20,1961,2415,2415,97.93,0.21,0.0,1.86,0.21,0.0,0.0
20,1962,2450,2450,96.94,0.2,0.2,2.65,0.41,0.0,0.0
20,1963,2525,2525,97.23,0.2,0.0,2.38,0.2,0.0,0.0
20,1964,2645,2645,96.98,0.19,0.0,2.46,0.38,0.0,0.0
20,1965,2615,2615,95.79,0.57,0.0,3.44,0.38,0.0,0.0
20,1966,2650,2650,96.23,0.75,0.0,3.02,0.19,0.0,0.0
20,1967,2605,2605,96.16,0.96,0.0,2.5,0.38,0.0,0.0
20,1968,2525,2525,94.85,0.59,0.0,3.76,0.99,0.2,0.0
20,1969,2340,2340,95.73,0.85,0.21,2.35,1.28,0.0,0.0
20,1970,2440,2440,95.08,1.02,0.0,2.25,1.64,0.2,0.0
20,1971,2435,2435,94.66,1.23,0.21,2.46,1.85,0.0,0.0
20,1972,2520,2520,91.87,2.58,0.2,2.98,2.78,0.2,0.0
20,1973,2395,2395,89.98,3.13,0.42,3.97,2.92,0.21,0.0
20,1974,2190,2190,88.81,2.97,0.23,4.79,3.65,0.0,0.0
20,1975,2065,2065,89.1,3.39,0.0,4.6,3.15,0.0,0.0
20,1976,1855,1855,85.44,5.39,0.54,5.39,3.5,0.0,0.0
20,1977,2025,2025,85.68,4.94,0.0,4.94,4.94,0.99,0.0
20,1978,2030,2030,85.96,4.68,0.25,5.67,3.69,0.74,0.0
20,1979,2155,2155,81.44,6.26,0.23,7.66,4.64,0.23,0.0
20,1980,2240,2240,84.82,5.58,0.22,6.25,3.35,0.45,0.0
20,1981,2385,2385,79.25,6.08,0.42,8.6,5.87,0.84,0.0
20,1982,2290,2290,81.0,6.55,0.66,6.99,5.02,1.09,0.0
20,1983,2405,2405,77.96,6.03,0.0,9.56,6.65,0.83,0.0
20,1984,2245,2245,74.61,7.8,0.22,10.24,7.35,0.67,0.0
20,1985,2190,2190,74.66,7.31,0.23,10.5,7.53,1.37,0.0
20,1986,2260,2260,75.66,5.53,0.22,10.18,8.63,1.77,0.0
20,1987,2255,2255,73.84,7.54,0.44,11.09,7.54,0.67,0.0
20,1988,2260,2260,74.34,7.3,0.88,11.5,6.42,0.66,0.0
20,1989,2260,2260,72.12,8.63,1.11,11.73,6.64,0.22,0.0
20,1990,2225,2225,67.19,8.99,1.35,14.16,8.76,1.12,0.0
20,1991,2120,2120,68.16,8.73,1.65,13.44,8.25,0.71,0.0
20,1992,2100,2100,68.81,10.24,2.14,13.57,5.71,0.24,0.0
20,1993,1995,1995,70.43,9.27,1.5,13.28,6.52,0.5,0.0
20,1994,2065,2065,66.83,7.99,1.69,14.77,9.2,1.21,0.0
20,1995,2180,2180,68.35,6.42,2.29,13.99,9.63,0.92,0.0
20,1996,2010,2010,67.16,9.45,2.74,14.68,6.22,0.75,0.0
20,1997,1945,1945,65.55,7.71,1.8,16.2,9.25,0.51,0.0
20,1998,1970,1970,66.75,7.61,2.79,15.74,7.87,1.02,0.0
20,1999,1885,1885,62.6,8.75,3.45,16.71,9.55,0.27,0.0
20,2000,2075,2075,62.41,9.16,5.3,14.22,9.88,0.96,0.0
20,2001,1840,1840,60.33,6.79,6.79,18.21,9.24,0.54,0.27
20,2002,2020,2020,55.69,7.43,5.2,19.31,13.61,0.99,0.0
20,2003,1915,1905,53.81,6.82,7.09,23.36,10.76,0.52,0.26
20,2004,1840,1835,52.32,7.08,7.36,25.34,10.35,0.27,0.0
20,2005,2000,2000,51.0,6.5,8.25,27.75,8.75,0.25,0.0
20,2006,1950,1950,49.23,4.87,8.46,28.72,12.05,0.51,0.26
20,2007,2020,2020,47.77,6.19,8.66,27.97,12.13,0.25,0.0
20,2008,2005,2005,47.13,4.24,9.73,29.18,13.72,0.25,0.0
20,2009,2085,2085,46.04,4.8,9.35,28.54,14.87,0.24,0.0
20,2010,1945,1945,42.16,5.14,10.8,29.56,14.65,0.77,0.26
20,2011,2030,2030,41.13,3.94,12.32,31.28,15.02,0.25,0.0
20,2012,1985,1980,41.92,3.54,11.11,32.32,14.14,0.76,0.0
20,2013,1870,1865,41.02,3.22,12.06,33.51,14.75,0.8,0.0
20,2014,1975,1960,38.78,4.08,10.2,32.65,18.88,0.51,0.0
20,2015,1765,1760,40.91,3.41,11.36,31.82,16.48,0.28,0.0
20,2016,1860,1855,38.01,3.23,13.75,33.15,15.63,0.54,0.0
20,2017,1845,1840,39.4,3.8,12.77,30.98,16.58,0.27,0.0
20,2018,1830,1825,33.7,3.56,12.88,35.89,17.53,0.55,0.27
20,2019,1820,1805,38.78,4.16,12.47,33.52,14.4,0.28,0.0
20,2020,1700,1685,37.98,1.78,13.06,37.69,13.65,0.59,0.0
20,2021,1690,1685,31.75,3.26,16.91,39.47,12.17,0.0,0.0
20,2022,1690,1675,34.03,2.39,14.93,40.0,11.34,0.6,0.0
20,2023,1440,1430,35.66,2.45,12.24,43.01,9.79,0.0,0.0
20,2024,1390,1365,36.26,2.93,11.72,39.19,12.45,0.37,0.0
21,1900,2930,2930,99.83,0.0,0.0,0.17,0.0,0.0,0.0
21,1901,3280,3280,99.54,0.0,0.0,0.46,0.0,0.0,0.0
21,1902,3380,3380,99.7,0.0,0.0,0.3,0.0,0.0,0.0
21,1903,3330,3330,99.85,0.0,0.0,0.15,0.0,0.0,0.0
21,1904,3315,3315,99.55,0.0,0.0,0.45,0.0,0.0,0.0
21,1905,3385,3385,99.7,0.0,0.0,0.3,0.0,0.0,0.0
21,1906,3445,3445,99.71,0.0,0.0,0.29,0.0,0.0,0.0
21,1907,3475,3475,99.42,0.0,0.0,0.58,0.0,0.0,0.0
21,1908,3555,3555,99.72,0.0,0.0,0.28,0.0,0.0,0.0
21,1909,3640,3640,99.73,0.0,0.0,0.27,0.0,0.0,0.0
21,1910,3670,3670,99.73,0.0,0.0,0.27,0.0,0.0,0.0
21,1911,3450,3450,99.42,0.0,0.0,0.58,0.0,0.0,0.0
21,1912,3655,3655,99.86,0.0,0.0,0.14,0.0,0.0,0.0
21,1913,3705,3705,99.73,0.0,0.0,0.27,0.0,0.0,0.0
21,1914,3720,3720,99.87,0.0,0.0,0.13,0.0,0.0,0.0
21,1915,2390,2390,99.58,0.0,0.0,0.42,0.0,0.0,0.0
21,1916,2070,2070,100.0,0.0,0.0,0.0,0.0,0.0,0.0
21,1917,2250,2250,100.0,0.0,0.0,0.0,0.0,0.0,0.0
21,1918,2775,2775,99.82,0.0,0.0,0.18,0.0,0.0,0.0
21,1919,2900,2900,99.31,0.0,0.0,0.69,0.0,0.0,0.0
21,1920,4685,4685,99.89,0.0,0.0,0.11,0.0,0.0,0.0
21,1921,4650,4650,99.89,0.0,0.0,0.11,0.0,0.0,0.0
21,1922,4480,4480,99.78,0.0,0.0,0.22,0.0,0.0,0.0
21,1923,4295,4295,99.88,0.0,0.0,0.12,0.0,0.0,0.0
21,1924,4325,4325,99.65,0.0,0.0,0.35,0.0,0.0,0.0
21,1925,4475,4475,99.78,0.0,0.0,0.22,0.0,0.0,0.0
21,1926,4610,4610,99.57,0.0,0.0,0.43,0.0,0.0,0.0
21,1927,4510,4510,99.56,0.0,0.0,0.44,0.0,0.0,0.0
21,1928,4620,4620,99.57,0.0,0.0,0.43,0.0,0.0,0.0
21,1929,4660,4660,99.36,0.0,0.0,0.64,0.0,0.0,0.0
21,1930,4745,4745,99.05,0.0,0.11,0.84,0.0,0.0,0.0
21,1931,4720,4720,99.15,0.0,0.21,0.64,0.0,0.0,0.0
21,1932,4780,4780,99.48,0.0,0.1,0.42,0.0,0.0,0.0
21,1933,4640,4640,99.35,0.0,0.22,0.43,0.0,0.0,0.0
21,1934,4570,4570,99.34,0.0,0.33,0.33,0.0,0.0,0.0
21,1935,4375,4375,98.97,0.11,0.23,0.69,0.0,0.0,0.0
21,1936,4510,4510,98.89,0.0,0.55,0.55,0.0,0.0,0.0
21,1937,4430,4430,98.76,0.0,0.56,0.68,0.0,0.0,0.0
21,1938,4410,4410,98.87,0.0,0.57,0.57,0.0,0.0,0.0
21,1939,4705,4705,98.94,0.0,0.53,0.53,0.0,0.0,0.0
21,1940,4230,4230,99.05,0.0,0.83,0.12,0.12,0.0,0.0
21,1941,3760,3760,98.94,0.0,0.66,0.4,0.0,0.0,0.0
21,1942,4095,4095,99.27,0.0,0.37,0.37,0.0,0.0,0.0
21,1943,4550,4550,98.9,0.0,0.77,0.33,0.0,0.0,0.0
21,1944,5045,5045,98.81,0.0,0.69,0.5,0.0,0.0,0.0
21,1945,5295,5295,98.11,0.09,1.13,0.66,0.0,0.0,0.0
21,1946,6925,6925,98.19,0.07,1.01,0.72,0.0,0.0,0.0
21,1947,7485,7485,98.33,0.07,1.07,0.53,0.07,0.0,0.0
21,1948,7425,7425,98.45,0.07,0.81,0.67,0.0,0.0,0.0
21,1949,7530,7530,98.61,0.07,0.8,0.53,0.0,0.0,0.0
21,1950,7325,7325,98.57,0.07,0.61,0.75,0.07,0.0,0.0
21,1951,7105,7105,98.52,0.14,0.7,0.63,0.07,0.0,0.0
21,1952,6840,6840,98.61,0.37,0.44,0.58,0.07,0.0,0.0
21,1953,6810,6810,97.94,0.44,0.81,0.81,0.07,0.0,0.0
21,1954,6840,6840,98.54,0.29,0.58,0.51,0.07,0.0,0.0
21,1955,6710,6710,98.06,0.52,0.6,0.75,0.15,0.0,0.0
21,1956,6795,6795,98.23,0.44,0.66,0.59,0.15,0.0,0.0
21,1957,6780,6780,98.3,0.52,0.44,0.66,0.22,0.0,0.0
21,1958,6730,6730,98.22,0.74,0.45,0.52,0.22,0.0,0.0
21,1959,6830,6830,97.88,1.02,0.44,0.59,0.22,0.0,0.0
21,1960,6865,6865,97.74,1.02,0.36,0.66,0.29,0.0,0.0
21,1961,6815,6815,97.8,1.03,0.15,0.81,0.44,0.07,0.0
21,1962,6815,6815,98.02,1.1,0.15,0.59,0.44,0.0,0.0
21,1963,7105,7105,97.33,1.41,0.14,0.7,0.7,0.14,0.0
21,1964,7220,7220,97.3,0.97,0.28,0.62,1.04,0.14,0.0
21,1965,7010,7010,97.72,0.86,0.29,0.57,0.78,0.0,0.0
21,1966,7040,7040,97.73,0.78,0.36,0.43,0.99,0.21,0.0
21,1967,7135,7135,96.99,0.77,0.28,0.98,1.33,0.14,0.0
21,1968,7080,7080,97.39,0.78,0.28,0.71,1.06,0.21,0.0
21,1969,7275,7275,96.7,0.89,0.34,1.24,1.24,0.21,0.0
21,1970,7210,7210,95.7,0.9,0.49,1.8,1.53,0.14,0.0
21,1971,7455,7455,95.31,1.07,0.47,1.74,1.74,0.27,0.0
21,1972,7585,7585,92.95,1.98,0.46,3.23,1.78,0.26,0.0
21,1973,7340,7340,91.55,2.86,0.14,3.61,2.25,0.14,0.0
21,1974,6735,6735,91.24,2.97,0.22,3.12,2.67,0.52,0.0
21,1975,6070,6070,89.13,4.2,0.33,3.46,3.21,0.49,0.0
21,1976,5950,5950,88.24,3.95,0.42,3.95,3.7,0.76,0.0
21,1977,6260,6260,87.46,4.95,0.4,3.75,3.91,0.64,0.0
21,1978,6080,6080,86.35,4.85,0.41,4.77,4.03,0.58,0.0
21,1979,6375,6375,85.41,5.18,0.55,5.57,3.61,0.63,0.0
21,1980,6710,6710,85.17,4.77,0.75,5.14,4.55,0.6,0.0
21,1981,6455,6455,82.34,6.43,0.77,5.73,4.88,1.16,0.0
21,1982,6330,6330,84.44,5.53,0.47,6.71,3.08,0.39,0.0
21,1983,6070,6070,83.36,5.68,0.49,6.51,4.12,0.91,0.0
21,1984,6065,6065,81.53,6.76,0.49,7.83,3.71,0.66,0.0
21,1985,6310,6310,81.22,6.5,0.48,9.35,2.77,0.32,0.0
21,1986,6350,6350,80.16,6.61,0.94,9.45,3.31,0.24,0.0
21,1987,6165,6165,79.32,7.06,0.73,10.3,2.92,0.24,0.0
21,1988,6155,6155,78.31,9.67,0.65,9.1,2.52,0.41,0.0
21,1989,5945,5945,77.12,8.66,1.09,11.27,2.19,0.17,0.0
21,1990,5935,5935,75.65,9.27,1.26,11.79,2.44,0.08,0.0
21,1991,5740,5740,75.96,9.76,1.31,10.63,2.79,0.17,0.0
21,1992,5510,5510,73.77,9.98,1.54,12.43,2.81,0.09,0.0
21,1993,5175,5175,73.62,10.92,1.74,11.98,2.13,0.0,0.0
21,1994,5090,5090,75.15,9.23,2.06,11.49,2.36,0.0,0.0
21,1995,5395,5395,74.33,8.16,2.78,12.88,2.32,0.19,0.0
21,1996,5505,5505,75.57,8.99,2.54,11.35,2.45,0.0,0.0
21,1997,5385,5385,75.02,8.26,2.6,12.26,2.14,0.0,0.0
21,1998,5485,5485,74.38,8.57,3.19,12.22,2.37,0.27,0.0
21,1999,5395,5395,72.66,9.08,3.34,13.07,3.15,0.09,0.0
21,2000,5650,5650,72.12,9.12,3.36,13.36,3.01,0.27,0.0
21,2001,5410,5410,69.41,9.61,4.44,13.49,4.34,0.28,0.0
21,2002,5385,5385,65.65,10.12,5.39,16.06,4.09,0.19,0.0
21,2003,5240,5240,63.93,8.4,6.11,18.61,4.68,0.29,0.0
21,2004,5415,5415,61.68,7.29,6.56,19.48,7.2,0.37,0.09
21,2005,5120,5120,59.67,7.81,7.52,19.63,7.62,0.39,0.1
21,2006,5280,5280,56.82,7.2,9.09,21.59,7.77,0.19,0.0
21,2007,5055,5055,57.07,5.64,9.4,20.97,9.59,0.49,0.1
21,2008,5000,5000,53.6,5.7,10.5,23.5,9.9,0.5,0.2
21,2009,4870,4870,52.98,5.85,10.88,23.1,10.68,0.41,0.1
21,2010,4875,4875,50.97,5.95,10.87,23.79,12.21,0.62,0.21
21,2011,4690,4690,51.28,5.86,11.09,23.67,11.73,0.53,0.11
21,2012,4650,4650,52.15,5.59,10.75,22.15,12.58,0.54,0.32
21,2013,4625,4625,49.95,5.3,12.32,23.24,13.08,1.3,0.43
21,2014,4580,4580,49.02,5.13,11.68,24.45,14.19,0.98,0.33
21,2015,4345,4345,49.94,5.64,11.74,23.36,14.27,1.15,0.35
21,2016,4200,4200,50.0,5.0,10.6,23.69,14.52,1.19,0.24
21,2017,4245,4245,50.88,4.0,12.37,22.26,14.25,1.65,0.35
21,2018,4150,4150,49.64,4.7,10.6,24.1,14.58,0.84,0.48
21,2019,4070,4070,48.65,4.79,12.04,23.71,15.11,1.11,0.12
21,2020,4005,4005,48.31,4.74,13.61,23.22,14.73,1.12,0.12
21,2021,3955,3955,47.41,4.17,13.53,25.66,12.77,1.64,0.38
21,2022,3805,3805,47.17,3.81,13.4,25.36,13.53,1.18,0.26
21,2023,3595,3595,47.43,3.89,13.49,24.34,15.58,1.11,0.14
21,2024,3290,3285,47.95,3.65,13.39,23.9,15.22,1.98,0.15
22,1900,6125,6125,99.59,0.0,0.0,0.41,0.0,0.0,0.0
22,1901,6725,6725,99.18,0.0,0.15,0.67,0.0,0.0,0.0
22,1902,6935,6935,99.28,0.0,0.07,0.65,0.0,0.0,0.0
22,1903,7355,7355,99.52,0.0,0.07,0.41,0.0,0.0,0.0
22,1904,7425,7425,99.39,0.0,0.0,0.61,0.0,0.0,0.0
22,1905,7655,7655,99.15,0.0,0.13,0.72,0.0,0.0,0.0
22,1906,7625,7620,99.41,0.0,0.0,0.59,0.0,0.0,0.0
22,1907,7715,7715,99.29,0.0,0.06,0.65,0.0,0.0,0.0
22,1908,8135,8135,99.39,0.0,0.0,0.61,0.0,0.0,0.0
22,1909,8590,8590,99.48,0.0,0.06,0.47,0.0,0.0,0.0
22,1910,8610,8610,99.48,0.0,0.0,0.52,0.0,0.0,0.0
22,1911,8180,8180,99.45,0.0,0.0,0.49,0.06,0.0,0.0
22,1912,8830,8830,99.38,0.0,0.0,0.62,0.0,0.0,0.0
22,1913,8735,8735,99.37,0.0,0.06,0.57,0.0,0.0,0.0
22,1914,8790,8790,99.2,0.0,0.06,0.74,0.0,0.0,0.0
22,1915,5725,5725,99.39,0.0,0.0,0.61,0.0,0.0,0.0
22,1916,4665,4665,99.46,0.0,0.0,0.54,0.0,0.0,0.0
22,1917,4990,4990,99.6,0.0,0.0,0.4,0.0,0.0,0.0
22,1918,6485,6485,99.46,0.0,0.0,0.54,0.0,0.0,0.0
22,1919,6670,6670,99.48,0.0,0.0,0.52,0.0,0.0,0.0
22,1920,11120,11120,99.37,0.0,0.04,0.54,0.04,0.0,0.0
22,1921,10340,10340,99.42,0.0,0.0,0.58,0.0,0.0,0.0
22,1922,9785,9785,99.39,0.0,0.0,0.61,0.0,0.0,0.0
22,1923,10055,10055,99.6,0.0,0.0,0.4,0.0,0.0,0.0
22,1924,9795,9795,99.54,0.0,0.0,0.46,0.0,0.0,0.0
22,1925,9910,9910,99.6,0.0,0.0,0.4,0.0,0.0,0.0
22,1926,9800,9800,99.54,0.0,0.0,0.46,0.0,0.0,0.0
22,1927,9675,9675,99.69,0.0,0.0,0.31,0.0,0.0,0.0
22,1928,9655,9655,99.59,0.0,0.0,0.41,0.0,0.0,0.0
22,1929,9275,9275,99.51,0.0,0.0,0.49,0.0,0.0,0.0
22,1930,9345,9345,99.57,0.0,0.05,0.37,0.0,0.0,0.0
22,1931,9175,9175,99.73,0.0,0.0,0.27,0.0,0.0,0.0
22,1932,9195,9195,99.73,0.0,0.05,0.22,0.0,0.0,0.0
22,1933,8630,8630,99.59,0.0,0.0,0.41,0.0,0.0,0.0
22,1934,8645,8645,99.54,0.0,0.0,0.4,0.06,0.0,0.0
22,1935,8170,8170,99.76,0.0,0.0,0.24,0.0,0.0,0.0
22,1936,8240,8240,99.76,0.0,0.06,0.18,0.0,0.0,0.0
22,1937,8030,8030,99.56,0.0,0.06,0.37,0.0,0.0,0.0
22,1938,7510,7510,99.73,0.0,0.07,0.2,0.0,0.0,0.0
22,1939,7650,7650,99.67,0.07,0.07,0.2,0.0,0.0,0.0
22,1940,7500,7500,99.6,0.07,0.07,0.27,0.0,0.0,0.0
22,1941,5850,5850,99.74,0.0,0.0,0.26,0.0,0.0,0.0
22,1942,6830,6830,99.78,0.0,0.07,0.15,0.0,0.0,0.0
22,1943,7840,7840,99.68,0.0,0.13,0.19,0.0,0.0,0.0
22,1944,7860,7860,99.68,0.0,0.06,0.25,0.0,0.0,0.0
22,1945,7850,7850,99.49,0.06,0.13,0.32,0.0,0.0,0.0
22,1946,11075,11075,99.73,0.0,0.09,0.18,0.0,0.0,0.0
22,1947,11405,11405,99.61,0.0,0.13,0.22,0.04,0.0,0.0
22,1948,11145,11145,99.24,0.09,0.4,0.27,0.0,0.0,0.0
22,1949,10490,10490,99.24,0.05,0.33,0.38,0.0,0.0,0.0
22,1950,10115,10115,99.16,0.05,0.3,0.49,0.0,0.0,0.0
22,1951,9685,9685,99.12,0.1,0.46,0.31,0.0,0.0,0.0
22,1952,9405,9405,98.78,0.27,0.48,0.48,0.0,0.0,0.0
22,1953,9170,9170,98.91,0.22,0.44,0.44,0.05,0.0,0.0
22,1954,9065,9065,98.68,0.39,0.44,0.5,0.06,0.0,0.0
22,1955,9010,9010,98.39,0.44,0.44,0.72,0.06,0.0,0.0
22,1956,8880,8880,98.37,0.51,0.39,0.68,0.11,0.0,0.0
22,1957,8785,8785,98.29,0.63,0.4,0.68,0.06,0.0,0.0
22,1958,8645,8645,98.21,0.69,0.46,0.58,0.12,0.0,0.0
22,1959,8490,8490,97.64,1.0,0.53,0.77,0.12,0.0,0.0
22,1960,8010,8010,97.94,0.94,0.31,0.69,0.19,0.0,0.0
22,1961,8285,8285,97.34,1.27,0.54,0.84,0.18,0.0,0.0
22,1962,7860,7860,97.14,1.59,0.38,0.83,0.25,0.0,0.0
22,1963,8165,8165,97.55,1.16,0.31,0.8,0.37,0.0,0.0
22,1964,8115,8115,97.66,0.99,0.43,0.8,0.31,0.0,0.0
22,1965,7895,7895,97.97,0.95,0.19,0.76,0.32,0.0,0.0
22,1966,7770,7770,97.43,1.16,0.45,0.84,0.45,0.0,0.0
22,1967,7500,7500,97.4,0.87,0.47,1.13,0.47,0.0,0.0
22,1968,7420,7420,96.83,0.94,0.67,1.42,0.4,0.0,0.0
22,1969,7590,7590,96.38,0.79,0.66,1.98,0.33,0.0,0.0
22,1970,7495,7495,95.8,0.8,0.8,2.4,0.6,0.07,0.0
22,1971,7680,7680,94.34,1.3,1.24,2.93,0.52,0.0,0.0
22,1972,7600,7600,92.89,1.58,0.92,4.28,0.86,0.07,0.0
22,1973,7705,7705,91.82,1.95,1.1,4.93,0.65,0.06,0.0
22,1974,7195,7195,90.06,2.43,0.56,6.67,0.63,0.07,0.0
22,1975,6470,6470,89.41,3.17,0.85,6.26,0.77,0.0,0.0
22,1976,6150,6150,88.94,4.15,0.73,6.02,0.49,0.0,0.0
22,1977,6290,6290,88.39,4.61,0.64,6.2,0.56,0.08,0.0
22,1978,6210,6210,87.68,4.35,0.97,6.84,0.64,0.0,0.0
22,1979,6265,6265,87.55,4.79,0.72,6.78,0.48,0.08,0.0
22,1980,6605,6605,87.81,4.69,0.45,6.81,0.45,0.0,0.0
22,1981,6820,6820,86.29,4.91,0.81,7.7,0.59,0.07,0.0
22,1982,6400,6400,85.86,5.62,0.39,7.73,0.7,0.0,0.0
22,1983,5855,5855,85.4,5.89,0.6,8.03,0.51,0.0,0.0
22,1984,5790,5790,84.72,6.13,0.52,8.55,0.43,0.0,0.0
22,1985,5985,5985,83.46,5.85,0.84,9.69,0.58,0.0,0.0
22,1986,6055,6055,83.07,5.95,0.74,10.07,0.58,0.0,0.0
22,1987,5795,5795,82.23,7.51,1.21,9.15,0.17,0.0,0.0
22,1988,5635,5635,80.57,8.25,1.06,9.76,0.44,0.0,0.0
22,1989,5355,5355,80.3,8.68,1.12,9.99,0.19,0.0,0.0
22,1990,5225,5225,78.37,9.0,1.34,11.1,0.67,0.0,0.0
22,1991,4925,4925,78.98,9.64,1.12,10.25,0.3,0.0,0.0
22,1992,4890,4890,77.91,9.1,1.84,11.04,0.41,0.1,0.0
22,1993,4595,4595,77.15,9.58,2.5,10.55,0.54,0.11,0.22
22,1994,4720,4720,75.85,9.22,2.86,11.97,0.32,0.0,0.0
22,1995,4770,4770,77.04,8.28,2.83,11.74,0.63,0.0,0.0
22,1996,5075,5075,75.96,8.57,3.15,12.32,0.49,0.1,0.1
22,1997,4885,4885,75.64,8.09,3.58,12.79,0.51,0.1,0.0
22,1998,4830,4830,74.95,7.97,4.14,13.46,0.62,0.0,0.0
22,1999,5060,5060,72.23,8.7,4.74,13.83,1.48,0.1,0.3
22,2000,5280,5280,71.31,8.33,5.87,14.2,1.14,0.09,0.19
22,2001,4965,4965,67.88,8.56,6.24,17.02,1.11,0.2,0.2
22,2002,5105,5105,65.62,9.01,6.56,17.92,2.35,0.2,0.2
22,2003,5040,5040,61.81,8.13,7.94,20.63,3.37,0.3,0.4
22,2004,4840,4840,61.88,6.92,9.5,20.45,3.41,0.41,0.31
22,2005,4780,4780,60.25,6.38,9.62,21.44,4.5,0.52,0.42
22,2006,5175,5175,58.65,5.41,11.4,22.51,3.86,0.39,0.39
22,2007,4880,4880,56.35,6.25,11.48,22.54,5.84,0.31,0.51
22,2008,4840,4840,53.82,5.37,13.64,24.38,5.89,0.52,0.52
22,2009,4765,4765,51.63,5.56,16.05,23.19,6.72,0.52,0.42
22,2010,4570,4570,50.88,4.92,15.21,25.38,7.0,0.66,0.44
22,2011,4250,4250,51.06,4.94,13.76,26.59,6.94,0.59,0.71
22,2012,4090,4090,47.07,5.62,16.26,26.16,8.56,0.98,0.73
22,2013,3835,3835,47.85,5.08,17.21,25.16,8.47,1.04,0.65
22,2014,3660,3660,49.04,5.46,16.12,25.0,6.69,0.82,0.68
22,2015,3680,3680,49.32,5.16,17.26,23.91,7.47,0.95,0.41
22,2016,3315,3315,48.72,4.83,16.14,25.19,8.14,1.51,0.3
22,2017,3265,3265,49.62,4.44,15.77,25.42,8.58,0.77,0.46
22,2018,3240,3240,47.99,5.56,17.28,25.77,6.94,0.77,0.62
22,2019,2945,2945,46.86,4.58,17.32,26.49,9.85,0.85,0.51
22,2020,2925,2925,46.32,4.62,17.61,26.67,8.89,0.68,1.03
22,2021,2815,2815,46.71,4.97,18.83,24.33,7.28,1.24,0.71
22,2022,2515,2515,48.51,4.97,17.3,24.85,8.15,0.99,0.6
22,2023,2225,2225,48.54,4.27,17.3,25.39,7.64,0.67,0.9
22,2024,2195,2195,48.29,3.19,19.82,24.37,8.66,0.68,0.23
23,1900,2545,2545,99.41,0.0,0.0,0.59,0.0,0.0,0.0
23,1901,2760,2760,99.64,0.0,0.0,0.36,0.0,0.0,0.0
23,1902,2750,2750,99.64,0.0,0.0,0.36,0.0,0.0,0.0
23,1903,2950,2950,99.49,0.0,0.0,0.51,0.0,0.0,0.0
23,1904,2860,2860,100.0,0.0,0.0,0.0,0.0,0.0,0.0
23,1905,2985,2985,99.83,0.0,0.0,0.17,0.0,0.0,0.0
23,1906,3050,3050,99.67,0.0,0.0,0.33,0.0,0.0,0.0
23,1907,2955,2955,99.49,0.0,0.0,0.51,0.0,0.0,0.0
23,1908,3145,3145,99.68,0.0,0.0,0.32,0.0,0.0,0.0
23,1909,2965,2965,99.83,0.0,0.0,0.17,0.0,0.0,0.0
23,1910,2980,2980,100.0,0.0,0.0,0.0,0.0,0.0,0.0
23,1911,2655,2655,99.62,0.0,0.0,0.38,0.0,0.0,0.0
23,1912,2800,2800,99.82,0.0,0.0,0.18,0.0,0.0,0.0
23,1913,2810,2810,99.82,0.0,0.0,0.18,0.0,0.0,0.0
23,1914,2855,2855,99.3,0.0,0.0,0.7,0.0,0.0,0.0
23,1915,1865,1865,100.0,0.0,0.0,0.0,0.0,0.0,0.0
23,1916,1260,1260,99.6,0.0,0.0,0.4,0.0,0.0,0.0
23,1917,1345,1345,100.0,0.0,0.0,0.0,0.0,0.0,0.0
23,1918,1645,1645,100.0,0.0,0.0,0.0,0.0,0.0,0.0
23,1919,1515,1515,100.0,0.0,0.0,0.0,0.0,0.0,0.0
23,1920,2805,2805,99.64,0.0,0.0,0.36,0.0,0.0,0.0
23,1921,2995,2995,100.0,0.0,0.0,0.0,0.0,0.0,0.0
23,1922,2880,2880,100.0,0.0,0.0,0.0,0.0,0.0,0.0
23,1923,2705,2705,99.82,0.0,0.0,0.18,0.0,0.0,0.0
23,1924,2585,2585,99.81,0.0,0.0,0.19,0.0,0.0,0.0
23,1925,2705,2705,100.0,0.0,0.0,0.0,0.0,0.0,0.0
23,1926,2585,2585,99.42,0.0,0.0,0.58,0.0,0.0,0.0
23,1927,2595,2595,99.81,0.0,0.0,0.19,0.0,0.0,0.0
23,1928,2665,2665,99.62,0.0,0.0,0.38,0.0,0.0,0.0
23,1929,2625,2625,99.43,0.0,0.0,0.57,0.0,0.0,0.0
23,1930,2560,2560,100.0,0.0,0.0,0.0,0.0,0.0,0.0
23,1931,2455,2455,100.0,0.0,0.0,0.0,0.0,0.0,0.0
23,1932,2380,2380,99.79,0.0,0.0,0.21,0.0,0.0,0.0
23,1933,2285,2285,99.78,0.0,0.0,0.22,0.0,0.0,0.0
23,1934,2335,2335,100.0,0.0,0.0,0.0,0.0,0.0,0.0
23,1935,2105,2105,99.76,0.0,0.0,0.24,0.0,0.0,0.0
23,1936,2095,2095,100.0,0.0,0.0,0.0,0.0,0.0,0.0
23,1937,2005,2005,99.75,0.0,0.25,0.0,0.25,0.0,0.0
23,1938,1840,1840,99.46,0.0,0.0,0.54,0.0,0.0,0.0
23,1939,1960,1960,100.0,0.0,0.0,0.0,0.0,0.0,0.0
23,1940,1930,1930,99.48,0.26,0.26,0.0,0.0,0.0,0.0
23,1941,1515,1515,100.0,0.0,0.0,0.0,0.0,0.0,0.0
23,1942,1865,1865,100.0,0.0,0.0,0.0,0.0,0.0,0.0
23,1943,2070,2070,99.76,0.0,0.24,0.0,0.0,0.0,0.0
23,1944,2280,2280,99.56,0.0,0.22,0.22,0.0,0.0,0.0
23,1945,2000,2000,99.5,0.0,0.0,0.5,0.0,0.0,0.0
23,1946,2720,2720,99.63,0.0,0.0,0.37,0.0,0.0,0.0
23,1947,2790,2790,99.28,0.18,0.36,0.18,0.0,0.0,0.0
23,1948,2730,2730,99.45,0.18,0.18,0.18,0.0,0.0,0.0
23,1949,2670,2670,99.25,0.0,0.75,0.0,0.0,0.0,0.0
23,1950,2640,2640,99.05,0.38,0.57,0.0,0.0,0.0,0.0
23,1951,2435,2435,98.15,0.62,0.82,0.41,0.0,0.0,0.0
23,1952,2450,2450,98.78,0.2,1.02,0.0,0.0,0.0,0.0
23,1953,2145,2145,98.6,0.93,0.47,0.0,0.0,0.0,0.0
23,1954,2230,2230,98.21,1.12,0.45,0.22,0.0,0.0,0.0
23,1955,2170,2170,97.7,1.15,0.92,0.23,0.0,0.0,0.0
23,1956,2210,2210,98.19,0.9,0.9,0.0,0.0,0.0,0.0
23,1957,2135,2135,97.42,1.41,0.7,0.47,0.0,0.0,0.0
23,1958,1975,1975,98.23,1.27,0.51,0.0,0.0,0.0,0.0
23,1959,1870,1870,97.59,1.34,0.53,0.53,0.0,0.0,0.0
23,1960,1855,1855,97.57,1.62,0.54,0.0,0.27,0.0,0.0
23,1961,1880,1880,97.07,1.86,0.53,0.27,0.27,0.0,0.0
23,1962,1735,1735,97.69,1.73,0.29,0.0,0.29,0.0,0.0
23,1963,1680,1680,97.32,1.79,0.3,0.3,0.3,0.0,0.0
23,1964,1600,1600,98.75,0.94,0.0,0.0,0.31,0.0,0.0
23,1965,1550,1550,98.39,0.97,0.32,0.0,0.32,0.0,0.0
23,1966,1520,1520,98.36,0.33,0.66,0.33,0.66,0.0,0.0
23,1967,1410,1410,98.58,1.06,0.0,0.0,0.71,0.0,0.0
23,1968,1395,1395,97.49,1.43,0.36,0.36,0.72,0.0,0.0
23,1969,1405,1405,97.86,1.07,0.36,0.36,0.71,0.0,0.0
23,1970,1310,1310,98.09,0.76,0.0,0.76,0.38,0.0,0.0
23,1971,1315,1315,96.58,1.14,0.38,1.52,0.76,0.0,0.0
23,1972,1210,1210,97.11,1.24,0.0,0.83,1.24,0.0,0.0
23,1973,1155,1155,96.1,2.16,0.0,1.3,0.87,0.0,0.0
23,1974,1090,1090,94.04,2.75,0.0,3.21,0.46,0.0,0.0
23,1975,995,995,93.97,3.02,0.5,2.51,0.5,0.0,0.0
23,1976,835,835,92.22,4.19,1.2,1.8,1.2,0.0,0.0
23,1977,880,880,90.91,3.41,0.0,5.11,1.7,0.0,0.0
23,1978,875,875,90.86,5.14,0.0,3.43,1.14,0.0,0.0
23,1979,820,820,89.63,5.49,0.0,4.88,0.61,0.0,0.0
23,1980,845,845,90.53,4.14,0.0,5.33,0.59,0.0,0.0
23,1981,800,800,88.75,4.38,0.0,6.25,1.25,0.0,0.0
23,1982,800,800,91.25,5.62,0.0,3.12,0.62,0.0,0.0
23,1983,650,650,88.46,6.15,0.0,5.38,0.0,0.0,0.0
23,1984,530,530,85.85,8.49,0.0,5.66,0.0,0.0,0.0
23,1985,575,575,87.83,7.83,0.0,4.35,0.0,0.0,0.0
23,1986,535,535,80.37,10.28,0.0,9.35,0.0,0.0,0.0
23,1987,540,540,85.19,7.41,0.0,7.41,0.0,0.0,0.0
23,1988,440,440,81.82,10.23,0.0,7.95,0.0,0.0,0.0
23,1989,470,470,81.91,8.51,0.0,8.51,1.06,0.0,0.0
23,1990,495,495,77.78,12.12,0.0,10.1,0.0,0.0,0.0
23,1991,420,420,82.14,4.76,2.38,10.71,0.0,0.0,0.0
23,1992,415,415,80.72,13.25,0.0,6.02,0.0,0.0,0.0
23,1993,395,395,74.68,12.66,2.53,10.13,0.0,0.0,0.0
23,1994,315,315,84.13,9.52,1.59,4.76,0.0,0.0,0.0
23,1995,290,290,84.48,6.9,0.0,8.62,0.0,0.0,0.0
23,1996,285,285,77.19,17.54,0.0,5.26,0.0,0.0,0.0
23,1997,265,265,88.68,7.55,1.89,1.89,0.0,0.0,0.0
23,1998,325,325,80.0,13.85,3.08,3.08,0.0,0.0,0.0
23,1999,350,350,80.0,12.86,1.43,5.71,0.0,0.0,0.0
23,2000,345,345,81.16,10.14,0.0,8.7,0.0,0.0,0.0
23,2001,315,315,74.6,12.7,3.17,9.52,0.0,0.0,0.0
23,2002,290,290,74.14,8.62,3.45,13.79,0.0,0.0,0.0
23,2003,265,265,66.04,13.21,5.66,15.09,0.0,0.0,0.0
23,2004,230,230,71.74,10.87,4.35,13.04,0.0,0.0,0.0
23,2005,275,275,61.82,12.73,9.09,16.36,3.64,0.0,0.0
23,2006,290,290,62.07,10.34,10.34,17.24,3.45,0.0,1.72
23,2007,260,260,59.62,3.85,9.62,25.0,3.85,0.0,0.0
23,2008,255,255,64.71,5.88,5.88,21.57,5.88,0.0,0.0
23,2009,280,280,57.14,7.14,8.93,25.0,3.57,0.0,0.0
23,2010,245,245,40.82,12.24,16.33,26.53,4.08,0.0,0.0
23,2011,255,255,54.9,5.88,13.73,25.49,7.84,0.0,0.0
23,2012,255,255,52.94,7.84,21.57,19.61,1.96,0.0,0.0
23,2013,270,270,50.0,9.26,18.52,22.22,5.56,0.0,0.0
23,2014,185,185,43.24,10.81,13.51,32.43,8.11,0.0,0.0
23,2015,190,190,65.79,7.89,7.89,18.42,2.63,0.0,0.0
23,2016,255,255,50.98,9.8,17.65,23.53,5.88,0.0,0.0
23,2017,165,165,63.64,6.06,3.03,27.27,3.03,0.0,0.0
23,2018,205,205,51.22,9.76,17.07,21.95,4.88,0.0,2.44
23,2019,125,125,60.0,16.0,12.0,12.0,0.0,0.0,0.0
23,2020,155,155,67.74,3.23,6.45,22.58,0.0,3.23,0.0
23,2021,160,160,65.62,3.12,6.25,25.0,3.12,0.0,0.0
23,2022,165,165,60.61,6.06,12.12,18.18,12.12,0.0,0.0
23,2023,110,110,54.55,4.55,4.55,31.82,4.55,0.0,0.0
23,2024,105,105,57.14,9.52,9.52,23.81,4.76,0.0,0.0
24,1900,4405,4405,98.41,0.23,0.23,1.14,0.0,0.0,0.0
24,1901,4860,4860,98.25,0.21,0.1,1.44,0.0,0.0,0.0
24,1902,5005,5005,98.6,0.1,0.2,1.1,0.0,0.0,0.0
24,1903,4825,4825,98.96,0.1,0.21,0.73,0.0,0.0,0.0
24,1904,4890,4890,98.47,0.2,0.2,1.12,0.0,0.0,0.0
24,1905,5305,5305,98.49,0.19,0.19,1.13,0.0,0.0,0.0
24,1906,5630,5630,98.31,0.18,0.27,1.24,0.0,0.0,0.0
24,1907,4995,4995,98.6,0.2,0.2,1.0,0.0,0.0,0.0
24,1908,5495,5495,98.54,0.09,0.18,1.18,0.0,0.0,0.0
24,1909,5440,5440,98.81,0.18,0.18,0.83,0.0,0.0,0.0
24,1910,5730,5730,98.69,0.17,0.09,1.05,0.0,0.0,0.0
24,1911,4930,4930,98.88,0.1,0.2,0.81,0.0,0.0,0.0
24,1912,5415,5415,98.43,0.18,0.28,1.11,0.0,0.0,0.0
24,1913,5150,5150,98.74,0.19,0.0,1.07,0.0,0.0,0.0
24,1914,5240,5240,99.05,0.1,0.19,0.67,0.0,0.0,0.0
24,1915,3710,3710,99.19,0.13,0.13,0.54,0.0,0.0,0.0
24,1916,2560,2560,99.02,0.0,0.0,0.78,0.2,0.0,0.0
24,1917,2725,2725,99.27,0.0,0.0,0.73,0.0,0.0,0.0
24,1918,3625,3625,99.17,0.14,0.0,0.69,0.0,0.0,0.0
24,1919,3515,3515,99.15,0.14,0.0,0.71,0.0,0.0,0.0
24,1920,6085,6085,99.18,0.16,0.0,0.66,0.0,0.0,0.0
24,1921,6235,6235,99.04,0.16,0.08,0.72,0.0,0.0,0.0
24,1922,5855,5855,99.32,0.09,0.0,0.6,0.0,0.0,0.0
24,1923,5775,5775,99.39,0.09,0.0,0.52,0.0,0.0,0.0
24,1924,5615,5615,99.38,0.27,0.09,0.27,0.0,0.0,0.0
24,1925,5800,5800,99.4,0.17,0.0,0.43,0.0,0.0,0.0
24,1926,5535,5535,99.37,0.18,0.0,0.45,0.0,0.0,0.0
24,1927,5585,5585,99.19,0.09,0.09,0.63,0.0,0.0,0.0
24,1928,5545,5545,99.37,0.09,0.0,0.54,0.0,0.0,0.0
24,1929,5430,5430,99.45,0.09,0.0,0.46,0.0,0.0,0.0
24,1930,5650,5650,99.73,0.0,0.09,0.18,0.0,0.0,0.0
24,1931,5625,5625,99.29,0.09,0.18,0.44,0.0,0.0,0.0
24,1932,5535,5535,99.28,0.09,0.09,0.54,0.0,0.0,0.0
24,1933,5060,5060,99.31,0.0,0.2,0.49,0.0,0.0,0.0
24,1934,5205,5205,99.33,0.1,0.0,0.58,0.0,0.0,0.0
24,1935,5035,5035,99.21,0.1,0.2,0.5,0.0,0.0,0.0
24,1936,4880,4880,99.18,0.0,0.1,0.72,0.0,0.0,0.0
24,1937,4520,4520,99.23,0.0,0.11,0.66,0.0,0.0,0.0
24,1938,4450,4450,99.21,0.0,0.34,0.45,0.0,0.0,0.0
24,1939,4860,4860,99.38,0.21,0.1,0.31,0.0,0.0,0.0
24,1940,5100,5100,98.92,0.29,0.1,0.69,0.0,0.0,0.0
24,1941,4705,4705,99.15,0.11,0.21,0.53,0.0,0.0,0.0
24,1942,5090,5090,99.21,0.2,0.1,0.49,0.1,0.0,0.0
24,1943,5615,5615,99.38,0.18,0.18,0.27,0.0,0.0,0.0
24,1944,5540,5540,99.46,0.09,0.18,0.27,0.0,0.0,0.0
24,1945,5020,5020,99.1,0.2,0.3,0.4,0.0,0.0,0.0
24,1946,7000,7000,99.21,0.14,0.21,0.36,0.07,0.0,0.0
24,1947,7085,7085,99.15,0.14,0.21,0.49,0.0,0.0,0.0
24,1948,6995,6995,99.0,0.5,0.14,0.36,0.07,0.0,0.0
24,1949,6675,6675,98.95,0.45,0.15,0.45,0.0,0.0,0.0
24,1950,6565,6565,98.93,0.46,0.15,0.38,0.08,0.0,0.0
24,1951,6075,6075,98.52,0.66,0.41,0.33,0.08,0.0,0.0
24,1952,6095,6095,98.69,0.66,0.16,0.49,0.0,0.0,0.0
24,1953,5890,5890,98.22,0.93,0.25,0.59,0.08,0.0,0.0
24,1954,5795,5795,98.45,0.86,0.17,0.52,0.09,0.0,0.0
24,1955,5635,5635,98.49,1.15,0.18,0.18,0.0,0.0,0.0
24,1956,5550,5550,98.11,1.35,0.27,0.27,0.18,0.0,0.0
24,1957,5545,5545,98.11,1.35,0.09,0.36,0.18,0.0,0.0
24,1958,5190,5190,97.88,1.25,0.39,0.39,0.19,0.0,0.0
24,1959,5150,5150,97.96,1.46,0.1,0.39,0.19,0.0,0.0
24,1960,4915,4915,97.66,1.63,0.1,0.51,0.2,0.0,0.0
24,1961,4975,4975,97.89,1.51,0.1,0.4,0.3,0.0,0.0
24,1962,4880,4880,97.85,1.43,0.0,0.51,0.41,0.0,0.0
24,1963,4920,4920,97.76,1.32,0.1,0.51,0.41,0.0,0.0
24,1964,4830,4830,97.93,1.04,0.1,0.52,0.62,0.1,0.0
24,1965,4525,4525,98.23,0.99,0.11,0.33,0.55,0.0,0.0
24,1966,4555,4555,98.13,0.99,0.0,0.33,0.66,0.11,0.0
24,1967,4200,4200,98.21,0.83,0.0,0.83,0.36,0.0,0.0
24,1968,4090,4090,97.8,1.1,0.12,0.61,0.86,0.0,0.0
24,1969,4100,4100,97.68,0.73,0.12,1.1,0.73,0.12,0.0
24,1970,3935,3935,97.2,0.89,0.25,1.27,0.64,0.0,0.0
24,1971,4125,4125,96.12,1.58,0.0,2.18,0.61,0.0,0.0
24,1972,4055,4055,94.94,2.1,0.12,2.34,0.86,0.12,0.0
24,1973,3805,3805,93.56,2.5,0.0,3.55,0.53,0.0,0.0
24,1974,3415,3415,91.51,3.51,0.15,3.81,1.46,0.15,0.0
24,1975,3005,3005,91.51,4.33,0.17,2.83,1.33,0.0,0.0
24,1976,2865,2865,90.92,4.01,0.0,4.19,1.22,0.17,0.0
24,1977,2925,2925,88.89,5.98,0.0,4.44,1.03,0.0,0.0
24,1978,2905,2905,88.12,5.85,0.0,5.51,1.2,0.0,0.0
24,1979,3035,3035,86.66,6.1,0.0,5.93,1.81,0.0,0.0
24,1980,3060,3060,86.27,6.05,0.16,6.86,0.98,0.0,0.0
24,1981,3125,3125,85.76,5.92,0.0,7.84,0.8,0.0,0.0
24,1982,3025,3025,84.46,7.44,0.17,7.27,0.99,0.17,0.0
24,1983,2835,2835,85.71,6.53,0.18,6.88,0.71,0.18,0.0
24,1984,2765,2765,81.56,8.5,0.18,9.04,1.08,0.0,0.0
24,1985,2845,2845,79.96,8.08,0.7,10.9,0.35,0.0,0.0
24,1986,2970,2970,80.81,8.08,0.34,10.1,0.67,0.17,0.0
24,1987,2880,2880,79.86,8.33,0.35,10.24,1.56,0.0,0.0
24,1988,2780,2780,80.58,8.09,0.36,10.61,0.54,0.0,0.0
24,1989,2625,2625,78.67,8.57,0.76,11.81,0.38,0.0,0.0
24,1990,2630,2630,76.62,10.65,0.57,11.98,0.19,0.0,0.0
24,1991,2555,2555,76.91,9.98,0.78,11.94,0.39,0.0,0.0
24,1992,2430,2430,75.51,11.32,0.82,12.35,0.0,0.0,0.0
24,1993,2245,2245,73.05,12.25,1.56,12.92,0.22,0.0,0.0
24,1994,2260,2260,73.67,11.28,1.55,13.27,0.88,0.0,0.0
24,1995,2465,2465,75.66,10.55,1.62,11.76,0.61,0.0,0.0
24,1996,2385,2385,72.12,10.69,2.94,13.84,1.05,0.0,0.0
24,1997,2475,2475,71.11,11.11,2.42,15.15,1.21,0.0,0.0
24,1998,2385,2385,71.7,10.48,2.94,14.88,0.84,0.0,0.0
24,1999,2375,2375,72.0,11.16,3.16,13.05,1.26,0.0,0.0
24,2000,2495,2495,68.74,11.42,4.41,15.03,0.4,0.0,0.0
24,2001,2395,2395,68.48,11.27,4.59,15.24,1.46,0.0,0.0
24,2002,2205,2205,65.08,11.56,5.22,17.01,2.49,0.0,0.0
24,2003,2240,2240,61.38,10.49,6.92,19.64,4.46,0.0,0.0
24,2004,2285,2285,60.39,9.85,7.22,20.79,3.5,0.0,0.0
24,2005,2375,2375,57.47,8.84,7.16,23.79,4.63,0.21,0.42
24,2006,2410,2410,56.22,7.68,8.3,25.31,4.77,0.21,0.21
24,2007,2380,2380,55.46,7.77,8.82,25.0,4.83,0.21,0.21
24,2008,2420,2420,52.27,5.79,9.5,28.1,7.02,0.21,0.21
24,2009,2275,2275,51.43,7.03,10.77,26.37,7.03,0.22,0.66
24,2010,2200,2200,51.36,6.82,10.0,26.59,8.41,0.0,0.68
24,2011,2145,2145,50.35,7.23,12.35,26.11,6.99,0.0,0.23
24,2012,2015,2015,47.64,6.95,13.65,27.54,9.18,0.0,0.74
24,2013,1965,1965,51.4,6.11,12.47,25.45,8.14,1.27,0.25
24,2014,1915,1915,48.04,7.31,13.05,26.63,9.14,0.52,0.26
24,2015,1780,1780,44.1,6.18,12.64,30.9,10.96,0.56,0.56
24,2016,1675,1675,48.36,4.48,12.84,28.36,10.15,0.6,0.9
24,2017,1720,1720,48.26,4.94,13.66,27.91,9.59,0.29,0.58
24,2018,1505,1505,48.17,5.98,12.62,26.91,9.3,0.66,0.66
24,2019,1460,1460,46.58,7.19,15.41,25.34,10.27,0.34,0.0
24,2020,1480,1480,46.96,4.39,13.85,29.73,9.8,1.01,0.34
24,2021,1470,1470,45.24,4.08,13.61,33.67,6.8,1.02,0.34
24,2022,1515,1515,42.57,3.96,16.17,28.38,13.2,0.66,0.66
24,2023,1290,1290,43.41,5.81,15.5,30.23,9.3,0.78,0.39
24,2024,1125,1125,42.67,6.22,15.11,30.22,10.67,1.33,0.44
25,1900,2965,2965,98.65,0.0,0.17,1.18,0.0,0.0,0.0
25,1901,3250,3250,98.92,0.0,0.0,1.08,0.0,0.0,0.0
25,1902,3315,3315,98.64,0.0,0.3,1.06,0.15,0.0,0.0
25,1903,3365,3365,98.96,0.0,0.15,0.89,0.15,0.0,0.0
25,1904,3530,3530,98.87,0.0,0.14,0.99,0.14,0.0,0.0
25,1905,3440,3440,98.84,0.0,0.15,1.02,0.0,0.0,0.0
25,1906,3610,3610,99.03,0.0,0.14,0.83,0.28,0.0,0.0
25,1907,3695,3695,98.92,0.0,0.14,0.95,0.0,0.0,0.0
25,1908,3850,3850,99.35,0.0,0.13,0.52,0.13,0.0,0.0
25,1909,3820,3820,98.95,0.0,0.0,1.05,0.0,0.0,0.0
25,1910,3960,3960,98.99,0.0,0.13,0.88,0.13,0.0,0.0
25,1911,3730,3730,99.46,0.0,0.0,0.54,0.0,0.0,0.0
25,1912,4210,4210,99.29,0.0,0.12,0.59,0.12,0.0,0.0
25,1913,4255,4255,99.29,0.0,0.24,0.47,0.12,0.0,0.0
25,1914,4165,4165,99.04,0.0,0.12,0.84,0.0,0.0,0.0
25,1915,2610,2610,99.43,0.0,0.0,0.57,0.0,0.0,0.0
25,1916,2425,2425,99.59,0.0,0.21,0.21,0.21,0.0,0.0
25,1917,2670,2670,99.44,0.0,0.0,0.56,0.0,0.0,0.0
25,1918,3075,3075,99.19,0.0,0.0,0.81,0.0,0.0,0.0
25,1919,3000,3000,99.33,0.0,0.0,0.67,0.0,0.0,0.0
25,1920,4685,4685,99.68,0.0,0.11,0.21,0.11,0.0,0.0
25,1921,4720,4720,99.58,0.0,0.0,0.42,0.0,0.0,0.0
25,1922,4445,4445,99.55,0.0,0.0,0.45,0.0,0.0,0.0
25,1923,4730,4730,99.58,0.0,0.11,0.32,0.0,0.0,0.0
25,1924,4805,4805,99.27,0.0,0.0,0.73,0.0,0.0,0.0
25,1925,4795,4795,99.69,0.0,0.1,0.21,0.1,0.0,0.0
25,1926,5015,5015,98.8,0.0,0.1,1.1,0.1,0.0,0.0
25,1927,4915,4915,99.69,0.0,0.0,0.31,0.0,0.0,0.0
25,1928,5050,5050,99.01,0.1,0.1,0.79,0.1,0.0,0.0
25,1929,4970,4970,99.5,0.0,0.0,0.5,0.0,0.0,0.0
25,1930,5100,5100,99.51,0.0,0.1,0.39,0.0,0.0,0.0
25,1931,5100,5100,99.22,0.0,0.0,0.69,0.1,0.0,0.0
25,1932,4930,4930,99.19,0.0,0.1,0.71,0.0,0.0,0.0
25,1933,4735,4735,99.47,0.0,0.0,0.53,0.0,0.0,0.0
25,1934,4800,4800,99.69,0.0,0.1,0.21,0.0,0.0,0.0
25,1935,4510,4510,99.45,0.0,0.22,0.33,0.0,0.0,0.0
25,1936,4500,4500,99.56,0.11,0.0,0.33,0.0,0.0,0.0
25,1937,4595,4595,99.56,0.11,0.0,0.33,0.0,0.0,0.0
25,1938,4625,4625,99.68,0.0,0.11,0.22,0.0,0.0,0.0
25,1939,4775,4775,99.27,0.0,0.1,0.63,0.0,0.0,0.0
25,1940,4525,4525,99.56,0.0,0.22,0.22,0.0,0.0,0.0
25,1941,3700,3700,99.46,0.0,0.14,0.41,0.0,0.0,0.0
25,1942,4455,4455,99.33,0.0,0.11,0.56,0.0,0.0,0.0
25,1943,4705,4705,98.94,0.0,0.21,0.85,0.11,0.0,0.0
25,1944,5090,5090,98.92,0.1,0.29,0.69,0.0,0.0,0.0
25,1945,5445,5445,98.99,0.0,0.28,0.73,0.0,0.0,0.0
25,1946,7080,7080,98.8,0.07,0.35,0.78,0.07,0.0,0.0
25,1947,7285,7285,98.7,0.14,0.48,0.69,0.0,0.0,0.0
25,1948,7235,7235,99.17,0.07,0.21,0.55,0.07,0.0,0.0
25,1949,6905,6905,98.77,0.07,0.29,0.87,0.07,0.0,0.0
25,1950,6975,6975,98.78,0.0,0.36,0.79,0.14,0.0,0.0
25,1951,6510,6510,98.92,0.15,0.31,0.54,0.15,0.0,0.0
25,1952,6450,6450,98.45,0.16,0.23,1.09,0.23,0.0,0.0
25,1953,6295,6295,98.65,0.24,0.32,0.71,0.16,0.0,0.0
25,1954,6665,6665,98.5,0.23,0.23,0.83,0.38,0.15,0.0
25,1955,6755,6755,98.37,0.44,0.15,0.89,0.37,0.0,0.0
25,1956,6895,6895,98.11,0.51,0.15,0.94,0.36,0.07,0.0
25,1957,7090,7090,97.95,0.49,0.14,0.78,0.78,0.07,0.0
25,1958,7205,7205,98.13,0.42,0.21,0.76,0.83,0.07,0.0
25,1959,7375,7375,97.76,0.54,0.07,1.08,0.81,0.07,0.0
25,1960,7355,7355,96.8,0.82,0.14,1.02,1.56,0.07,0.0
25,1961,7730,7730,96.9,0.91,0.0,1.03,1.55,0.26,0.0
25,1962,7645,7645,96.47,0.98,0.0,1.18,1.83,0.39,0.0
25,1963,8215,8215,96.47,1.03,0.0,1.03,2.01,0.3,0.0
25,1964,8310,8310,96.81,0.9,0.0,0.72,2.05,0.3,0.0
25,1965,8345,8345,96.11,0.78,0.12,1.2,2.22,0.3,0.0
25,1966,8070,8070,96.41,0.93,0.25,1.12,1.61,0.25,0.0
25,1967,8180,8180,96.03,0.73,0.24,1.04,2.57,0.49,0.0
25,1968,8165,8165,94.79,0.98,0.37,1.59,2.82,0.31,0.0
25,1969,8410,8410,94.47,1.13,0.42,1.61,2.97,0.3,0.0
25,1970,8520,8520,94.37,0.94,0.29,2.23,2.58,0.29,0.0
25,1971,8955,8955,93.19,1.23,0.28,2.46,3.29,0.61,0.0
25,1972,8785,8785,90.67,2.62,0.34,3.64,3.24,0.4,0.0
25,1973,8495,8495,88.58,2.83,0.29,4.47,4.24,0.71,0.0
25,1974,7780,7780,86.7,3.02,0.13,5.53,5.14,0.9,0.0
25,1975,7275,7275,85.84,3.44,0.27,5.09,5.84,1.1,0.0
25,1976,7140,7140,85.36,3.85,0.21,4.69,6.37,1.26,0.0
25,1977,7425,7425,82.42,4.38,0.27,6.33,7.0,0.94,0.0
25,1978,7265,7265,82.24,4.75,0.28,6.47,6.74,0.69,0.0
25,1979,7580,7580,81.4,5.15,0.46,6.27,7.06,1.19,0.0
25,1980,8030,8030,81.38,4.61,0.12,6.41,7.72,1.37,0.0
25,1981,7725,7725,80.45,5.24,0.32,6.54,7.83,0.84,0.0
25,1982,7970,7970,79.67,5.77,0.44,6.65,7.72,1.25,0.0
25,1983,7200,7200,79.51,5.56,0.28,7.64,7.43,1.25,0.0
25,1984,7320,7320,77.73,6.15,0.75,9.02,6.63,1.16,0.0
25,1985,7210,7210,78.16,6.45,0.28,9.43,5.83,1.04,0.0
25,1986,7285,7285,79.14,6.31,0.75,9.75,4.19,0.41,0.0
25,1987,7095,7095,77.24,7.89,0.85,10.08,4.09,0.56,0.0
25,1988,6745,6745,77.32,9.49,0.82,9.19,3.48,0.37,0.0
25,1989,6720,6720,74.93,9.38,1.12,11.46,3.57,0.3,0.0
25,1990,6550,6550,74.81,9.31,0.99,11.76,3.51,0.38,0.0
25,1991,6650,6650,73.76,9.62,1.35,11.5,4.06,0.3,0.0
25,1992,6320,6320,72.55,9.41,1.74,13.05,3.64,0.16,0.0
25,1993,5835,5835,71.04,11.05,2.23,11.14,4.88,0.26,0.09
25,1994,6035,6035,71.09,9.78,2.65,12.92,3.89,0.17,0.0
25,1995,6070,6070,71.0,8.9,3.05,13.67,4.04,0.16,0.0
25,1996,6120,6120,71.08,9.23,3.02,13.32,4.08,0.25,0.0
25,1997,6085,6085,71.82,8.55,2.96,13.31,4.11,0.25,0.0
25,1998,5995,5995,69.97,9.09,3.34,14.43,4.09,0.17,0.0
25,1999,6085,6085,69.02,9.12,3.94,14.05,4.68,0.33,0.0
25,2000,6605,6605,65.18,9.46,4.62,16.28,5.9,0.3,0.0
25,2001,6235,6235,62.87,9.54,5.05,17.16,6.58,0.4,0.0
25,2002,6000,6000,60.58,9.5,6.0,17.92,7.33,0.25,0.0
25,2003,6215,6215,57.92,8.85,6.76,19.47,8.77,0.4,0.08
25,2004,6385,6385,55.13,7.83,7.44,21.46,10.34,0.31,0.16
25,2005,6255,6255,53.16,7.27,8.15,22.54,11.27,0.32,0.16
25,2006,6520,6520,50.15,6.67,9.89,23.08,13.27,0.31,0.23
25,2007,6255,6255,48.6,5.84,9.91,24.38,13.91,0.64,0.24
25,2008,6480,6480,47.61,6.1,10.88,23.07,15.43,0.69,0.39
25,2009,6160,6160,46.35,5.93,12.01,23.94,15.67,0.73,0.32
25,2010,6220,6220,45.18,5.71,11.58,24.68,16.24,0.88,0.24
25,2011,5860,5860,44.88,5.2,11.35,25.85,16.64,0.94,0.34
25,2012,5820,5820,42.7,4.81,12.29,25.6,18.9,1.12,0.43
25,2013,5720,5720,43.62,4.9,12.76,24.39,18.44,0.96,0.61
25,2014,5630,5630,43.61,4.44,12.79,23.98,19.27,1.33,0.44
25,2015,5345,5345,44.06,4.77,11.69,24.04,20.39,1.22,0.37
25,2016,5235,5235,40.97,4.78,12.61,26.27,19.68,1.43,0.48
25,2017,3970,3970,45.47,5.16,10.71,26.95,15.24,0.88,0.13
25,2018,3785,3785,47.95,4.49,11.76,25.1,14.93,0.92,0.4
25,2019,3435,3435,45.27,4.8,12.52,27.8,14.26,1.16,0.73
25,2020,3370,3370,45.1,4.6,13.35,26.85,14.54,0.74,0.15
25,2021,3490,3490,42.98,3.87,14.9,27.79,14.04,1.0,0.43
25,2022,3350,3350,44.63,4.03,13.73,26.27,15.67,0.9,0.45
25,2023,2995,2995,43.07,3.84,12.85,29.38,16.19,1.0,0.17
25,2024,2975,2975,43.87,4.03,12.27,27.9,15.97,1.34,0.17
26,1900,2520,2520,98.61,0.0,0.2,1.19,0.0,0.0,0.0
26,1901,2940,2940,98.13,0.0,0.0,1.87,0.0,0.0,0.0
26,1902,2760,2760,98.01,0.0,0.18,1.81,0.0,0.0,0.0
26,1903,2835,2835,98.06,0.0,0.18,1.76,0.0,0.0,0.0
26,1904,2865,2865,98.43,0.0,0.17,1.4,0.0,0.0,0.0
26,1905,2875,2875,98.09,0.0,0.0,1.91,0.0,0.0,0.0
26,1906,2870,2870,98.61,0.0,0.0,1.39,0.0,0.0,0.0
26,1907,2910,2910,98.45,0.0,0.17,1.37,0.17,0.0,0.0
26,1908,3125,3125,98.56,0.0,0.16,1.28,0.0,0.0,0.0
26,1909,2985,2985,98.83,0.0,0.0,1.17,0.0,0.0,0.0
26,1910,3105,3105,98.23,0.0,0.0,1.77,0.0,0.0,0.0
26,1911,2930,2930,98.63,0.0,0.0,1.37,0.0,0.0,0.0
26,1912,3100,3100,98.55,0.0,0.16,1.29,0.16,0.0,0.0
26,1913,3105,3105,99.19,0.0,0.0,0.81,0.0,0.0,0.0
26,1914,3120,3120,98.4,0.0,0.0,1.6,0.0,0.0,0.0
26,1915,1990,1990,98.74,0.0,0.0,1.26,0.0,0.0,0.0
26,1916,1540,1540,99.68,0.0,0.0,0.32,0.0,0.0,0.0
26,1917,1620,1620,99.07,0.0,0.31,0.62,0.0,0.0,0.0
26,1918,2030,2030,99.51,0.0,0.0,0.49,0.0,0.0,0.0
26,1919,2080,2080,99.04,0.0,0.0,0.96,0.0,0.0,0.0
26,1920,3705,3705,99.73,0.0,0.0,0.27,0.0,0.0,0.0
26,1921,3745,3745,99.2,0.0,0.0,0.8,0.0,0.0,0.0
26,1922,3555,3555,98.87,0.14,0.14,0.84,0.14,0.0,0.0
26,1923,3495,3495,99.43,0.0,0.0,0.57,0.0,0.0,0.0
26,1924,3515,3515,99.43,0.0,0.0,0.57,0.0,0.0,0.0
26,1925,3520,3520,99.15,0.0,0.14,0.71,0.14,0.0,0.0
26,1926,3485,3485,99.0,0.0,0.0,1.0,0.0,0.0,0.0
26,1927,3415,3415,99.41,0.15,0.0,0.44,0.0,0.0,0.0
26,1928,3580,3580,99.02,0.14,0.14,0.7,0.0,0.0,0.0
26,1929,3460,3460,98.99,0.0,0.0,1.01,0.0,0.0,0.0
26,1930,3530,3530,99.15,0.0,0.0,0.85,0.0,0.0,0.0
26,1931,3410,3410,98.97,0.15,0.0,0.88,0.0,0.0,0.0
26,1932,3280,3280,98.78,0.15,0.0,1.07,0.0,0.0,0.0
26,1933,3310,3310,99.09,0.0,0.15,0.76,0.0,0.0,0.0
26,1934,3235,3235,99.54,0.0,0.15,0.31,0.0,0.0,0.0
26,1935,3090,3090,98.71,0.0,0.32,0.97,0.0,0.0,0.0
26,1936,2995,2995,98.66,0.0,0.5,0.83,0.0,0.0,0.0
26,1937,3040,3040,98.68,0.16,0.49,0.66,0.0,0.0,0.0
26,1938,2845,2845,98.95,0.0,0.35,0.7,0.0,0.0,0.0
26,1939,3010,3010,99.0,0.0,0.33,0.66,0.0,0.0,0.0
26,1940,2700,2700,98.52,0.0,0.74,0.74,0.0,0.0,0.0
26,1941,3250,3250,98.77,0.0,0.46,0.77,0.0,0.0,0.0
26,1942,3535,3535,99.01,0.0,0.14,0.85,0.0,0.0,0.0
26,1943,3805,3805,99.21,0.13,0.26,0.39,0.0,0.0,0.0
26,1944,4135,4135,98.67,0.12,0.48,0.73,0.0,0.0,0.0
26,1945,3910,3910,98.85,0.0,0.26,0.9,0.0,0.0,0.0
26,1946,4845,4845,98.45,0.1,0.52,0.93,0.0,0.0,0.0
26,1947,4935,4935,98.58,0.3,0.51,0.61,0.1,0.0,0.0
26,1948,5000,5000,98.5,0.4,0.5,0.5,0.2,0.0,0.0
26,1949,4835,4835,98.66,0.41,0.52,0.41,0.0,0.0,0.0
26,1950,5090,5090,98.33,0.39,0.59,0.69,0.0,0.0,0.0
26,1951,4715,4715,98.41,0.42,0.64,0.53,0.11,0.0,0.0
26,1952,4640,4640,98.71,0.43,0.43,0.43,0.11,0.0,0.0
26,1953,4615,4615,98.05,0.76,0.76,0.33,0.22,0.0,0.0
26,1954,4550,4550,98.02,1.21,0.55,0.11,0.44,0.0,0.0
26,1955,4620,4620,97.51,1.19,0.65,0.54,0.22,0.0,0.0
26,1956,4755,4755,97.58,1.37,0.21,0.74,0.42,0.0,0.0
26,1957,4980,4980,98.09,1.1,0.3,0.4,0.3,0.0,0.0
26,1958,4895,4895,97.85,1.33,0.41,0.2,0.61,0.1,0.0
26,1959,5035,5035,97.42,1.19,0.2,0.6,1.09,0.3,0.0
26,1960,4885,4885,96.83,1.54,0.2,0.92,1.02,0.1,0.0
26,1961,5115,5115,96.87,1.27,0.2,1.08,0.98,0.0,0.0
26,1962,5375,5375,96.93,1.49,0.19,0.84,1.12,0.09,0.0
26,1963,5665,5665,97.62,1.15,0.0,0.35,1.41,0.26,0.0
26,1964,6000,6000,97.17,0.92,0.17,0.5,1.67,0.25,0.0
26,1965,6105,6105,97.22,0.98,0.0,0.66,1.64,0.25,0.0
26,1966,5920,5920,96.11,0.93,0.17,1.35,2.03,0.42,0.0
26,1967,5875,5875,96.94,0.77,0.17,1.02,1.79,0.17,0.0
26,1968,5410,5410,96.4,1.11,0.18,1.2,1.66,0.09,0.0
26,1969,5550,5550,95.32,0.9,0.45,1.98,1.98,0.45,0.0
26,1970,5705,5705,94.04,1.84,0.53,2.19,1.93,0.18,0.0
26,1971,5855,5855,93.17,2.05,0.77,2.39,2.31,0.26,0.0
26,1972,5570,5570,92.01,2.51,0.63,2.6,2.78,0.36,0.0
26,1973,5500,5500,89.0,3.45,0.91,4.36,2.64,0.36,0.0
26,1974,5055,5055,88.43,3.96,0.99,3.86,3.17,0.4,0.0
26,1975,4490,4490,87.53,5.01,0.45,4.23,3.12,0.45,0.0
26,1976,4245,4245,85.75,6.24,0.71,4.48,3.06,0.12,0.0
26,1977,4530,4530,83.22,6.62,0.44,6.18,4.08,0.55,0.0
26,1978,4645,4645,82.67,6.67,0.43,7.0,3.66,0.43,0.0
26,1979,4805,4805,80.54,7.08,0.62,7.39,4.68,0.52,0.0
26,1980,4975,4975,82.91,6.43,0.3,6.33,4.42,0.8,0.0
26,1981,4925,4925,80.1,6.8,0.61,8.12,4.57,0.61,0.0
26,1982,4870,4870,78.34,7.29,0.31,9.24,5.13,0.72,0.0
26,1983,4605,4605,78.5,6.84,0.33,9.66,4.99,0.87,0.0
26,1984,4760,4760,76.47,7.77,0.95,10.71,4.31,0.63,0.0
26,1985,4615,4615,75.51,8.13,0.65,11.7,4.33,0.54,0.0
26,1986,4710,4710,76.65,7.32,0.64,11.15,4.46,0.74,0.0
26,1987,4690,4690,75.48,7.89,1.28,11.62,3.94,0.21,0.0
26,1988,4680,4680,72.22,9.72,1.07,13.14,4.38,0.43,0.0
26,1989,4585,4585,71.65,10.8,1.09,12.76,3.93,0.44,0.0
26,1990,4760,4760,70.17,10.4,1.47,13.87,4.62,0.74,0.0
26,1991,4745,4745,71.13,10.75,2.11,12.86,3.58,0.21,0.0
26,1992,4620,4620,68.18,10.82,2.6,14.94,3.9,0.22,0.0
26,1993,4140,4140,66.91,11.23,2.78,15.58,4.11,0.36,0.0
26,1994,4130,4130,68.04,10.05,2.91,14.77,5.08,0.24,0.0
26,1995,4095,4095,68.86,9.65,3.54,15.14,3.66,0.24,0.0
26,1996,4310,4310,66.71,9.74,3.02,16.13,5.8,0.12,0.0
26,1997,4100,4100,66.1,9.02,4.02,16.22,5.85,0.49,0.0
26,1998,4020,4020,65.42,10.2,4.48,15.92,4.85,0.12,0.0
26,1999,3720,3720,63.98,9.68,5.11,16.53,5.91,0.4,0.13
26,2000,4080,4080,60.91,9.8,4.53,18.26,7.97,0.61,0.12
26,2001,3785,3785,59.45,9.64,6.47,17.31,8.72,1.06,0.26
26,2002,3685,3685,56.85,8.01,6.11,21.03,10.45,0.54,0.14
26,2003,3750,3750,52.67,8.4,7.2,23.73,10.13,0.67,0.13
26,2004,3850,3850,51.69,6.49,8.44,24.29,12.21,0.39,0.13
26,2005,3395,3395,51.55,7.22,8.25,23.71,12.67,1.03,0.15
26,2006,3550,3550,47.75,5.35,9.86,24.65,15.49,0.99,0.28
26,2007,3515,3515,46.09,6.12,10.24,25.75,15.79,0.71,0.28
26,2008,3860,3860,46.63,5.18,10.62,24.61,16.19,0.91,0.39
26,2009,3785,3785,44.65,5.68,11.23,26.02,16.25,1.19,0.53
26,2010,3680,3680,42.39,5.84,12.91,25.54,18.48,0.95,0.41
26,2011,3810,3810,41.08,5.91,12.07,26.12,19.16,1.18,0.79
26,2012,3935,3935,39.39,4.83,14.1,27.32,18.81,0.89,0.25
26,2013,3750,3750,38.27,5.2,13.07,26.8,21.47,1.33,0.4
26,2014,3895,3895,37.87,4.36,13.35,27.09,22.59,1.8,0.64
26,2015,3700,3700,40.54,4.46,12.3,25.14,21.89,1.89,0.27
26,2016,3700,3700,40.95,5.14,12.16,27.16,20.0,1.35,0.54
26,2017,3755,3755,39.28,4.53,11.98,27.03,23.04,1.6,0.27
26,2018,3620,3620,40.19,3.87,12.98,28.04,20.17,1.38,0.28
26,2019,3825,3825,38.69,4.44,13.33,28.1,21.05,1.18,0.52
26,2020,3690,3690,38.75,4.2,15.45,28.05,18.7,1.9,0.54
26,2021,3910,3910,39.13,3.96,13.94,27.75,19.69,1.79,0.38
26,2022,4140,4140,37.08,4.35,15.34,29.47,18.24,1.45,0.36
26,2023,3955,3955,38.18,4.05,15.42,28.7,18.33,1.01,0.38
26,2024,3845,3840,38.41,3.12,14.58,29.3,18.62,0.78,0.26
27,1900,2635,2635,99.05,0.0,0.0,0.95,0.0,0.0,0.0
27,1901,2915,2915,98.8,0.0,0.0,1.2,0.0,0.0,0.0
27,1902,3050,3050,98.69,0.0,0.0,1.31,0.0,0.0,0.0
27,1903,3155,3155,99.37,0.0,0.0,0.63,0.0,0.0,0.0
27,1904,3175,3175,99.84,0.0,0.0,0.16,0.0,0.0,0.0
27,1905,3345,3345,99.25,0.0,0.0,0.75,0.0,0.0,0.0
27,1906,3310,3310,99.4,0.0,0.0,0.6,0.0,0.0,0.0
27,1907,3430,3430,99.13,0.0,0.0,0.87,0.0,0.0,0.0
27,1908,3675,3675,98.78,0.0,0.0,1.22,0.0,0.0,0.0
27,1909,3565,3565,99.44,0.0,0.0,0.56,0.0,0.0,0.0
27,1910,3800,3800,99.34,0.0,0.13,0.53,0.13,0.0,0.0
27,1911,3390,3390,99.12,0.0,0.15,0.74,0.0,0.0,0.0
27,1912,3830,3830,99.09,0.0,0.13,0.78,0.13,0.0,0.0
27,1913,3785,3785,99.21,0.0,0.0,0.79,0.0,0.0,0.0
27,1914,3720,3720,99.46,0.0,0.0,0.54,0.0,0.0,0.0
27,1915,2650,2650,99.81,0.0,0.0,0.19,0.0,0.0,0.0
27,1916,2255,2255,99.78,0.0,0.0,0.22,0.0,0.0,0.0
27,1917,2595,2595,99.04,0.0,0.0,0.96,0.0,0.0,0.0
27,1918,3255,3255,99.54,0.0,0.0,0.46,0.0,0.0,0.0
27,1919,3180,3180,99.37,0.0,0.0,0.47,0.16,0.0,0.0
27,1920,5130,5130,99.32,0.0,0.0,0.68,0.0,0.0,0.0
27,1921,4770,4770,99.48,0.0,0.0,0.52,0.0,0.0,0.0
27,1922,4610,4610,99.35,0.0,0.0,0.65,0.0,0.0,0.0
27,1923,4620,4620,99.13,0.11,0.0,0.76,0.0,0.0,0.0
27,1924,4590,4590,99.56,0.0,0.0,0.44,0.0,0.0,0.0
27,1925,4825,4825,99.59,0.0,0.0,0.41,0.0,0.0,0.0
27,1926,5005,5005,99.7,0.0,0.0,0.3,0.0,0.0,0.0
27,1927,4830,4830,99.69,0.0,0.0,0.31,0.0,0.0,0.0
27,1928,4835,4835,99.48,0.0,0.0,0.52,0.0,0.0,0.0
27,1929,4880,4880,99.28,0.0,0.0,0.72,0.0,0.0,0.0
27,1930,5010,5010,99.4,0.0,0.0,0.6,0.0,0.0,0.0
27,1931,5080,5080,99.51,0.0,0.0,0.49,0.0,0.0,0.0
27,1932,4850,4850,99.59,0.0,0.0,0.41,0.0,0.0,0.0
27,1933,4740,4740,99.16,0.0,0.11,0.53,0.21,0.0,0.0
27,1934,4750,4750,99.37,0.11,0.11,0.42,0.0,0.0,0.0
27,1935,4575,4575,99.13,0.0,0.22,0.66,0.0,0.0,0.0
27,1936,4425,4425,98.76,0.23,0.34,0.68,0.0,0.0,0.0
27,1937,4395,4395,98.18,0.11,0.46,1.14,0.11,0.0,0.0
27,1938,4365,4365,98.85,0.23,0.46,0.46,0.0,0.0,0.0
27,1939,4580,4580,98.58,0.22,0.22,0.98,0.0,0.0,0.0
27,1940,4265,4265,98.48,0.23,0.47,0.7,0.12,0.0,0.0
27,1941,3735,3735,98.39,0.4,0.54,0.67,0.0,0.0,0.0
27,1942,4275,4275,98.71,0.23,0.58,0.47,0.0,0.0,0.0
27,1943,4870,4870,97.84,0.31,0.82,0.92,0.21,0.0,0.0
27,1944,5025,5025,97.81,0.2,1.0,0.9,0.1,0.0,0.0
27,1945,4980,4980,97.89,0.3,0.9,0.9,0.0,0.0,0.0
27,1946,7345,7345,97.48,0.41,1.16,0.75,0.34,0.0,0.0
27,1947,7350,7350,96.67,0.75,1.43,1.02,0.2,0.0,0.0
27,1948,7690,7690,97.14,0.52,1.24,0.98,0.13,0.0,0.0
27,1949,7640,7640,96.73,0.85,1.44,0.92,0.13,0.0,0.0
27,1950,7290,7290,96.98,0.69,1.3,0.89,0.21,0.0,0.0
27,1951,7040,7040,97.02,0.78,1.49,0.64,0.14,0.0,0.0
27,1952,7025,7025,96.65,0.85,1.42,1.0,0.14,0.0,0.0
27,1953,6850,6850,96.57,1.24,1.09,1.02,0.15,0.0,0.0
27,1954,6870,6870,96.65,1.24,0.95,1.02,0.29,0.0,0.0
27,1955,6830,6830,96.12,1.24,1.1,1.39,0.29,0.0,0.0
27,1956,6825,6825,96.78,1.17,0.95,0.88,0.22,0.0,0.0
27,1957,6800,6800,96.54,1.03,1.1,1.18,0.29,0.0,0.0
27,1958,6595,6595,96.82,1.14,0.68,1.14,0.38,0.0,0.0
27,1959,6680,6680,96.71,1.27,0.82,1.05,0.22,0.0,0.0
27,1960,6525,6525,96.48,1.0,0.54,1.69,0.46,0.0,0.0
27,1961,6710,6710,95.83,1.04,0.52,2.31,0.52,0.0,0.0
27,1962,6495,6495,95.69,1.15,0.46,2.31,0.54,0.0,0.0
27,1963,6805,6805,96.25,1.18,0.37,1.76,0.73,0.07,0.0
27,1964,6730,6730,96.06,0.89,0.3,2.38,0.52,0.07,0.0
27,1965,6755,6755,96.52,0.89,0.37,1.7,0.74,0.07,0.0
27,1966,6765,6765,96.6,0.67,0.44,1.7,0.74,0.07,0.0
27,1967,6450,6450,95.97,0.78,0.54,1.71,1.32,0.16,0.0
27,1968,6460,6460,95.2,1.08,0.62,2.32,1.01,0.08,0.0
27,1969,6555,6555,95.04,0.92,0.99,2.44,0.84,0.08,0.0
27,1970,6345,6345,93.93,1.18,0.79,3.23,1.34,0.16,0.0
27,1971,6565,6565,91.47,2.06,1.07,4.19,1.6,0.0,0.0
27,1972,6490,6490,90.37,2.85,0.92,4.93,1.16,0.23,0.0
27,1973,6290,6290,88.55,3.02,1.11,6.36,1.19,0.16,0.0
27,1974,5915,5915,86.9,3.55,1.27,7.02,1.44,0.08,0.0
27,1975,5255,5255,85.25,4.19,0.48,8.94,1.24,0.29,0.0
27,1976,5175,5175,83.86,4.25,0.87,9.08,2.22,0.29,0.0
27,1977,5110,5110,81.31,6.95,0.68,9.2,1.96,0.1,0.0
27,1978,4930,4930,81.14,6.59,0.41,9.84,2.13,0.3,0.0
27,1979,4890,4890,80.27,7.06,0.41,9.71,2.76,0.51,0.0
27,1980,5315,5315,80.81,6.4,0.56,10.25,2.16,0.19,0.0
27,1981,5230,5230,80.21,6.98,0.57,10.9,1.53,0.1,0.0
27,1982,5210,5210,78.5,7.68,0.58,11.23,2.11,0.29,0.0
27,1983,4975,4975,77.39,7.74,0.5,11.66,2.81,0.6,0.0
27,1984,5035,5035,75.77,8.44,0.3,13.11,2.48,0.5,0.0
27,1985,5235,5235,74.88,8.12,0.48,14.14,2.39,0.67,0.0
27,1986,5380,5380,75.09,8.27,0.46,14.59,1.77,0.65,0.0
27,1987,5350,5350,74.39,8.97,0.84,14.11,1.78,0.37,0.0
27,1988,5120,5120,71.97,10.74,0.98,14.16,2.15,0.98,0.0
27,1989,5155,5155,72.55,10.18,1.07,14.16,2.33,0.78,0.0
27,1990,5035,5035,71.9,10.03,0.99,15.79,1.39,0.4,0.0
27,1991,5275,5275,71.37,10.14,1.9,15.36,1.23,0.47,0.0
27,1992,4935,4935,69.81,10.23,2.33,15.6,2.03,0.51,0.0
27,1993,4590,4590,71.35,10.13,2.51,14.27,1.85,0.44,0.0
27,1994,4390,4390,69.59,10.59,2.51,15.26,2.28,0.46,0.0
27,1995,4475,4475,71.06,8.94,2.79,16.31,1.01,0.22,0.0
27,1996,4645,4645,72.87,7.97,3.12,15.29,1.08,0.22,0.0
27,1997,4430,4430,71.9,8.35,3.39,15.24,1.47,0.23,0.0
27,1998,4240,4240,72.17,8.61,3.54,14.5,1.65,0.0,0.0
27,1999,4405,4405,69.69,9.31,4.2,15.44,1.93,0.11,0.0
27,2000,4345,4345,70.54,8.29,4.49,15.19,2.3,0.23,0.0
27,2001,4145,4145,66.34,10.25,4.7,16.28,3.14,0.36,0.0
27,2002,4025,4025,63.48,9.44,5.71,19.38,3.73,0.37,0.0
27,2003,3645,3645,62.83,8.78,5.9,19.75,3.84,0.41,0.0
27,2004,3410,3410,57.92,8.94,7.33,22.58,4.84,0.44,0.0
27,2005,3065,3065,58.24,6.85,8.16,23.0,5.55,0.33,0.0
27,2006,2985,2985,53.94,8.71,8.54,24.12,6.7,0.17,0.17
27,2007,3005,3005,52.08,7.32,10.98,25.79,6.66,0.17,0.0
27,2008,2900,2900,50.69,6.21,11.55,25.52,8.97,0.69,0.34
27,2009,2875,2875,48.17,6.09,13.57,25.39,9.74,0.52,0.17
27,2010,2680,2680,48.51,5.6,13.06,27.8,9.7,1.12,0.37
27,2011,2675,2675,47.48,6.36,13.46,25.98,10.47,0.75,0.19
27,2012,2525,2525,43.17,7.13,14.26,27.13,13.27,1.19,0.2
27,2013,2460,2460,43.9,5.89,14.63,27.44,13.62,1.42,0.41
27,2014,2325,2325,44.52,5.38,15.27,25.81,12.9,1.29,1.08
27,2015,2280,2280,44.3,5.48,12.72,27.19,15.35,1.54,0.22
27,2016,2345,2345,43.5,5.33,14.29,27.93,14.29,1.28,0.64
27,2017,2260,2260,42.04,5.09,14.38,27.65,14.82,1.33,0.44
27,2018,2060,2060,41.02,5.83,15.78,28.88,13.59,1.7,0.0
27,2019,1870,1870,41.44,5.08,14.44,26.74,15.51,1.87,0.27
27,2020,1750,1750,41.14,5.14,16.29,24.86,17.14,3.14,0.57
27,2021,1870,1870,36.63,4.81,19.25,27.54,16.58,2.41,0.8
27,2022,1870,1870,38.24,4.55,16.58,28.34,15.78,2.14,0.27
27,2023,1605,1605,38.01,3.12,17.76,27.41,19.63,2.8,0.0
27,2024,1550,1550,39.35,4.19,15.48,30.0,16.77,0.97,0.32
28,1900,2450,2450,98.37,0.0,0.0,1.63,0.0,0.0,0.0
28,1901,2705,2705,98.15,0.0,0.0,1.85,0.0,0.0,0.0
28,1902,2795,2795,98.75,0.18,0.0,0.89,0.18,0.0,0.0
28,1903,2645,2645,98.68,0.0,0.0,1.32,0.0,0.0,0.0
28,1904,2845,2845,98.24,0.0,0.0,1.76,0.0,0.0,0.0
28,1905,2870,2870,98.78,0.0,0.0,1.22,0.0,0.0,0.0
28,1906,3020,3020,98.68,0.0,0.0,1.32,0.0,0.0,0.0
28,1907,3075,3075,98.54,0.0,0.0,1.3,0.16,0.0,0.0
28,1908,3170,3170,98.58,0.0,0.0,1.42,0.0,0.0,0.0
28,1909,3380,3380,99.11,0.0,0.0,0.74,0.15,0.0,0.0
28,1910,3385,3385,98.52,0.0,0.0,1.48,0.0,0.0,0.0
28,1911,3265,3265,99.08,0.0,0.0,0.92,0.0,0.0,0.0
28,1912,3455,3455,98.55,0.0,0.0,1.3,0.14,0.0,0.0
28,1913,3415,3415,98.98,0.0,0.0,1.02,0.0,0.0,0.0
28,1914,3415,3415,98.83,0.0,0.0,1.17,0.0,0.0,0.0
28,1915,2235,2235,98.88,0.0,0.0,1.12,0.0,0.0,0.0
28,1916,1850,1850,99.19,0.0,0.0,0.54,0.27,0.0,0.0
28,1917,1975,1975,99.24,0.0,0.0,0.76,0.0,0.0,0.0
28,1918,2525,2525,99.6,0.0,0.0,0.4,0.0,0.0,0.0
28,1919,2460,2460,99.59,0.0,0.0,0.41,0.0,0.0,0.0
28,1920,4080,4080,99.14,0.0,0.0,0.86,0.0,0.0,0.0
28,1921,4120,4120,99.39,0.0,0.0,0.61,0.0,0.0,0.0
28,1922,3820,3820,99.08,0.0,0.0,0.92,0.0,0.0,0.0
28,1923,3880,3880,99.48,0.0,0.0,0.52,0.0,0.0,0.0
28,1924,3765,3765,99.6,0.0,0.0,0.4,0.0,0.0,0.0
28,1925,3925,3925,99.36,0.0,0.0,0.64,0.0,0.0,0.0
28,1926,4025,4025,99.25,0.0,0.0,0.62,0.12,0.0,0.0
28,1927,4035,4035,99.26,0.0,0.12,0.62,0.0,0.0,0.0
28,1928,4045,4045,99.38,0.0,0.0,0.62,0.0,0.0,0.0
28,1929,4005,4005,99.38,0.0,0.12,0.5,0.0,0.0,0.0
28,1930,4005,4005,99.25,0.0,0.0,0.62,0.12,0.0,0.0
28,1931,4035,4035,99.01,0.0,0.12,0.87,0.0,0.0,0.0
28,1932,3890,3890,99.1,0.13,0.13,0.64,0.0,0.0,0.0
28,1933,3780,3780,99.07,0.0,0.13,0.79,0.0,0.0,0.0
28,1934,3995,3995,99.62,0.0,0.13,0.25,0.0,0.0,0.0
28,1935,3695,3695,98.92,0.0,0.14,0.95,0.0,0.0,0.0
28,1936,3535,3535,99.01,0.0,0.28,0.71,0.0,0.0,0.0
28,1937,3535,3535,98.73,0.14,0.42,0.71,0.0,0.0,0.0
28,1938,3485,3485,98.71,0.14,0.43,0.72,0.0,0.0,0.0
28,1939,3815,3815,99.21,0.13,0.26,0.39,0.0,0.0,0.0
28,1940,3425,3425,98.54,0.15,0.58,0.73,0.0,0.0,0.0
28,1941,3085,3085,98.38,0.16,0.81,0.65,0.0,0.0,0.0
28,1942,3440,3440,97.97,0.15,1.02,0.87,0.0,0.0,0.0
28,1943,3790,3790,98.28,0.13,0.92,0.66,0.0,0.0,0.0
28,1944,3890,3890,97.94,0.39,0.77,0.9,0.0,0.0,0.0
28,1945,3970,3970,97.48,0.25,1.13,1.13,0.0,0.0,0.0
28,1946,5540,5540,97.74,0.27,1.44,0.54,0.0,0.0,0.0
28,1947,5675,5675,96.74,0.44,1.85,0.88,0.09,0.0,0.0
28,1948,5695,5695,96.75,0.53,1.93,0.7,0.09,0.0,0.0
28,1949,5580,5580,97.13,0.45,1.61,0.72,0.09,0.0,0.0
28,1950,5710,5710,96.94,0.61,1.66,0.7,0.09,0.0,0.0
28,1951,5340,5340,96.91,0.75,1.59,0.66,0.28,0.0,0.0
28,1952,5390,5390,96.94,0.74,1.76,0.56,0.09,0.0,0.0
28,1953,5140,5140,96.6,0.88,1.36,1.07,0.19,0.0,0.0
28,1954,5125,5125,96.39,1.07,1.66,0.78,0.2,0.0,0.0
28,1955,5115,5115,96.68,1.17,1.37,0.68,0.29,0.0,0.0
28,1956,5060,5060,96.64,1.19,1.09,0.99,0.1,0.0,0.0
28,1957,5230,5230,95.41,1.24,1.05,2.1,0.19,0.0,0.0
28,1958,5165,5165,95.06,1.06,0.87,2.81,0.29,0.0,0.0
28,1959,5320,5320,95.39,1.32,0.75,2.35,0.19,0.0,0.0
28,1960,5130,5130,95.71,1.27,0.68,2.14,0.39,0.1,0.0
28,1961,5000,5000,97.0,1.0,0.8,1.1,0.2,0.0,0.0
28,1962,5050,5050,96.63,1.09,0.59,0.99,0.79,0.0,0.0
28,1963,5175,5175,96.81,0.97,0.39,1.55,0.48,0.0,0.0
28,1964,5185,5185,97.3,0.77,0.29,1.45,0.29,0.0,0.0
28,1965,5380,5380,97.12,0.56,0.56,1.49,0.46,0.0,0.0
28,1966,5370,5370,96.93,0.74,0.19,1.68,0.65,0.09,0.0
28,1967,5325,5325,96.53,0.85,0.47,1.78,0.56,0.0,0.0
28,1968,5040,5040,95.93,0.69,0.89,1.59,1.19,0.2,0.0
28,1969,5135,5135,95.42,0.88,0.68,1.95,1.27,0.19,0.0
28,1970,5155,5155,92.63,1.55,0.87,3.59,1.45,0.19,0.0
28,1971,5660,5660,91.25,1.94,0.53,4.42,2.03,0.44,0.0
28,1972,5535,5535,89.52,2.71,0.36,5.51,1.99,0.27,0.0
28,1973,5430,5430,87.48,3.31,0.46,6.35,2.39,0.28,0.0
28,1974,4880,4880,86.89,2.87,0.41,6.97,2.97,0.61,0.0
28,1975,4335,4335,83.97,4.84,0.35,7.38,3.69,0.46,0.0
28,1976,4240,4240,83.73,4.36,0.12,7.55,4.36,0.94,0.0
28,1977,4285,4285,82.15,5.02,0.47,7.93,4.67,0.47,0.0
28,1978,4360,4360,80.16,6.19,0.34,8.83,4.7,0.46,0.0
28,1979,4555,4555,80.24,5.82,0.22,8.56,5.49,0.77,0.0
28,1980,4665,4665,80.6,5.89,0.32,8.15,5.25,0.86,0.0
28,1981,4760,4760,77.0,6.09,0.53,9.87,6.83,1.26,0.0
28,1982,4710,4710,77.39,6.9,0.42,9.34,6.16,0.85,0.0
28,1983,4205,4205,77.76,7.25,0.48,8.56,6.18,0.71,0.0
28,1984,4430,4430,75.51,7.45,0.45,11.85,4.85,0.68,0.0
28,1985,4355,4355,73.36,8.5,0.57,12.63,5.28,0.8,0.0
28,1986,4485,4485,73.13,8.81,0.89,12.82,4.79,0.67,0.0
28,1987,4200,4200,72.5,8.33,0.48,14.29,4.52,0.71,0.0
28,1988,4240,4240,72.41,10.14,0.83,12.74,4.13,0.83,0.0
28,1989,4285,4285,72.0,10.5,0.82,13.89,3.15,0.12,0.0
28,1990,4065,4065,69.62,10.09,1.48,15.5,3.44,0.37,0.0
28,1991,4070,4070,70.88,10.07,1.6,14.0,3.93,0.49,0.0
28,1992,3845,3845,70.61,10.27,2.08,13.52,3.77,0.52,0.0
28,1993,3825,3825,70.46,11.24,1.7,13.46,3.4,0.26,0.0
28,1994,3635,3635,71.53,8.67,2.2,14.86,3.03,0.14,0.0
28,1995,3790,3790,71.64,9.5,2.9,13.98,2.64,0.26,0.0
28,1996,3810,3810,73.62,7.74,2.1,13.91,3.02,0.0,0.0
28,1997,3680,3680,72.55,8.15,2.99,12.91,3.94,0.14,0.0
28,1998,3670,3670,70.71,9.54,3.13,14.03,3.27,0.54,0.0
28,1999,3680,3680,69.84,8.56,3.53,15.22,3.4,0.27,0.0
28,2000,3940,3940,67.89,9.26,4.31,15.23,4.82,0.25,0.0
28,2001,4050,4050,64.57,9.38,4.81,17.16,5.31,0.74,0.0
28,2002,3865,3865,61.84,9.18,5.43,18.24,6.73,0.65,0.0
28,2003,3790,3790,60.69,7.78,5.15,20.05,7.78,0.53,0.0
28,2004,3810,3810,56.96,8.14,7.09,19.82,9.84,0.52,0.13
28,2005,3775,3775,54.7,7.42,8.08,22.25,9.93,0.4,0.13
28,2006,3800,3800,52.24,7.5,8.16,24.21,10.53,0.66,0.13
28,2007,3630,3630,50.28,7.3,8.82,23.14,13.09,0.55,0.14
28,2008,3855,3855,46.95,5.71,10.89,26.98,12.71,0.78,0.13
28,2009,3675,3675,46.67,5.85,11.84,24.08,15.51,0.95,0.14
28,2010,3580,3580,45.67,6.15,11.73,23.74,16.9,1.4,0.28
28,2011,3430,3430,43.59,5.39,13.99,24.78,16.33,1.17,0.15
28,2012,3485,3485,42.18,4.73,13.2,25.97,18.08,1.58,0.43
28,2013,3220,3220,40.84,5.75,12.58,25.47,20.03,0.93,0.31
28,2014,3105,3105,41.06,6.28,12.56,23.99,21.26,1.29,0.64
28,2015,3030,3030,40.92,4.46,12.54,26.57,20.63,1.98,0.5
28,2016,3090,3090,39.64,5.18,13.75,25.4,21.68,2.1,0.32
28,2017,2730,2730,40.11,4.58,12.45,24.54,23.99,2.01,0.55
28,2018,2495,2495,39.08,4.81,13.43,26.65,21.44,2.4,0.4
28,2019,2370,2370,37.76,4.64,14.35,27.0,21.73,2.11,0.21
28,2020,2190,2190,38.36,4.34,15.3,24.66,23.29,3.65,0.0
28,2021,2320,2320,35.56,4.31,15.52,27.37,21.55,3.66,0.43
28,2022,2185,2185,37.07,4.12,16.93,24.94,21.97,3.2,0.46
28,2023,1935,1935,35.14,4.13,16.02,28.17,23.26,4.39,0.0
28,2024,1905,1905,35.7,3.41,15.22,29.13,22.83,3.41,0.26
29,1900,8975,8975,99.83,0.0,0.0,0.11,0.06,0.0,0.0
29,1901,10010,10010,99.7,0.0,0.1,0.15,0.05,0.0,0.0
29,1902,10440,10440,99.66,0.0,0.05,0.29,0.0,0.0,0.0
29,1903,10820,10820,99.68,0.0,0.05,0.23,0.05,0.0,0.0
29,1904,10995,10995,99.68,0.0,0.0,0.27,0.05,0.0,0.0
29,1905,11640,11640,99.74,0.0,0.0,0.21,0.04,0.0,0.0
29,1906,11740,11740,99.74,0.0,0.04,0.21,0.0,0.0,0.0
29,1907,11695,11695,99.74,0.0,0.04,0.21,0.0,0.0,0.0
29,1908,11940,11940,99.66,0.0,0.13,0.17,0.04,0.0,0.0
29,1909,12595,12585,99.6,0.0,0.08,0.28,0.04,0.0,0.0
29,1910,12735,12735,99.69,0.0,0.08,0.2,0.04,0.0,0.0
29,1911,12345,12345,99.76,0.0,0.08,0.12,0.04,0.0,0.0
29,1912,13105,13105,99.77,0.0,0.04,0.15,0.04,0.0,0.0
29,1913,12805,12805,99.69,0.0,0.12,0.16,0.04,0.0,0.0
29,1914,13150,13150,99.7,0.0,0.08,0.19,0.04,0.0,0.0
29,1915,8845,8845,99.77,0.0,0.06,0.17,0.0,0.0,0.0
29,1916,6820,6820,99.71,0.0,0.0,0.29,0.0,0.0,0.0
29,1917,7365,7365,99.8,0.0,0.0,0.14,0.07,0.0,0.0
29,1918,9155,9155,99.78,0.0,0.0,0.22,0.0,0.0,0.0
29,1919,9630,9630,99.69,0.0,0.1,0.21,0.0,0.0,0.0
29,1920,15655,15655,99.62,0.0,0.0,0.32,0.06,0.0,0.0
29,1921,14115,14115,99.82,0.0,0.0,0.18,0.0,0.0,0.0
29,1922,13820,13820,99.78,0.0,0.04,0.14,0.04,0.0,0.0
29,1923,13490,13490,99.85,0.0,0.0,0.15,0.0,0.0,0.0
29,1924,13220,13220,99.55,0.0,0.04,0.34,0.08,0.0,0.0
29,1925,12965,12965,99.73,0.0,0.04,0.23,0.0,0.0,0.0
29,1926,13130,13130,99.85,0.0,0.0,0.08,0.08,0.0,0.0
29,1927,12840,12840,99.73,0.0,0.0,0.27,0.0,0.0,0.0
29,1928,12960,12960,99.92,0.0,0.0,0.08,0.0,0.0,0.0
29,1929,12445,12445,99.84,0.0,0.04,0.12,0.0,0.0,0.0
29,1930,12675,12675,99.64,0.0,0.04,0.28,0.08,0.0,0.0
29,1931,12545,12545,99.72,0.04,0.0,0.2,0.04,0.0,0.0
29,1932,12865,12865,99.81,0.0,0.04,0.16,0.0,0.0,0.0
29,1933,11880,11880,99.83,0.0,0.04,0.13,0.0,0.0,0.0
29,1934,12245,12245,99.92,0.0,0.04,0.0,0.04,0.0,0.0
29,1935,11950,11950,99.67,0.0,0.13,0.21,0.0,0.0,0.0
29,1936,11880,11880,99.92,0.0,0.04,0.04,0.0,0.0,0.0
29,1937,11760,11760,99.79,0.0,0.09,0.09,0.04,0.0,0.0
29,1938,11290,11290,99.87,0.0,0.04,0.09,0.0,0.0,0.0
29,1939,11790,11790,99.83,0.0,0.04,0.13,0.0,0.0,0.0
29,1940,10920,10920,99.68,0.0,0.05,0.27,0.0,0.0,0.0
29,1941,7750,7750,99.94,0.0,0.0,0.06,0.0,0.0,0.0
29,1942,8730,8730,99.77,0.0,0.06,0.17,0.0,0.0,0.0
29,1943,10320,10320,99.71,0.0,0.1,0.19,0.0,0.0,0.0
29,1944,10290,10290,99.71,0.05,0.0,0.24,0.0,0.0,0.0
29,1945,9895,9895,99.8,0.0,0.05,0.15,0.0,0.0,0.0
29,1946,15145,15145,99.7,0.0,0.03,0.26,0.07,0.0,0.0
29,1947,15340,15340,99.61,0.07,0.07,0.2,0.07,0.0,0.0
29,1948,15405,15405,99.64,0.03,0.13,0.19,0.0,0.0,0.0
29,1949,15160,15160,99.64,0.03,0.03,0.26,0.03,0.0,0.0
29,1950,14655,14655,99.49,0.07,0.07,0.38,0.0,0.0,0.0
29,1951,13610,13610,99.41,0.11,0.11,0.37,0.0,0.0,0.0
29,1952,13780,13780,99.31,0.25,0.07,0.33,0.07,0.0,0.0
29,1953,13445,13445,99.18,0.22,0.11,0.45,0.04,0.0,0.0
29,1954,13555,13555,98.97,0.37,0.15,0.48,0.11,0.0,0.0
29,1955,13465,13465,98.77,0.45,0.15,0.59,0.07,0.0,0.0
29,1956,13755,13755,98.95,0.44,0.11,0.47,0.07,0.0,0.0
29,1957,13935,13935,98.74,0.61,0.04,0.57,0.07,0.0,0.0
29,1958,13675,13675,98.46,0.73,0.0,0.77,0.15,0.0,0.0
29,1959,13725,13725,98.36,0.91,0.07,0.58,0.18,0.0,0.0
29,1960,13740,13740,97.63,1.2,0.15,0.98,0.18,0.0,0.0
29,1961,13725,13725,97.96,1.06,0.07,0.87,0.15,0.0,0.0
29,1962,13475,13475,97.59,1.37,0.07,0.85,0.33,0.0,0.0
29,1963,13770,13770,97.46,1.27,0.18,0.98,0.29,0.0,0.0
29,1964,13790,13790,97.82,1.12,0.18,0.73,0.36,0.0,0.0
29,1965,13320,13320,98.16,0.9,0.23,0.71,0.3,0.0,0.0
29,1966,13135,13135,98.06,0.76,0.27,0.8,0.38,0.0,0.0
29,1967,12730,12730,97.49,0.94,0.35,1.1,0.55,0.0,0.0
29,1968,12885,12885,97.44,0.74,0.39,1.32,0.54,0.0,0.0
29,1969,12975,12975,97.23,0.69,0.46,1.46,0.58,0.04,0.0
29,1970,13270,13270,96.19,0.83,0.68,2.19,0.68,0.0,0.0
29,1971,13345,13345,95.02,1.05,0.9,2.85,0.67,0.0,0.0
29,1972,13180,13180,93.7,1.48,1.18,3.38,0.8,0.08,0.0
29,1973,12600,12600,92.74,1.55,1.15,4.37,0.6,0.0,0.0
29,1974,11600,11600,91.72,1.94,1.55,4.57,0.73,0.0,0.0
29,1975,10570,10570,90.92,2.46,1.66,4.78,0.71,0.05,0.0
29,1976,9980,9980,90.18,2.96,1.75,4.86,0.6,0.05,0.0
29,1977,10595,10595,88.44,4.11,1.65,5.38,0.9,0.05,0.0
29,1978,10325,10325,87.6,4.5,1.55,6.2,0.53,0.0,0.0
29,1979,10630,10630,87.58,3.9,1.32,6.77,0.94,0.09,0.0
29,1980,11340,11340,87.21,4.67,0.71,6.97,0.71,0.09,0.0
29,1981,11180,11180,86.31,5.01,0.81,7.6,0.58,0.09,0.0
29,1982,10870,10870,85.65,5.75,1.01,7.27,0.74,0.09,0.0
29,1983,9925,9925,84.08,6.25,0.81,8.56,0.6,0.05,0.0
29,1984,10250,10250,83.46,6.83,0.93,8.68,0.44,0.0,0.0
29,1985,10330,10330,82.62,7.16,1.02,8.76,0.73,0.1,0.0
29,1986,10075,10075,81.34,7.69,1.39,9.28,0.65,0.1,0.05
29,1987,9960,9960,80.72,8.13,1.46,9.49,0.6,0.05,0.0
29,1988,9835,9835,78.65,9.2,1.78,10.37,0.46,0.0,0.0
29,1989,9665,9665,78.43,9.31,1.55,10.5,0.67,0.1,0.05
29,1990,9510,9510,78.13,9.41,1.31,11.3,0.37,0.05,0.0
29,1991,9170,9170,76.34,9.65,1.8,12.1,0.55,0.05,0.0
29,1992,9045,9045,74.57,10.34,2.65,12.16,0.72,0.11,0.11
29,1993,8540,8540,75.35,10.48,2.46,11.36,0.76,0.0,0.06
29,1994,8570,8570,75.55,9.04,2.98,12.02,0.7,0.12,0.06
29,1995,8855,8855,74.42,8.07,3.5,13.61,0.9,0.17,0.06
29,1996,8920,8920,74.1,8.02,3.42,14.41,0.62,0.22,0.11
29,1997,8745,8745,73.99,7.89,3.54,14.41,0.86,0.17,0.06
29,1998,9230,9230,73.24,8.07,4.23,14.36,1.19,0.05,0.05
29,1999,8965,8965,71.67,7.7,5.47,15.0,1.34,0.28,0.11
29,2000,9365,9365,68.82,8.06,5.93,16.6,1.55,0.37,0.16
29,2001,9080,9080,66.8,7.65,7.32,17.24,2.2,0.39,0.33
29,2002,8545,8545,64.01,7.84,8.37,18.67,2.46,0.41,0.23
29,2003,8540,8540,60.77,7.67,8.72,21.19,2.75,0.41,0.41
29,2004,8420,8420,59.92,6.35,9.32,22.86,3.68,0.36,0.18
29,2005,8265,8265,56.81,6.23,10.22,24.2,4.66,0.36,0.3
29,2006,8485,8485,56.22,5.6,11.37,23.98,5.13,0.47,0.47
29,2007,7960,7960,55.15,5.09,12.31,24.18,5.78,0.44,0.44
29,2008,7860,7860,53.05,5.66,13.04,23.92,6.55,0.89,0.51
29,2009,7660,7660,52.09,5.94,15.08,22.85,6.98,0.91,0.39
29,2010,7635,7635,51.34,5.76,14.28,24.69,7.01,0.65,0.59
29,2011,7180,7180,52.51,4.94,13.86,24.37,7.94,0.56,0.63
29,2012,7285,7285,50.93,5.28,14.69,24.71,8.37,0.69,0.27
29,2013,6970,6970,50.5,5.31,14.99,25.11,8.18,0.72,0.57
29,2014,6895,6895,49.17,5.08,15.74,25.45,8.34,0.94,0.44
29,2015,6500,6500,49.85,5.38,14.62,25.46,7.85,0.77,0.54
29,2016,6145,6145,50.77,4.72,16.44,23.19,9.11,1.14,0.41
29,2017,6050,6050,50.0,4.71,14.46,24.96,9.42,0.91,0.58
29,2018,5905,5905,50.64,4.23,15.24,25.4,8.21,0.59,0.51
29,2019,5830,5830,48.97,4.37,15.35,25.04,9.61,0.94,0.6
29,2020,5685,5685,48.9,4.75,17.5,24.1,8.44,0.88,0.35
29,2021,5920,5920,48.14,4.05,16.81,25.59,8.87,1.18,0.68
29,2022,5670,5670,47.88,4.32,16.49,24.78,10.41,0.97,0.62
29,2023,5055,5055,46.29,3.66,17.41,26.31,10.19,0.99,0.3
29,2024,4920,4920,47.56,3.86,16.46,25.2,10.67,1.02,0.51
30,1900,3695,3695,98.65,0.0,0.0,1.35,0.0,0.0,0.0
30,1901,4080,4080,98.41,0.0,0.12,1.47,0.12,0.0,0.0
30,1902,4315,4315,98.03,0.0,0.0,1.97,0.0,0.0,0.0
30,1903,3990,3990,98.25,0.0,0.13,1.63,0.0,0.0,0.0
30,1904,3925,3925,98.73,0.0,0.0,1.27,0.0,0.0,0.0
30,1905,4270,4270,98.95,0.0,0.0,1.05,0.0,0.0,0.0
30,1906,4300,4300,98.37,0.0,0.12,1.4,0.23,0.0,0.0
30,1907,4055,4055,98.64,0.0,0.12,1.23,0.12,0.0,0.0
30,1908,4305,4305,99.07,0.0,0.0,0.93,0.0,0.0,0.0
30,1909,4070,4070,98.77,0.0,0.12,1.11,0.0,0.0,0.0
30,1910,4190,4190,99.16,0.0,0.12,0.72,0.0,0.0,0.0
30,1911,4195,4195,99.17,0.0,0.12,0.72,0.0,0.0,0.0
30,1912,4395,4395,98.98,0.0,0.0,1.02,0.0,0.0,0.0
30,1913,4510,4510,98.67,0.0,0.11,1.22,0.0,0.0,0.0
30,1914,4320,4320,98.84,0.0,0.12,1.04,0.0,0.0,0.0
30,1915,2575,2575,99.03,0.0,0.0,0.97,0.0,0.0,0.0
30,1916,1915,1915,98.69,0.0,0.0,1.31,0.0,0.0,0.0
30,1917,2315,2315,99.57,0.0,0.0,0.43,0.0,0.0,0.0
30,1918,3060,3060,98.37,0.0,0.0,1.63,0.0,0.0,0.0
30,1919,3255,3255,99.39,0.0,0.0,0.61,0.0,0.0,0.0
30,1920,5485,5485,98.81,0.0,0.0,1.19,0.0,0.0,0.0
30,1921,5345,5345,98.78,0.0,0.19,1.03,0.09,0.0,0.0
30,1922,4865,4865,98.66,0.0,0.1,1.23,0.0,0.0,0.0
30,1923,4680,4680,98.61,0.11,0.0,1.28,0.0,0.0,0.0
30,1924,4810,4810,98.44,0.0,0.0,1.56,0.0,0.0,0.0
30,1925,4640,4640,97.95,0.0,0.11,1.94,0.0,0.0,0.0
30,1926,4820,4820,97.72,0.1,0.1,2.07,0.0,0.0,0.0
30,1927,4540,4540,98.13,0.0,0.11,1.76,0.0,0.0,0.0
30,1928,4850,4850,97.73,0.1,0.21,1.86,0.0,0.0,0.1
30,1929,4745,4745,97.79,0.0,0.32,1.9,0.0,0.0,0.0
30,1930,4880,4880,97.95,0.0,0.31,1.74,0.0,0.0,0.0
30,1931,4790,4790,96.56,0.0,0.42,3.03,0.0,0.0,0.0
30,1932,4730,4730,97.57,0.0,0.42,2.01,0.0,0.0,0.0
30,1933,4355,4355,97.82,0.11,0.23,1.84,0.0,0.0,0.0
30,1934,4370,4370,97.14,0.11,0.69,1.95,0.11,0.0,0.11
30,1935,4190,4190,96.66,0.24,0.84,2.27,0.0,0.0,0.0
30,1936,4190,4190,97.02,0.24,0.72,1.91,0.12,0.0,0.0
30,1937,3935,3935,97.08,0.38,0.64,1.91,0.0,0.0,0.0
30,1938,4120,4120,97.57,0.36,0.49,1.58,0.12,0.0,0.0
30,1939,4210,4210,97.51,0.24,0.59,1.66,0.0,0.0,0.0
30,1940,3870,3870,97.8,0.13,0.78,1.29,0.13,0.0,0.0
30,1941,4480,4480,97.21,0.33,1.0,1.45,0.11,0.0,0.0
30,1942,4575,4575,97.7,0.33,0.66,1.2,0.33,0.0,0.0
30,1943,5105,5105,98.04,0.29,0.59,1.08,0.1,0.0,0.0
30,1944,5265,5265,97.72,0.57,0.38,1.23,0.19,0.0,0.0
30,1945,5210,5210,97.22,0.38,0.77,1.54,0.29,0.0,0.0
30,1946,7280,7280,96.15,0.62,1.17,1.92,0.48,0.0,0.0
30,1947,7255,7255,97.11,0.69,0.62,1.45,0.28,0.0,0.0
30,1948,7015,7015,96.86,0.78,0.64,1.57,0.43,0.0,0.0
30,1949,7065,7065,96.89,0.92,0.78,1.34,0.35,0.0,0.0
30,1950,7140,7140,95.94,0.91,1.12,1.89,0.42,0.0,0.0
30,1951,6610,6610,95.99,1.06,0.91,1.66,0.68,0.15,0.0
30,1952,6475,6475,96.22,1.08,0.62,1.62,0.93,0.08,0.0
30,1953,6315,6315,95.33,1.35,0.95,1.43,1.35,0.24,0.0
30,1954,6175,6175,95.95,1.13,0.49,1.38,1.94,0.32,0.0
30,1955,5975,5975,95.31,1.09,0.75,1.59,2.01,0.33,0.0
30,1956,6000,6000,94.92,1.0,0.58,1.67,2.75,0.58,0.0
30,1957,6040,6040,94.7,1.16,0.66,1.99,2.24,0.58,0.0
30,1958,5965,5965,95.81,0.92,0.25,1.51,2.18,0.75,0.0
30,1959,6365,6365,94.58,1.1,0.55,2.36,2.12,0.39,0.0
30,1960,6035,6035,94.45,1.16,0.25,2.49,2.4,0.33,0.0
30,1961,6220,6220,95.34,1.13,0.4,1.61,2.17,0.56,0.0
30,1962,6280,6280,93.47,1.27,0.24,2.63,3.26,0.64,0.0
30,1963,6835,6835,93.49,1.02,0.29,1.98,3.8,0.73,0.0
30,1964,6710,6710,94.11,0.82,0.22,2.53,2.76,0.52,0.0
30,1965,6800,6800,93.53,0.74,0.07,2.65,3.6,0.74,0.0
30,1966,6825,6825,93.77,1.17,0.07,2.2,3.15,0.66,0.0
30,1967,6650,6650,93.08,1.28,0.15,2.33,3.61,0.68,0.0
30,1968,6495,6495,92.61,0.62,0.23,2.62,4.23,0.92,0.0
30,1969,6435,6435,91.38,0.93,0.23,3.42,4.35,1.09,0.0
30,1970,6160,6160,91.72,1.14,0.73,3.08,3.73,0.73,0.0
30,1971,6115,6115,91.25,1.55,0.65,2.86,4.17,0.74,0.0
30,1972,5680,5680,89.7,2.46,0.62,3.79,3.79,0.88,0.0
30,1973,5345,5345,87.84,2.81,0.56,4.4,4.68,0.94,0.0
30,1974,4845,4845,86.89,2.99,0.41,5.26,4.64,0.72,0.0
30,1975,4645,4645,85.9,4.63,0.54,4.84,4.2,0.86,0.0
30,1976,4310,4310,84.92,5.45,0.35,4.99,4.64,0.46,0.0
30,1977,4455,4455,82.27,6.29,0.79,5.61,5.27,1.01,0.0
30,1978,4660,4660,80.58,6.65,0.75,6.44,5.79,0.97,0.0
30,1979,4955,4955,79.41,6.96,0.71,7.47,5.55,0.71,0.0
30,1980,5275,5275,80.19,5.97,0.47,7.68,5.97,0.85,0.0
30,1981,5350,5350,79.16,6.82,0.47,8.32,5.42,1.12,0.0
30,1982,5420,5420,76.11,7.75,0.46,9.96,5.81,0.92,0.0
30,1983,5170,5170,76.79,6.58,0.68,9.96,6.29,0.87,0.0
30,1984,5235,5230,73.61,8.22,0.96,11.09,6.5,1.05,0.0
30,1985,5335,5335,73.95,7.59,0.66,11.06,6.94,1.03,0.0
30,1986,5470,5470,74.59,7.4,1.01,11.24,5.85,0.64,0.0
30,1987,5405,5405,72.16,7.86,0.83,12.67,6.94,0.93,0.0
30,1988,5325,5325,69.95,8.92,1.6,13.52,6.1,0.38,0.0
30,1989,5410,5410,68.67,9.24,1.2,14.42,6.65,0.55,0.0
30,1990,5265,5265,68.38,9.59,1.52,15.0,5.89,0.28,0.0
30,1991,5215,5215,65.87,9.59,1.92,15.44,7.57,0.77,0.0
30,1992,5270,5270,65.56,9.39,1.9,16.79,6.83,0.76,0.09
30,1993,4895,4895,63.43,10.11,2.66,16.34,8.27,0.82,0.1
30,1994,4930,4930,65.42,9.33,3.65,15.52,7.51,0.61,0.0
30,1995,5145,5145,64.72,9.33,3.11,16.13,7.68,0.29,0.0
30,1996,5120,5120,63.28,9.57,4.2,16.7,7.03,0.68,0.0
30,1997,4970,4970,62.98,9.15,3.92,16.4,8.35,0.5,0.1
30,1998,5170,5170,62.57,9.96,3.58,15.76,9.28,0.97,0.0
30,1999,5180,5180,58.98,9.07,4.34,18.34,10.91,0.97,0.0
30,2000,5530,5530,58.68,8.5,4.43,18.54,11.39,1.08,0.0
30,2001,5540,5540,55.23,9.03,5.51,19.04,13.18,0.81,0.09
30,2002,5475,5475,51.87,9.04,5.57,20.82,14.61,1.19,0.0
30,2003,5420,5420,50.46,8.12,7.38,21.4,15.04,1.57,0.0
30,2004,5475,5475,47.21,7.76,7.49,22.74,17.08,1.37,0.37
30,2005,5595,5595,45.84,6.7,7.86,24.84,17.52,1.52,0.18
30,2006,5655,5655,43.85,5.48,9.9,24.93,19.54,1.24,0.27
30,2007,5560,5560,41.37,5.04,9.89,26.62,20.77,1.35,0.18
30,2008,5875,5875,40.0,4.94,10.98,26.04,21.96,1.45,0.43
30,2009,5660,5660,39.49,5.48,10.78,25.18,23.23,1.41,0.62
30,2010,5720,5720,35.4,5.33,11.98,26.92,25.0,1.66,0.44
30,2011,5575,5575,37.22,4.39,12.2,27.0,23.95,1.17,0.36
30,2012,5265,5265,35.52,4.94,12.16,26.4,26.4,2.18,0.38
30,2013,5665,5665,34.16,5.03,12.27,26.21,27.54,2.21,0.71
30,2014,5385,5385,34.91,4.64,11.51,27.3,27.95,1.76,0.46
30,2015,5360,5360,35.45,3.45,11.85,26.87,28.08,1.59,0.56
30,2016,5200,5200,33.27,4.04,11.92,27.88,27.6,1.73,0.58
30,2017,4915,4915,33.98,3.76,13.22,26.55,28.79,2.03,0.2
30,2018,4675,4675,31.98,4.28,12.19,27.81,29.3,2.46,0.32
30,2019,4775,4775,32.46,3.66,14.35,27.54,28.8,1.78,0.31
30,2020,4705,4705,31.88,3.61,15.52,26.14,29.44,1.81,0.43
30,2021,4545,4545,30.8,3.3,16.5,28.38,28.05,1.76,0.22
30,2022,4615,4615,28.71,3.58,17.55,28.28,28.82,1.63,0.76
30,2023,4075,4075,29.45,2.58,15.21,27.61,31.41,2.45,0.37
30,2024,3850,3840,30.08,3.12,14.58,28.26,29.69,2.21,0.26
31,1900,3375,3375,99.26,0.0,0.15,0.59,0.0,0.0,0.0
31,1901,3730,3730,99.2,0.0,0.0,0.8,0.0,0.0,0.0
31,1902,3900,3900,98.85,0.0,0.0,1.15,0.0,0.0,0.0
31,1903,3865,3865,99.48,0.0,0.0,0.52,0.0,0.0,0.0
31,1904,3895,3895,98.84,0.0,0.13,0.9,0.13,0.0,0.0
31,1905,3960,3960,98.74,0.13,0.13,0.88,0.13,0.0,0.0
31,1906,4010,4010,99.13,0.0,0.0,0.87,0.0,0.0,0.0
31,1907,4005,4005,99.0,0.0,0.12,0.87,0.0,0.0,0.0
31,1908,4450,4450,99.1,0.0,0.11,0.79,0.0,0.0,0.0
31,1909,4250,4250,98.71,0.0,0.24,1.06,0.0,0.0,0.0
31,1910,4435,4435,99.1,0.0,0.11,0.79,0.0,0.0,0.0
31,1911,4100,4100,98.9,0.0,0.12,0.85,0.12,0.0,0.0
31,1912,4270,4270,99.18,0.0,0.0,0.82,0.0,0.0,0.0
31,1913,4140,4140,99.15,0.0,0.0,0.85,0.0,0.0,0.0
31,1914,4230,4230,99.05,0.12,0.0,0.83,0.0,0.0,0.0
31,1915,2690,2690,99.44,0.0,0.0,0.56,0.0,0.0,0.0
31,1916,2015,2015,99.5,0.0,0.0,0.5,0.0,0.0,0.0
31,1917,2280,2280,99.34,0.0,0.0,0.66,0.0,0.0,0.0
31,1918,3070,3070,99.35,0.0,0.0,0.65,0.0,0.0,0.0
31,1919,3255,3255,99.39,0.0,0.0,0.61,0.0,0.0,0.0
31,1920,5635,5635,99.2,0.0,0.09,0.71,0.0,0.0,0.0
31,1921,5680,5680,99.56,0.0,0.09,0.35,0.0,0.0,0.0
31,1922,5300,5300,99.34,0.0,0.0,0.66,0.0,0.0,0.0
31,1923,5160,5160,99.22,0.0,0.0,0.78,0.0,0.0,0.0
31,1924,5130,5130,99.42,0.0,0.0,0.58,0.0,0.0,0.0
31,1925,5300,5300,99.15,0.0,0.0,0.85,0.0,0.0,0.0
31,1926,5260,5260,99.43,0.0,0.0,0.57,0.0,0.0,0.0
31,1927,5190,5190,98.75,0.0,0.0,1.25,0.0,0.0,0.0
31,1928,5325,5325,99.06,0.0,0.0,0.94,0.0,0.0,0.0
31,1929,5295,5295,99.06,0.0,0.0,0.94,0.0,0.0,0.0
31,1930,5380,5380,99.16,0.0,0.0,0.84,0.0,0.0,0.0
31,1931,5415,5415,99.08,0.0,0.0,0.92,0.0,0.0,0.0
31,1932,5475,5475,98.9,0.0,0.09,1.0,0.09,0.0,0.0
31,1933,5265,5265,99.24,0.0,0.0,0.76,0.0,0.0,0.0
31,1934,5405,5405,98.98,0.0,0.09,0.83,0.19,0.0,0.0
31,1935,5250,5250,99.14,0.0,0.0,0.86,0.0,0.0,0.0
31,1936,5185,5185,98.94,0.1,0.0,0.96,0.0,0.0,0.0
31,1937,4940,4940,99.39,0.0,0.1,0.51,0.1,0.0,0.0
31,1938,4765,4765,99.79,0.0,0.0,0.21,0.0,0.0,0.0
31,1939,5000,5000,99.0,0.0,0.0,1.0,0.1,0.0,0.0
31,1940,5105,5105,99.12,0.0,0.1,0.78,0.0,0.0,0.0
31,1941,5785,5785,98.79,0.09,0.0,1.12,0.0,0.0,0.0
31,1942,6170,6170,99.19,0.0,0.08,0.73,0.08,0.0,0.0
31,1943,6930,6930,99.28,0.07,0.07,0.51,0.07,0.0,0.0
31,1944,6375,6375,99.29,0.16,0.08,0.47,0.0,0.0,0.0
31,1945,6600,6600,99.39,0.08,0.0,0.53,0.0,0.0,0.0
31,1946,9390,9390,98.99,0.16,0.0,0.8,0.11,0.0,0.0
31,1947,9495,9495,99.16,0.26,0.0,0.53,0.11,0.0,0.0
31,1948,9315,9315,98.87,0.16,0.05,0.91,0.05,0.0,0.0
31,1949,9115,9115,98.9,0.33,0.11,0.66,0.05,0.0,0.0
31,1950,8940,8940,99.05,0.22,0.0,0.73,0.06,0.0,0.0
31,1951,8810,8810,98.52,0.4,0.17,0.85,0.17,0.0,0.0
31,1952,8735,8735,98.8,0.57,0.0,0.63,0.06,0.0,0.0
31,1953,8335,8335,98.74,0.66,0.0,0.54,0.12,0.0,0.0
31,1954,8475,8475,98.64,0.71,0.06,0.53,0.12,0.0,0.0
31,1955,8285,8285,98.25,1.15,0.0,0.54,0.3,0.0,0.0
31,1956,8650,8650,98.03,1.45,0.0,0.46,0.35,0.0,0.0
31,1957,8520,8520,98.3,1.06,0.06,0.47,0.41,0.0,0.0
31,1958,8585,8585,97.61,1.51,0.0,0.76,0.52,0.06,0.0
31,1959,8745,8745,97.2,1.37,0.0,1.2,0.51,0.0,0.06
31,1960,8755,8755,97.37,1.48,0.06,0.86,0.57,0.0,0.0
31,1961,9180,9180,97.66,1.31,0.0,0.87,0.65,0.0,0.0
31,1962,9765,9765,97.85,1.18,0.0,0.67,0.82,0.1,0.0
31,1963,10320,10320,97.04,1.26,0.0,1.02,1.16,0.15,0.0
31,1964,10700,10700,97.2,0.89,0.0,1.12,1.21,0.19,0.0
31,1965,10465,10465,97.66,0.76,0.0,0.91,1.05,0.1,0.0
31,1966,10520,10520,97.34,0.86,0.0,0.86,1.33,0.14,0.0
31,1967,10230,10230,97.56,0.68,0.05,0.88,1.52,0.24,0.0
31,1968,10365,10365,96.58,0.87,0.05,1.21,1.93,0.34,0.0
31,1969,10540,10540,96.54,0.71,0.05,1.28,1.99,0.19,0.0
31,1970,10840,10840,95.2,1.15,0.23,1.75,2.4,0.32,0.0
31,1971,11310,11310,94.65,1.59,0.22,1.95,2.12,0.22,0.0
31,1972,11295,11295,93.54,2.35,0.18,2.17,2.21,0.4,0.0
31,1973,11145,11145,91.57,2.83,0.22,2.96,2.78,0.4,0.0
31,1974,10230,10230,90.81,2.79,0.49,3.08,3.27,0.73,0.0
31,1975,9325,9325,89.65,4.13,0.32,3.27,2.95,0.54,0.0
31,1976,8935,8935,89.37,3.64,0.39,3.92,2.97,0.34,0.0
31,1977,9295,9295,87.84,5.59,0.22,3.82,2.96,0.16,0.0
31,1978,9160,9160,86.63,5.73,0.49,4.91,2.62,0.16,0.0
31,1979,9625,9625,86.13,5.51,0.62,4.94,3.27,0.47,0.0
31,1980,9950,9950,84.72,6.33,0.6,5.78,2.91,0.4,0.0
31,1981,10145,10145,83.98,5.96,0.69,5.86,3.79,0.74,0.0
31,1982,9675,9675,82.53,7.08,0.41,6.72,3.51,0.52,0.0
31,1983,9520,9520,81.62,7.09,0.42,6.93,4.15,0.47,0.05
31,1984,9565,9565,81.18,6.8,0.47,7.89,3.92,0.52,0.0
31,1985,9960,9960,80.57,6.68,0.7,8.84,3.41,0.45,0.05
31,1986,10010,10010,79.27,7.09,0.5,9.49,3.9,0.45,0.0
31,1987,10020,10020,78.54,7.44,0.7,10.08,3.39,0.35,0.0
31,1988,10465,10465,76.06,8.31,0.96,11.28,3.82,0.38,0.0
31,1989,10805,10805,75.24,8.79,1.06,11.75,3.61,0.56,0.05
31,1990,11050,11050,74.25,8.6,1.22,12.22,4.03,0.45,0.05
31,1991,11125,11125,73.93,8.67,1.62,12.13,4.18,0.45,0.0
31,1992,11305,11305,72.14,9.82,1.86,12.61,4.07,0.44,0.04
31,1993,10865,10865,71.79,9.76,2.16,12.38,4.51,0.37,0.05
31,1994,10760,10760,71.79,9.34,2.14,13.24,3.9,0.42,0.05
31,1995,11210,11210,72.61,8.97,2.54,12.44,4.06,0.27,0.0
31,1996,11460,11460,70.99,9.29,2.57,13.31,4.8,0.22,0.04
31,1997,11585,11585,69.83,9.58,3.28,13.9,4.14,0.35,0.0
31,1998,11750,11750,68.72,9.4,4.04,13.91,4.94,0.51,0.04
31,1999,12010,12010,67.53,9.58,3.62,15.2,5.37,0.42,0.04
31,2000,12935,12935,64.71,9.32,4.68,16.35,6.22,0.62,0.15
31,2001,12790,12790,61.61,8.99,5.12,18.06,7.54,0.74,0.16
31,2002,12410,12410,59.95,8.5,5.96,19.06,8.02,0.48,0.16
31,2003,12635,12635,57.02,7.84,7.44,19.98,9.93,0.75,0.24
31,2004,12595,12595,56.45,6.79,7.11,21.6,10.44,0.48,0.12
31,2005,12825,12825,54.39,6.35,8.11,22.53,10.92,0.78,0.19
31,2006,13390,13390,52.05,5.9,9.26,23.38,11.76,0.78,0.26
31,2007,13595,13595,51.53,5.41,9.27,23.32,13.39,0.88,0.26
31,2008,13740,13740,50.62,5.13,9.97,23.73,13.57,1.06,0.25
31,2009,13855,13855,48.32,5.81,10.5,23.71,15.08,1.19,0.36
31,2010,14155,14155,46.94,5.37,10.21,25.11,15.9,1.2,0.39
31,2011,14040,14040,45.3,5.24,10.93,25.46,16.95,1.07,0.43
31,2012,14275,14275,44.69,5.15,10.47,25.43,18.11,1.26,0.53
31,2013,14055,14055,44.43,4.84,10.96,25.51,18.85,1.42,0.36
31,2014,14360,14360,44.39,4.77,10.97,25.28,19.05,1.43,0.38
31,2015,14135,14135,43.47,4.63,10.54,25.68,20.2,1.7,0.42
31,2016,13790,13790,42.49,4.5,10.19,26.61,20.78,1.49,0.4
31,2017,13585,13585,41.85,4.38,10.86,26.5,21.16,1.62,0.26
31,2018,13370,13370,42.86,4.45,11.89,24.61,21.05,1.5,0.37
31,2019,13240,13240,41.05,4.12,12.08,25.98,21.79,1.89,0.34
31,2020,13265,13265,40.14,4.26,12.89,25.86,21.98,1.73,0.38
31,2021,13295,13295,39.19,3.99,13.09,26.7,22.04,1.88,0.53
31,2022,12745,12745,37.9,3.92,13.5,26.44,23.58,1.96,0.35
31,2023,11610,11595,36.87,3.62,13.28,27.04,24.49,2.07,0.34
31,2024,11690,11670,37.1,3.21,13.37,26.01,25.54,2.96,0.43
32,1900,1570,1570,98.09,0.0,0.32,1.59,0.0,0.0,0.0
32,1901,1870,1870,97.59,0.0,0.0,2.41,0.0,0.0,0.0
32,1902,1860,1860,96.77,0.0,0.27,2.96,0.0,0.0,0.0
32,1903,1805,1805,98.61,0.0,0.0,1.39,0.0,0.0,0.0
32,1904,1915,1915,97.65,0.0,0.0,2.35,0.0,0.0,0.0
32,1905,1870,1865,97.86,0.0,0.0,2.14,0.0,0.0,0.0
32,1906,2060,2060,95.63,0.24,0.24,3.64,0.24,0.0,0.0
32,1907,1915,1915,96.87,0.0,0.0,2.61,0.52,0.0,0.0
32,1908,2055,2055,97.32,0.0,0.0,2.43,0.24,0.0,0.0
32,1909,2025,2025,97.28,0.0,0.25,2.22,0.25,0.0,0.0
32,1910,1940,1940,98.45,0.0,0.0,1.29,0.26,0.0,0.0
32,1911,1810,1810,97.79,0.0,0.0,2.21,0.0,0.0,0.0
32,1912,1945,1945,98.2,0.0,0.0,1.8,0.0,0.0,0.0
32,1913,1940,1940,97.68,0.0,0.0,2.32,0.0,0.0,0.0
32,1914,1950,1950,97.18,0.26,0.0,2.31,0.26,0.0,0.0
32,1915,1170,1170,99.15,0.0,0.0,0.85,0.0,0.0,0.0
32,1916,780,780,98.72,0.0,0.0,1.28,0.0,0.0,0.0
32,1917,800,800,98.75,0.0,0.0,1.25,0.0,0.0,0.0
32,1918,1015,1015,98.52,0.0,0.0,1.48,0.0,0.0,0.0
32,1919,1205,1205,97.93,0.0,0.0,2.07,0.0,0.0,0.0
32,1920,2255,2255,97.78,0.0,0.0,2.22,0.0,0.0,0.0
32,1921,2245,2245,98.0,0.0,0.0,2.0,0.0,0.0,0.0
32,1922,2195,2195,98.41,0.0,0.0,1.59,0.0,0.0,0.0
32,1923,2360,2360,98.52,0.0,0.0,1.48,0.0,0.0,0.0
32,1924,2250,2250,99.11,0.0,0.0,0.89,0.0,0.0,0.0
32,1925,2325,2325,96.99,0.0,0.0,3.01,0.0,0.0,0.0
32,1926,2305,2305,97.61,0.0,0.0,2.39,0.0,0.0,0.0
32,1927,2265,2265,97.57,0.22,0.0,2.21,0.0,0.0,0.0
32,1928,2255,2255,97.78,0.0,0.22,2.0,0.0,0.0,0.0
32,1929,2265,2265,98.01,0.0,0.0,1.99,0.0,0.0,0.0
32,1930,2300,2300,98.26,0.0,0.22,1.52,0.0,0.0,0.0
32,1931,2240,2240,98.88,0.0,0.0,1.12,0.0,0.0,0.0
32,1932,2425,2425,97.94,0.0,0.21,1.86,0.21,0.0,0.0
32,1933,2295,2295,98.69,0.0,0.0,1.31,0.0,0.0,0.0
32,1934,2220,2220,98.42,0.0,0.0,1.58,0.0,0.0,0.0
32,1935,2105,2105,98.57,0.24,0.0,1.19,0.0,0.0,0.0
32,1936,2190,2190,97.95,0.0,0.0,2.05,0.0,0.0,0.0
32,1937,2045,2045,98.29,0.24,0.0,1.47,0.0,0.0,0.0
32,1938,1915,1915,98.69,0.0,0.0,1.31,0.0,0.0,0.0
32,1939,2075,2075,98.07,0.24,0.0,1.69,0.0,0.0,0.0
32,1940,1820,1820,98.9,0.27,0.0,0.82,0.0,0.0,0.0
32,1941,1985,1985,99.24,0.0,0.0,0.76,0.0,0.0,0.0
32,1942,2145,2145,99.07,0.0,0.0,0.93,0.0,0.0,0.0
32,1943,2450,2450,98.57,0.2,0.0,1.22,0.0,0.0,0.0
32,1944,2445,2445,98.98,0.2,0.0,0.82,0.0,0.0,0.0
32,1945,2250,2250,98.89,0.22,0.0,0.89,0.0,0.0,0.0
32,1946,3040,3040,98.68,0.16,0.0,1.15,0.0,0.0,0.0
32,1947,3185,3185,99.22,0.31,0.0,0.47,0.0,0.0,0.0
32,1948,3205,3205,99.22,0.16,0.0,0.62,0.0,0.0,0.0
32,1949,3175,3175,98.9,0.31,0.0,0.79,0.0,0.0,0.0
32,1950,3050,3050,99.18,0.33,0.0,0.49,0.0,0.0,0.0
32,1951,2895,2895,98.27,0.69,0.17,0.86,0.0,0.0,0.0
32,1952,2855,2855,98.77,0.7,0.0,0.53,0.0,0.0,0.0
32,1953,2875,2875,98.61,0.87,0.0,0.52,0.0,0.0,0.0
32,1954,2845,2845,98.59,1.05,0.0,0.35,0.0,0.0,0.0
32,1955,2680,2680,98.32,1.12,0.0,0.56,0.19,0.0,0.0
32,1956,2575,2575,98.45,1.17,0.0,0.39,0.19,0.0,0.0
32,1957,2425,2425,98.35,1.44,0.0,0.21,0.21,0.0,0.0
32,1958,2460,2460,98.17,1.63,0.0,0.2,0.0,0.0,0.0
32,1959,2435,2435,97.95,1.44,0.0,0.62,0.21,0.0,0.0
32,1960,2285,2285,98.03,1.31,0.0,0.66,0.22,0.0,0.0
32,1961,2275,2275,97.58,1.98,0.0,0.44,0.22,0.0,0.0
32,1962,2170,2170,98.62,0.92,0.0,0.46,0.46,0.0,0.0
32,1963,2075,2075,98.8,1.2,0.0,0.0,0.24,0.0,0.0
32,1964,2055,2055,98.54,0.97,0.0,0.49,0.24,0.0,0.0
32,1965,2035,2035,98.53,0.98,0.0,0.49,0.49,0.0,0.0
32,1966,1845,1845,98.64,1.08,0.0,0.27,0.54,0.0,0.0
32,1967,1720,1720,99.13,0.87,0.0,0.0,0.87,0.0,0.0
32,1968,1740,1740,97.7,0.86,0.0,0.57,2.01,0.29,0.0
32,1969,1615,1615,98.76,0.93,0.0,0.31,1.24,0.0,0.0
32,1970,1615,1615,98.45,0.62,0.0,0.93,0.93,0.0,0.0
32,1971,1605,1605,96.88,1.56,0.0,1.25,0.93,0.0,0.0
32,1972,1545,1545,95.15,2.59,0.0,1.62,0.97,0.0,0.0
32,1973,1405,1405,96.8,2.49,0.0,0.36,1.07,0.0,0.0
32,1974,1215,1215,95.47,2.06,0.41,1.65,1.65,0.0,0.0
32,1975,1110,1110,91.89,4.05,0.45,1.8,2.25,0.45,0.0
32,1976,970,970,93.81,3.09,0.0,2.58,1.03,0.0,0.0
32,1977,985,985,90.36,5.58,0.51,2.54,2.03,0.0,0.0
32,1978,870,870,89.08,6.32,1.15,2.87,1.15,0.0,0.0
32,1979,925,925,89.73,5.41,0.54,3.24,2.16,0.0,0.0
32,1980,1005,1005,89.55,6.47,0.0,3.98,0.5,0.0,0.0
32,1981,1005,1005,90.05,6.97,0.0,2.99,1.49,0.0,0.0
32,1982,995,995,85.43,7.54,1.01,5.53,1.01,0.0,0.0
32,1983,940,940,90.96,5.85,0.0,3.19,0.0,0.0,0.0
32,1984,965,965,85.49,8.29,0.0,5.7,1.04,0.0,0.0
32,1985,940,940,84.57,9.04,0.53,5.32,1.06,0.53,0.0
32,1986,930,930,86.02,4.84,0.0,8.6,0.54,0.0,0.0
32,1987,950,950,84.74,7.37,0.0,7.89,0.53,0.0,0.0
32,1988,920,920,83.7,8.7,0.0,7.61,0.54,0.0,0.0
32,1989,885,885,81.92,9.6,0.56,7.91,0.56,0.0,0.0
32,1990,900,900,78.33,12.22,1.11,7.78,0.56,0.0,0.0
32,1991,835,835,78.44,9.58,0.6,11.38,0.6,0.0,0.0
32,1992,855,855,77.19,12.87,1.17,8.77,0.0,0.0,0.0
32,1993,725,725,77.93,11.72,0.0,10.34,0.0,0.0,0.0
32,1994,730,730,77.4,10.96,1.37,10.27,0.0,0.0,0.0
32,1995,780,780,81.41,10.26,1.28,7.05,0.64,0.0,0.0
32,1996,860,860,77.33,10.47,3.49,9.3,0.58,0.0,0.0
32,1997,785,785,77.07,8.92,0.64,13.38,0.0,0.0,0.0
32,1998,710,710,76.06,11.27,4.23,8.45,0.0,0.0,0.0
32,1999,715,715,76.22,11.89,3.5,9.09,0.7,0.0,0.0
32,2000,700,700,74.29,13.57,3.57,8.57,0.0,0.0,0.0
32,2001,720,720,72.92,11.11,4.86,11.81,0.69,0.0,0.0
32,2002,660,660,68.18,12.12,4.55,15.15,1.52,0.0,0.0
32,2003,675,675,68.15,9.63,5.19,17.04,1.48,0.0,0.0
32,2004,575,575,64.35,11.3,5.22,17.39,2.61,0.0,0.0
32,2005,615,615,65.85,5.69,6.5,20.33,3.25,0.0,0.0
32,2006,535,535,63.55,9.35,5.61,19.63,1.87,0.0,0.0
32,2007,590,590,59.32,6.78,7.63,24.58,5.08,0.0,0.0
32,2008,590,590,64.41,5.93,8.47,21.19,2.54,0.0,0.0
32,2009,585,585,60.68,8.55,9.4,17.95,4.27,0.0,0.85
32,2010,480,480,57.29,7.29,9.38,23.96,6.25,0.0,0.0
32,2011,495,495,54.55,8.08,12.12,21.21,8.08,0.0,1.01
32,2012,445,445,50.56,5.62,12.36,28.09,2.25,1.12,1.12
32,2013,435,435,44.83,5.75,14.94,29.89,6.9,0.0,0.0
32,2014,495,495,58.59,5.05,8.08,24.24,8.08,0.0,0.0
32,2015,415,415,56.63,9.64,8.43,22.89,7.23,0.0,0.0
32,2016,350,350,57.14,5.71,7.14,25.71,5.71,0.0,0.0
32,2017,420,420,50.0,10.71,9.52,26.19,8.33,0.0,0.0
32,2018,365,365,61.64,6.85,6.85,21.92,6.85,0.0,0.0
32,2019,400,400,52.5,6.25,10.0,30.0,7.5,0.0,0.0
32,2020,405,405,56.79,6.17,9.88,25.93,6.17,1.23,0.0
32,2021,420,420,42.86,5.95,13.1,33.33,8.33,0.0,0.0
32,2022,375,375,46.67,6.67,14.67,32.0,9.33,0.0,0.0
32,2023,270,270,53.7,3.7,12.96,29.63,1.85,1.85,0.0
32,2024,275,275,65.45,9.09,9.09,16.36,1.82,0.0,0.0
33,1900,7140,7140,99.3,0.07,0.0,0.56,0.07,0.0,0.0
33,1901,7635,7635,99.15,0.07,0.0,0.79,0.0,0.0,0.0
33,1902,7940,7940,99.18,0.0,0.0,0.82,0.0,0.0,0.0
33,1903,7945,7945,99.24,0.0,0.0,0.76,0.0,0.0,0.0
33,1904,7930,7930,99.5,0.06,0.0,0.44,0.0,0.0,0.0
33,1905,7935,7935,99.56,0.0,0.0,0.44,0.0,0.0,0.0
33,1906,8185,8185,99.51,0.0,0.0,0.49,0.0,0.0,0.0
33,1907,8085,8085,99.57,0.06,0.06,0.31,0.0,0.0,0.0
33,1908,8460,8460,99.47,0.0,0.0,0.53,0.0,0.0,0.0
33,1909,8465,8465,99.41,0.0,0.0,0.59,0.0,0.0,0.0
33,1910,8580,8580,99.3,0.06,0.0,0.64,0.0,0.0,0.0
33,1911,8170,8170,99.2,0.06,0.0,0.73,0.0,0.0,0.0
33,1912,8530,8530,99.3,0.06,0.0,0.59,0.06,0.0,0.0
33,1913,8550,8550,99.42,0.0,0.0,0.58,0.0,0.0,0.0
33,1914,8510,8510,99.29,0.06,0.0,0.59,0.06,0.0,0.0
33,1915,5775,5775,99.39,0.09,0.0,0.52,0.0,0.0,0.0
33,1916,4670,4670,99.36,0.0,0.0,0.64,0.0,0.0,0.0
33,1917,5550,5550,98.92,0.09,0.0,0.99,0.0,0.0,0.0
33,1918,6535,6535,99.01,0.0,0.0,0.99,0.0,0.0,0.0
33,1919,7270,7270,99.38,0.0,0.0,0.62,0.0,0.0,0.0
33,1920,12725,12725,99.17,0.04,0.0,0.79,0.0,0.0,0.0
33,1921,12350,12350,98.99,0.04,0.0,0.93,0.04,0.0,0.0
33,1922,11380,11380,99.17,0.04,0.0,0.79,0.0,0.0,0.0
33,1923,11270,11270,99.16,0.04,0.0,0.8,0.0,0.0,0.0
33,1924,10895,10895,99.13,0.05,0.0,0.83,0.0,0.0,0.0
33,1925,11110,11110,98.96,0.09,0.0,0.9,0.05,0.0,0.0
33,1926,10980,10980,99.09,0.09,0.0,0.82,0.0,0.0,0.0
33,1927,10835,10835,99.12,0.09,0.0,0.78,0.0,0.0,0.0
33,1928,11155,11155,99.1,0.04,0.0,0.85,0.0,0.0,0.0
33,1929,10905,10905,98.95,0.14,0.05,0.87,0.05,0.0,0.0
33,1930,11225,11225,98.8,0.09,0.09,0.98,0.09,0.0,0.0
33,1931,10570,10570,98.72,0.09,0.09,1.09,0.0,0.0,0.0
33,1932,11060,11060,98.37,0.09,0.23,1.31,0.0,0.0,0.0
33,1933,10430,10430,98.71,0.14,0.14,1.01,0.05,0.0,0.0
33,1934,10435,10435,98.56,0.14,0.29,1.01,0.0,0.0,0.0
33,1935,9785,9785,98.77,0.05,0.15,1.02,0.0,0.0,0.0
33,1936,9690,9690,98.45,0.15,0.46,0.88,0.1,0.0,0.0
33,1937,9305,9305,98.33,0.11,0.38,1.13,0.11,0.0,0.0
33,1938,9435,9435,98.89,0.11,0.32,0.69,0.05,0.0,0.0
33,1939,9930,9930,99.09,0.2,0.2,0.5,0.0,0.0,0.0
33,1940,9710,9710,98.82,0.21,0.21,0.77,0.0,0.0,0.0
33,1941,8860,8860,98.81,0.17,0.23,0.73,0.11,0.0,0.0
33,1942,9140,9140,98.85,0.11,0.22,0.77,0.11,0.0,0.0
33,1943,11010,11010,98.91,0.18,0.18,0.68,0.09,0.0,0.0
33,1944,11205,11205,98.44,0.18,0.45,0.89,0.18,0.0,0.0
33,1945,11410,11410,98.6,0.26,0.22,0.83,0.13,0.0,0.0
33,1946,16450,16450,98.6,0.3,0.3,0.73,0.12,0.0,0.0
33,1947,17455,17455,98.4,0.4,0.37,0.77,0.14,0.0,0.0
33,1948,17175,17175,98.34,0.41,0.32,0.84,0.15,0.0,0.0
33,1949,17040,17040,98.3,0.35,0.44,0.85,0.15,0.0,0.0
33,1950,16685,16685,98.32,0.48,0.36,0.78,0.18,0.0,0.0
33,1951,15915,15915,98.3,0.5,0.38,0.75,0.16,0.0,0.0
33,1952,15715,15715,98.22,0.45,0.48,0.76,0.25,0.0,0.0
33,1953,15300,15300,98.27,0.69,0.36,0.62,0.33,0.0,0.0
33,1954,15090,15090,98.24,0.76,0.3,0.6,0.36,0.0,0.0
33,1955,15040,15040,98.17,0.66,0.3,0.76,0.33,0.0,0.0
33,1956,14770,14770,97.83,0.85,0.37,0.81,0.37,0.0,0.0
33,1957,14785,14785,97.84,0.71,0.37,0.88,0.47,0.03,0.0
33,1958,14605,14605,97.91,0.68,0.24,0.96,0.48,0.0,0.0
33,1959,14645,14645,97.44,0.82,0.2,1.3,0.51,0.07,0.0
33,1960,14075,14075,97.87,0.75,0.18,1.07,0.39,0.0,0.0
33,1961,14420,14420,97.61,0.73,0.21,1.35,0.52,0.0,0.0
33,1962,14500,14500,97.24,0.83,0.21,1.45,0.69,0.0,0.0
33,1963,15510,15510,97.52,0.52,0.16,1.52,0.61,0.0,0.0
33,1964,15735,15735,97.78,0.44,0.1,1.37,0.57,0.06,0.0
33,1965,15505,15505,97.58,0.45,0.13,1.45,0.64,0.06,0.0
33,1966,15660,15660,97.22,0.77,0.13,1.4,0.86,0.13,0.0
33,1967,15410,15410,96.63,0.68,0.23,1.91,0.88,0.03,0.0
33,1968,15275,15270,95.97,0.69,0.49,2.1,1.05,0.1,0.0
33,1969,15640,15640,95.72,0.99,0.51,2.01,1.15,0.16,0.0
33,1970,15845,15845,94.89,1.04,0.66,2.75,1.1,0.03,0.0
33,1971,16565,16565,93.75,1.72,0.63,3.05,1.27,0.12,0.0
33,1972,16520,16520,91.77,2.57,0.82,3.96,1.27,0.09,0.0
33,1973,16285,16285,90.36,3.13,0.89,4.61,1.32,0.09,0.0
33,1974,14940,14940,89.12,3.35,0.87,5.56,1.34,0.2,0.0
33,1975,13805,13805,87.32,4.64,0.76,5.72,1.85,0.22,0.0
33,1976,13615,13615,86.15,5.33,0.7,6.06,2.02,0.26,0.0
33,1977,13660,13660,85.4,5.67,0.92,6.0,2.31,0.26,0.0
33,1978,13360,13360,82.63,6.74,0.67,7.93,2.28,0.22,0.0
33,1979,14060,14060,82.72,6.86,0.68,7.97,2.1,0.21,0.0
33,1980,15275,15275,82.88,6.87,0.69,7.73,2.13,0.26,0.0
33,1981,15150,15150,80.4,7.19,0.46,9.9,2.28,0.36,0.0
33,1982,14820,14820,79.52,7.09,0.74,10.43,2.43,0.34,0.0
33,1983,13360,13360,78.78,7.56,0.71,11.26,1.87,0.19,0.0
33,1984,13570,13570,77.19,7.77,0.7,12.49,2.06,0.29,0.0
33,1985,14240,14240,76.72,8.18,0.56,12.39,2.49,0.32,0.0
33,1986,14330,14330,76.1,7.85,0.91,13.05,2.41,0.17,0.0
33,1987,14000,14000,75.14,8.57,0.93,13.61,1.93,0.21,0.0
33,1988,14245,14245,74.45,8.49,1.09,13.86,2.25,0.25,0.04
33,1989,14080,14080,73.58,9.62,1.53,13.49,1.95,0.14,0.0
33,1990,14195,14195,71.36,9.48,1.66,15.43,2.36,0.14,0.0
33,1991,14210,14210,71.43,9.71,1.86,14.67,2.53,0.32,0.04
33,1992,13775,13775,70.2,9.95,2.61,15.14,2.36,0.11,0.04
33,1993,13010,13010,70.02,10.22,2.77,14.8,2.69,0.23,0.04
33,1994,13270,13270,69.97,10.06,2.98,15.0,2.45,0.26,0.08
33,1995,13415,13415,69.81,9.09,3.43,15.36,2.98,0.22,0.0
33,1996,13610,13610,68.92,9.37,3.78,15.76,2.79,0.11,0.04
33,1997,13245,13245,68.48,9.7,3.4,16.35,2.79,0.08,0.0
33,1998,13740,13740,67.65,9.17,3.89,16.38,3.57,0.4,0.07
33,1999,14040,14040,65.63,9.65,4.59,16.99,3.99,0.43,0.04
33,2000,14585,14585,65.07,9.12,4.83,17.93,4.05,0.27,0.03
33,2001,14590,14590,61.45,9.36,6.24,19.36,4.52,0.38,0.03
33,2002,14120,14120,59.38,9.45,6.23,20.43,5.38,0.32,0.21
33,2003,13985,13985,56.42,8.19,7.4,23.27,6.26,0.32,0.07
33,2004,14180,14180,54.37,6.77,8.11,25.07,7.3,0.53,0.18
33,2005,13940,13940,52.26,6.56,9.43,25.65,8.39,0.72,0.32
33,2006,14600,14600,51.85,6.06,10.07,25.14,9.45,0.58,0.24
33,2007,14400,14400,49.55,5.69,10.73,26.11,10.56,0.52,0.42
33,2008,14550,14550,48.93,5.26,11.27,26.94,10.31,0.58,0.45
33,2009,14890,14890,47.38,5.47,12.26,26.33,11.82,0.74,0.57
33,2010,14845,14845,46.24,5.46,12.6,27.18,11.89,0.84,0.54
33,2011,14585,14585,45.05,5.42,11.93,27.6,13.23,0.86,0.58
33,2012,14355,14355,45.42,5.05,12.05,27.48,13.55,0.91,0.49
33,2013,14390,14390,45.17,5.18,13.03,26.34,14.49,1.29,0.45
33,2014,14450,14450,45.81,4.64,12.6,26.3,15.33,1.14,0.48
33,2015,14455,14455,46.11,4.43,13.42,25.15,15.19,1.14,0.48
33,2016,14300,14300,46.05,4.06,12.83,26.15,15.56,1.19,0.49
33,2017,14300,14300,45.66,4.06,13.46,25.8,15.49,1.29,0.49
33,2018,14145,14145,45.81,4.21,13.64,25.45,15.16,1.27,0.46
33,2019,14320,14320,44.87,4.33,14.04,25.73,15.26,1.75,0.56
33,2020,14355,14350,42.16,4.29,15.61,26.9,15.75,1.53,0.45
33,2021,14840,14840,41.95,3.81,15.46,27.76,15.03,1.79,0.37
33,2022,14290,14290,41.92,3.99,15.22,27.96,15.43,1.57,0.35
33,2023,12905,12900,40.54,4.03,14.88,28.53,16.28,1.71,0.31
33,2024,12740,12730,42.26,3.22,14.96,26.67,16.73,1.77,0.39
34,1900,4485,4480,99.33,0.0,0.11,0.56,0.0,0.0,0.0
34,1901,5000,5000,99.5,0.0,0.0,0.5,0.0,0.0,0.0
34,1902,4720,4720,98.62,0.0,0.11,1.27,0.0,0.0,0.0
34,1903,4785,4785,98.85,0.0,0.21,0.94,0.0,0.0,0.0
34,1904,4960,4960,98.99,0.0,0.0,1.01,0.0,0.0,0.0
34,1905,5060,5060,99.41,0.0,0.0,0.59,0.0,0.0,0.0
34,1906,5195,5195,99.04,0.0,0.1,0.87,0.0,0.0,0.0
34,1907,4740,4740,99.16,0.11,0.0,0.74,0.0,0.0,0.0
34,1908,5030,5030,99.5,0.0,0.0,0.5,0.0,0.0,0.0
34,1909,4760,4760,99.16,0.0,0.0,0.84,0.0,0.0,0.0
34,1910,4980,4980,99.2,0.0,0.1,0.7,0.1,0.0,0.0
34,1911,5115,5115,99.32,0.0,0.0,0.68,0.0,0.0,0.0
34,1912,5325,5325,98.69,0.0,0.0,1.31,0.0,0.0,0.0
34,1913,5470,5470,98.99,0.0,0.0,1.01,0.0,0.0,0.0
34,1914,5710,5710,98.42,0.0,0.0,1.58,0.0,0.0,0.0
34,1915,3495,3495,98.14,0.0,0.0,1.86,0.0,0.0,0.0
34,1916,2775,2775,96.22,0.0,0.0,3.78,0.0,0.0,0.0
34,1917,3125,3125,96.0,0.0,0.0,4.0,0.0,0.0,0.0
34,1918,3675,3675,97.01,0.0,0.0,2.99,0.0,0.0,0.0
34,1919,4230,4230,97.87,0.0,0.0,2.13,0.0,0.0,0.0
34,1920,7810,7810,98.4,0.0,0.0,1.6,0.0,0.0,0.0
34,1921,7355,7355,98.16,0.07,0.0,1.77,0.0,0.0,0.0
34,1922,6800,6800,97.72,0.0,0.0,2.28,0.0,0.0,0.0
34,1923,6730,6730,97.4,0.0,0.0,2.6,0.0,0.0,0.0
34,1924,6385,6385,97.34,0.0,0.0,2.66,0.0,0.0,0.0
34,1925,6300,6300,97.86,0.0,0.0,2.14,0.0,0.0,0.0
34,1926,5995,5995,98.0,0.0,0.0,2.0,0.0,0.0,0.0
34,1927,5745,5745,98.35,0.0,0.09,1.57,0.0,0.0,0.0
34,1928,6075,6075,98.19,0.0,0.16,1.65,0.0,0.0,0.0
34,1929,6205,6205,98.07,0.0,0.0,1.93,0.0,0.0,0.0
34,1930,6445,6445,97.75,0.08,0.16,2.02,0.0,0.0,0.0
34,1931,6120,6120,97.79,0.0,0.08,2.04,0.08,0.0,0.0
34,1932,5975,5975,97.91,0.08,0.0,2.01,0.0,0.0,0.0
34,1933,5800,5800,97.93,0.0,0.34,1.72,0.0,0.0,0.0
34,1934,5745,5745,98.17,0.0,0.17,1.65,0.0,0.0,0.0
34,1935,5330,5330,97.75,0.0,0.09,2.06,0.19,0.0,0.0
34,1936,5135,5135,98.34,0.1,0.39,1.17,0.0,0.0,0.0
34,1937,5020,5020,98.51,0.3,0.2,1.0,0.1,0.0,0.0
34,1938,4870,4870,98.56,0.1,0.1,1.23,0.0,0.0,0.0
34,1939,4900,4900,98.27,0.1,0.2,1.33,0.2,0.0,0.0
34,1940,4855,4855,98.76,0.0,0.21,1.03,0.0,0.0,0.0
34,1941,5250,5250,97.81,0.19,0.29,1.62,0.1,0.0,0.0
34,1942,5430,5430,98.71,0.0,0.18,1.1,0.09,0.0,0.0
34,1943,6450,6450,98.76,0.16,0.23,0.85,0.16,0.0,0.0
34,1944,5665,5665,98.41,0.26,0.26,0.97,0.26,0.0,0.0
34,1945,6165,6165,98.38,0.16,0.24,1.14,0.24,0.0,0.0
34,1946,9040,9040,97.95,0.22,0.33,1.33,0.28,0.0,0.0
34,1947,9030,9030,98.01,0.28,0.44,1.22,0.22,0.0,0.0
34,1948,8360,8360,98.21,0.24,0.36,1.14,0.24,0.0,0.0
34,1949,8590,8590,97.67,0.47,0.41,1.4,0.29,0.0,0.0
34,1950,8170,8170,97.43,0.67,0.61,1.16,0.49,0.0,0.0
34,1951,7550,7550,97.68,0.66,0.33,1.26,0.4,0.0,0.0
34,1952,7730,7730,97.02,0.97,0.52,1.36,0.65,0.0,0.0
34,1953,7230,7230,97.1,1.11,0.35,1.31,0.83,0.0,0.0
34,1954,7065,7065,96.96,1.13,0.28,1.34,1.2,0.0,0.0
34,1955,6645,6645,96.84,1.35,0.23,1.35,1.05,0.08,0.0
34,1956,6665,6665,97.07,1.35,0.15,1.35,0.83,0.0,0.0
34,1957,6940,6940,97.12,1.22,0.29,1.22,0.79,0.0,0.0
34,1958,7000,7000,96.57,1.29,0.36,1.64,1.07,0.0,0.0
34,1959,7075,7075,96.11,1.41,0.21,1.91,1.06,0.0,0.0
34,1960,7140,7140,96.08,1.26,0.28,2.1,1.12,0.0,0.0
34,1961,7270,7270,95.25,1.38,0.14,2.82,1.31,0.0,0.0
34,1962,7625,7625,96.66,1.18,0.2,1.77,0.92,0.0,0.0
34,1963,8145,8145,96.56,0.74,0.06,2.33,1.17,0.0,0.0
34,1964,8400,8400,95.95,0.89,0.06,2.62,0.89,0.12,0.0
34,1965,8625,8625,95.48,0.75,0.0,2.84,1.22,0.12,0.0
34,1966,8620,8620,95.36,0.7,0.0,2.9,1.51,0.23,0.0
34,1967,8640,8640,95.49,0.81,0.06,2.6,1.56,0.29,0.0
34,1968,8395,8395,95.18,0.77,0.12,2.68,1.85,0.06,0.0
34,1969,8730,8730,93.99,0.8,0.4,3.26,1.89,0.29,0.0
34,1970,8740,8740,93.71,1.2,0.63,3.09,1.66,0.29,0.0
34,1971,8880,8880,93.13,1.86,0.39,3.1,2.03,0.34,0.0
34,1972,8675,8675,92.1,2.54,0.4,3.17,2.25,0.23,0.0
34,1973,8620,8620,90.72,3.02,0.58,3.65,2.38,0.29,0.0
34,1974,7855,7855,90.32,3.06,0.51,3.69,2.67,0.45,0.0
34,1975,7340,7340,88.62,3.81,0.61,4.29,2.93,0.48,0.0
34,1976,7375,7375,88.0,4.27,0.54,4.27,3.12,0.34,0.0
34,1977,7515,7515,86.29,5.66,0.47,4.26,3.59,0.67,0.0
34,1978,7640,7640,82.98,6.41,0.65,6.28,3.99,0.46,0.0
34,1979,8050,8050,83.23,6.02,0.56,6.46,3.91,0.68,0.0
34,1980,8550,8550,82.11,6.08,0.76,7.02,4.44,0.58,0.0
34,1981,8670,8670,81.14,6.11,0.46,7.61,5.02,1.15,0.0
34,1982,8650,8650,77.8,7.8,0.4,8.96,5.26,1.16,0.0
34,1983,8230,8230,79.65,6.2,0.61,8.99,4.8,0.79,0.0
34,1984,8250,8250,77.09,6.91,0.97,10.42,4.91,0.73,0.0
34,1985,8490,8490,74.91,7.18,0.71,11.25,6.07,1.06,0.06
34,1986,8840,8840,75.17,6.45,1.13,11.99,5.77,0.85,0.06
34,1987,8785,8785,73.93,7.23,1.42,12.18,5.41,1.02,0.06
34,1988,9060,9060,72.13,8.5,1.32,12.91,5.41,0.61,0.06
34,1989,9330,9330,70.63,8.84,1.77,12.92,6.27,0.86,0.05
34,1990,9440,9440,69.23,8.47,1.59,14.72,6.36,0.58,0.0
34,1991,9475,9475,68.39,8.87,1.9,15.15,6.33,1.11,0.05
34,1992,9435,9435,68.1,9.01,2.44,14.68,6.36,0.64,0.05
34,1993,8900,8900,65.96,10.11,2.53,15.11,6.91,0.62,0.11
34,1994,9075,9075,66.01,9.15,3.42,15.48,7.0,0.55,0.0
34,1995,9425,9425,66.58,8.7,3.71,15.12,6.79,0.53,0.0
34,1996,9430,9430,66.22,9.12,3.55,15.85,6.04,0.42,0.05
34,1997,9265,9265,65.35,9.01,3.83,15.87,6.96,0.43,0.0
34,1998,9360,9360,63.57,8.97,4.06,16.45,8.17,0.69,0.0
34,1999,9675,9675,61.34,9.25,4.34,17.0,9.04,0.88,0.16
34,2000,10505,10505,58.83,8.57,5.33,19.09,9.19,1.09,0.24
34,2001,10455,10455,55.28,8.56,6.26,19.85,11.53,1.1,0.14
34,2002,10295,10295,53.67,8.69,6.51,20.25,12.77,0.68,0.19
34,2003,10135,10135,51.95,7.35,8.19,21.76,13.02,0.84,0.3
34,2004,10090,10090,49.21,6.99,7.98,23.19,15.21,1.19,0.15
34,2005,10095,10095,45.67,6.34,8.42,25.8,16.59,1.49,0.3
34,2006,10680,10680,44.99,5.66,8.94,25.56,18.07,1.17,0.23
34,2007,10610,10610,44.2,5.09,9.9,24.18,20.12,1.65,0.38
34,2008,10870,10870,42.09,5.52,11.18,25.44,19.92,1.33,0.23
34,2009,10830,10830,41.37,4.62,12.23,24.65,21.1,1.57,0.46
34,2010,10775,10775,40.0,5.2,11.18,25.34,22.6,1.67,0.51
34,2011,10930,10930,38.75,4.39,11.34,25.85,24.2,1.46,0.5
34,2012,10875,10875,37.7,4.74,12.64,25.43,24.28,1.84,0.46
34,2013,10660,10660,36.3,4.64,12.1,26.13,26.22,1.92,0.47
34,2014,10715,10715,36.72,4.2,12.97,26.46,25.06,1.73,0.47
34,2015,10565,10565,37.77,4.4,12.78,25.22,25.18,1.94,0.33
34,2016,10550,10550,35.83,3.79,13.84,26.68,25.4,1.9,0.62
34,2017,10430,10430,36.39,3.69,12.13,27.42,25.55,1.53,0.58
34,2018,10435,10435,35.7,4.02,13.7,26.45,25.68,1.68,0.38
34,2019,10210,10210,33.25,3.87,15.08,27.91,26.05,1.57,0.49
34,2020,10345,10345,33.01,3.62,14.5,28.08,25.91,1.84,0.48
34,2021,10535,10535,32.23,3.61,16.18,29.33,24.35,1.8,0.43
34,2022,10365,10365,32.32,3.57,15.58,29.04,24.75,1.78,0.72
34,2023,9300,9285,32.36,3.28,15.29,29.4,25.85,1.99,0.38
34,2024,8750,8725,31.17,3.32,15.13,28.54,27.39,2.35,0.52
35,1900,5135,5135,99.61,0.0,0.0,0.39,0.0,0.0,0.0
35,1901,5770,5770,99.83,0.0,0.0,0.17,0.0,0.0,0.0
35,1902,6065,6065,99.34,0.0,0.0,0.66,0.0,0.0,0.0
35,1903,6460,6460,99.61,0.0,0.0,0.39,0.0,0.0,0.0
35,1904,6625,6625,99.47,0.0,0.0,0.53,0.0,0.0,0.0
35,1905,6670,6670,99.18,0.0,0.0,0.82,0.0,0.0,0.0
35,1906,6540,6540,99.62,0.0,0.08,0.31,0.0,0.0,0.0
35,1907,6755,6755,99.26,0.0,0.07,0.67,0.0,0.0,0.0
35,1908,7140,7140,99.58,0.0,0.0,0.42,0.0,0.0,0.0
35,1909,7425,7425,99.66,0.0,0.07,0.27,0.0,0.0,0.0
35,1910,7490,7490,99.73,0.0,0.0,0.27,0.0,0.0,0.0
35,1911,7075,7075,99.65,0.0,0.07,0.28,0.0,0.0,0.0
35,1912,7910,7910,99.43,0.0,0.0,0.57,0.0,0.0,0.0
35,1913,7780,7780,99.74,0.0,0.0,0.26,0.0,0.0,0.0
35,1914,8030,8030,99.69,0.0,0.06,0.25,0.0,0.0,0.0
35,1915,5245,5245,99.52,0.0,0.0,0.48,0.0,0.0,0.0
35,1916,3880,3880,99.87,0.0,0.0,0.13,0.0,0.0,0.0
35,1917,4315,4315,99.77,0.0,0.0,0.23,0.0,0.0,0.0
35,1918,5650,5650,99.47,0.0,0.0,0.53,0.0,0.0,0.0
35,1919,5725,5725,99.83,0.0,0.0,0.17,0.0,0.0,0.0
35,1920,10015,10015,99.8,0.0,0.0,0.2,0.0,0.0,0.0
35,1921,9100,9100,99.73,0.0,0.0,0.27,0.0,0.0,0.0
35,1922,8995,8995,99.78,0.0,0.0,0.22,0.0,0.0,0.0
35,1923,9450,9450,99.79,0.0,0.0,0.21,0.0,0.0,0.0
35,1924,9710,9710,99.64,0.0,0.0,0.36,0.0,0.0,0.0
35,1925,9605,9605,99.84,0.0,0.0,0.16,0.0,0.0,0.0
35,1926,9255,9255,99.84,0.0,0.0,0.16,0.0,0.0,0.0
35,1927,9790,9790,99.64,0.0,0.0,0.36,0.0,0.0,0.0
35,1928,9570,9570,99.79,0.0,0.0,0.21,0.0,0.0,0.0
35,1929,9505,9505,99.74,0.0,0.0,0.26,0.0,0.0,0.0
35,1930,9940,9940,99.85,0.0,0.05,0.1,0.0,0.0,0.0
35,1931,9670,9670,99.74,0.0,0.0,0.26,0.0,0.0,0.0
35,1932,9775,9775,99.85,0.0,0.0,0.15,0.0,0.0,0.0
35,1933,9310,9310,99.84,0.0,0.0,0.16,0.0,0.0,0.0
35,1934,9370,9370,99.84,0.0,0.0,0.16,0.0,0.0,0.0
35,1935,8655,8655,99.77,0.0,0.0,0.23,0.0,0.0,0.0
35,1936,8935,8935,99.83,0.0,0.0,0.17,0.0,0.0,0.0
35,1937,9120,9120,99.84,0.0,0.0,0.16,0.0,0.0,0.0
35,1938,8610,8610,99.88,0.0,0.0,0.12,0.06,0.0,0.0
35,1939,8880,8880,99.83,0.0,0.06,0.11,0.0,0.0,0.0
35,1940,7965,7965,99.87,0.0,0.0,0.13,0.0,0.0,0.0
35,1941,7025,7025,99.86,0.0,0.0,0.14,0.0,0.0,0.0
35,1942,7895,7895,99.81,0.06,0.0,0.13,0.0,0.0,0.0
35,1943,9070,9070,99.61,0.0,0.06,0.33,0.0,0.0,0.0
35,1944,8800,8800,99.38,0.06,0.17,0.4,0.0,0.0,0.0
35,1945,8775,8775,99.6,0.0,0.06,0.34,0.0,0.0,0.0
35,1946,12840,12840,99.69,0.0,0.12,0.19,0.0,0.0,0.0
35,1947,13785,13785,99.49,0.04,0.15,0.29,0.07,0.0,0.0
35,1948,13770,13770,99.42,0.0,0.18,0.36,0.04,0.0,0.0
35,1949,13445,13445,99.26,0.04,0.26,0.45,0.0,0.0,0.0
35,1950,12820,12820,99.1,0.04,0.31,0.55,0.04,0.0,0.0
35,1951,12260,12260,99.23,0.12,0.29,0.33,0.04,0.0,0.0
35,1952,12085,12085,99.13,0.17,0.29,0.41,0.08,0.0,0.0
35,1953,11745,11745,98.98,0.13,0.21,0.64,0.09,0.0,0.0
35,1954,11745,11745,99.02,0.26,0.21,0.51,0.04,0.0,0.0
35,1955,11520,11520,98.96,0.22,0.3,0.52,0.04,0.0,0.0
35,1956,11570,11570,98.88,0.26,0.17,0.69,0.04,0.0,0.0
35,1957,11765,11765,98.73,0.34,0.13,0.81,0.17,0.0,0.0
35,1958,11780,11780,98.68,0.42,0.13,0.76,0.17,0.0,0.0
35,1959,11590,11590,98.53,0.52,0.22,0.69,0.22,0.0,0.0
35,1960,11560,11560,98.36,0.61,0.09,0.91,0.17,0.0,0.0
35,1961,11795,11795,98.35,0.64,0.17,0.76,0.25,0.0,0.0
35,1962,11915,11915,98.03,0.88,0.17,0.8,0.34,0.04,0.0
35,1963,12295,12295,98.17,0.69,0.28,0.73,0.45,0.0,0.0
35,1964,12380,12380,98.02,0.65,0.36,0.89,0.28,0.0,0.0
35,1965,12430,12430,98.07,0.56,0.44,0.76,0.36,0.0,0.0
35,1966,12335,12335,96.6,0.93,0.97,1.22,0.57,0.0,0.0
35,1967,12250,12250,96.98,0.65,1.14,1.06,0.53,0.04,0.0
35,1968,12220,12220,96.36,0.49,1.6,1.47,0.37,0.0,0.0
35,1969,12300,12300,94.67,0.93,2.2,1.95,0.61,0.08,0.0
35,1970,12405,12405,93.43,1.09,2.54,2.62,0.56,0.08,0.0
35,1971,12795,12795,91.72,1.45,3.01,3.6,0.47,0.04,0.0
35,1972,13025,13025,89.83,2.03,2.73,5.11,0.73,0.04,0.0
35,1973,12510,12510,88.93,2.32,2.12,6.31,0.6,0.04,0.0
35,1974,11755,11755,87.37,3.23,1.74,7.44,0.72,0.0,0.0
35,1975,10845,10845,87.18,3.64,1.52,7.38,0.65,0.05,0.0
35,1976,10190,10190,85.97,4.51,1.23,8.05,0.54,0.05,0.05
35,1977,10605,10605,85.57,4.76,1.08,8.16,0.9,0.05,0.0
35,1978,10445,10445,84.97,5.17,0.77,8.62,0.77,0.05,0.0
35,1979,10780,10780,85.48,5.06,0.74,8.53,0.56,0.05,0.0
35,1980,11525,11525,85.47,5.34,0.65,8.07,0.82,0.13,0.0
35,1981,11270,11270,85.0,4.92,1.15,8.39,0.71,0.18,0.0
35,1982,10925,10925,84.3,5.86,0.64,8.97,0.55,0.09,0.0
35,1983,10210,10210,84.08,5.97,0.64,8.67,0.93,0.2,0.0
35,1984,10100,10100,83.76,6.04,0.84,9.06,0.54,0.05,0.0
35,1985,10225,10225,82.69,6.6,0.83,9.14,0.98,0.1,0.0
35,1986,10485,10485,81.74,6.68,1.0,9.92,0.95,0.1,0.0
35,1987,10175,10175,81.87,7.27,1.03,9.34,0.79,0.1,0.0
35,1988,10105,10105,80.11,8.81,1.04,9.8,0.64,0.05,0.0
35,1989,10255,10255,79.42,9.12,1.22,9.95,0.59,0.05,0.0
35,1990,10175,10175,78.57,8.26,1.38,11.35,0.69,0.1,0.0
35,1991,10035,10035,77.38,8.72,1.54,11.96,0.75,0.05,0.0
35,1992,9880,9880,77.83,8.5,1.97,11.49,0.46,0.05,0.0
35,1993,9490,9490,77.08,9.11,2.37,11.06,0.74,0.0,0.05
35,1994,9410,9410,77.74,8.18,2.5,11.05,1.06,0.0,0.05
35,1995,9950,9950,75.93,8.24,3.42,11.96,0.9,0.05,0.1
35,1996,10215,10215,75.97,8.13,2.94,12.38,1.13,0.05,0.05
35,1997,9995,9995,75.39,7.9,3.7,12.61,1.25,0.1,0.0
35,1998,10490,10490,73.36,8.06,4.43,13.82,1.19,0.19,0.05
35,1999,10545,10545,72.07,7.92,4.98,14.37,1.42,0.19,0.14
35,2000,11330,11330,69.51,8.08,5.56,15.98,1.81,0.31,0.13
35,2001,11305,11305,66.78,7.34,8.18,16.94,2.61,0.4,0.13
35,2002,10770,10770,65.41,7.89,8.68,16.81,2.6,0.32,0.14
35,2003,11015,11015,62.28,6.99,8.85,20.29,3.18,0.27,0.23
35,2004,11065,11065,59.96,6.51,9.99,21.33,4.11,0.45,0.36
35,2005,11115,11115,58.84,5.89,10.66,22.27,4.18,0.27,0.4
35,2006,11330,11330,57.86,5.65,11.12,21.54,6.22,0.53,0.35
35,2007,11220,11220,56.33,4.77,12.17,22.33,6.82,0.36,0.4
35,2008,11190,11190,54.78,4.6,13.0,23.06,6.84,0.45,0.4
35,2009,11490,11490,54.48,5.0,13.27,22.54,7.7,0.52,0.39
35,2010,10920,10920,52.84,5.31,13.64,22.85,8.79,0.69,0.64
35,2011,11025,11025,52.65,4.49,13.92,23.04,9.21,0.73,0.45
35,2012,10920,10920,50.55,4.3,15.11,23.35,10.3,0.78,0.46
35,2013,10605,10605,51.25,4.57,15.04,23.06,9.85,0.85,0.47
35,2014,10575,10575,50.97,4.78,15.04,22.74,10.54,1.04,0.66
35,2015,10065,10065,51.47,4.22,14.8,22.5,10.58,0.99,0.55
35,2016,10060,10060,50.8,4.22,14.71,23.46,11.23,0.84,0.6
35,2017,9700,9700,52.06,3.71,14.12,23.25,10.36,1.08,0.57
35,2018,9655,9655,50.85,3.63,14.71,22.99,11.86,1.55,0.41
35,2019,9865,9865,51.29,4.05,14.04,22.71,11.61,1.17,0.66
35,2020,9615,9615,48.36,4.0,15.76,22.67,12.74,1.25,0.73
35,2021,10290,10290,48.4,3.84,15.4,23.66,11.86,1.46,0.63
35,2022,9840,9840,46.49,3.61,15.85,24.85,12.91,1.37,0.56
35,2023,9240,9240,47.67,3.08,15.42,23.7,13.69,1.52,0.54
35,2024,9070,9070,48.18,3.25,15.49,23.26,13.01,1.76,0.44
36,1900,2895,2895,99.48,0.0,0.0,0.52,0.0,0.0,0.0
36,1901,3130,3130,99.68,0.0,0.0,0.32,0.0,0.0,0.0
36,1902,3315,3315,99.55,0.0,0.0,0.45,0.0,0.0,0.0
36,1903,3255,3255,99.39,0.0,0.0,0.61,0.0,0.0,0.0
36,1904,3295,3295,99.7,0.0,0.0,0.3,0.0,0.0,0.0
36,1905,3350,3350,99.7,0.0,0.0,0.3,0.0,0.0,0.0
36,1906,3415,3415,99.56,0.0,0.0,0.44,0.0,0.0,0.0
36,1907,3300,3300,99.24,0.0,0.0,0.76,0.0,0.0,0.0
36,1908,3475,3475,99.42,0.0,0.0,0.58,0.0,0.0,0.0
36,1909,3700,3700,99.59,0.0,0.0,0.41,0.0,0.0,0.0
36,1910,3405,3405,99.41,0.0,0.0,0.59,0.0,0.0,0.0
36,1911,3365,3365,99.41,0.0,0.0,0.59,0.0,0.0,0.0
36,1912,3400,3400,99.56,0.0,0.0,0.44,0.0,0.0,0.0
36,1913,3520,3520,99.57,0.0,0.0,0.43,0.0,0.0,0.0
36,1914,3425,3425,99.42,0.0,0.0,0.58,0.0,0.0,0.0
36,1915,2180,2180,99.77,0.0,0.0,0.23,0.0,0.0,0.0
36,1916,1645,1645,100.0,0.0,0.0,0.0,0.0,0.0,0.0
36,1917,1705,1705,99.71,0.0,0.0,0.29,0.0,0.0,0.0
36,1918,2275,2275,99.56,0.0,0.0,0.44,0.0,0.0,0.0
36,1919,2065,2065,99.76,0.0,0.0,0.24,0.0,0.0,0.0
36,1920,3735,3735,99.2,0.0,0.0,0.67,0.13,0.0,0.0
36,1921,3915,3915,99.62,0.0,0.0,0.38,0.0,0.0,0.0
36,1922,3640,3640,99.59,0.0,0.0,0.41,0.0,0.0,0.0
36,1923,3485,3485,99.43,0.0,0.0,0.57,0.0,0.0,0.0
36,1924,3450,3450,99.42,0.0,0.0,0.58,0.0,0.0,0.0
36,1925,3580,3580,99.3,0.0,0.0,0.7,0.0,0.0,0.0
36,1926,3570,3570,99.44,0.0,0.0,0.56,0.0,0.0,0.0
36,1927,3410,3410,99.56,0.0,0.0,0.44,0.0,0.0,0.0
36,1928,3540,3540,99.15,0.0,0.0,0.85,0.0,0.0,0.0
36,1929,3305,3305,99.24,0.0,0.0,0.76,0.0,0.0,0.0
36,1930,3475,3475,99.57,0.0,0.0,0.43,0.0,0.0,0.0
36,1931,3315,3315,99.55,0.0,0.0,0.45,0.0,0.0,0.0
36,1932,3285,3285,99.7,0.0,0.0,0.3,0.0,0.0,0.0
36,1933,3065,3065,99.84,0.0,0.0,0.16,0.0,0.0,0.0
36,1934,3220,3220,99.53,0.0,0.31,0.16,0.0,0.0,0.0
36,1935,3095,3095,99.03,0.0,0.48,0.48,0.0,0.0,0.0
36,1936,2995,2995,99.33,0.0,0.5,0.17,0.0,0.0,0.0
36,1937,2930,2930,98.63,0.17,0.85,0.34,0.0,0.0,0.0
36,1938,2975,2975,98.99,0.0,0.84,0.17,0.0,0.0,0.0
36,1939,3225,3225,98.6,0.0,0.93,0.47,0.0,0.0,0.0
36,1940,3315,3315,98.49,0.15,0.9,0.45,0.0,0.0,0.0
36,1941,3135,3135,98.56,0.0,0.8,0.64,0.0,0.0,0.0
36,1942,3675,3675,98.91,0.0,0.54,0.54,0.0,0.0,0.0
36,1943,3985,3985,98.49,0.0,0.88,0.63,0.0,0.0,0.0
36,1944,3860,3860,98.7,0.13,0.78,0.39,0.0,0.0,0.0
36,1945,3775,3775,97.88,0.13,1.32,0.66,0.0,0.0,0.0
36,1946,4645,4645,97.95,0.22,1.29,0.43,0.11,0.0,0.0
36,1947,4645,4645,98.06,0.32,1.4,0.22,0.0,0.0,0.0
36,1948,4545,4545,97.03,0.33,1.76,0.77,0.11,0.0,0.0
36,1949,4440,4440,97.3,0.34,2.03,0.23,0.11,0.0,0.0
36,1950,4550,4550,97.36,0.44,1.54,0.55,0.11,0.0,0.0
36,1951,4255,4255,97.18,0.47,1.76,0.47,0.12,0.0,0.0
36,1952,4140,4140,96.74,0.85,1.81,0.6,0.0,0.0,0.0
36,1953,4305,4305,96.52,0.7,1.28,1.39,0.12,0.0,0.0
36,1954,4235,4235,96.22,0.94,1.3,1.53,0.0,0.0,0.0
36,1955,4350,4350,95.06,1.38,1.38,2.07,0.23,0.0,0.0
36,1956,4560,4560,93.53,1.32,1.1,4.06,0.11,0.0,0.0
36,1957,4640,4640,92.24,1.72,0.75,5.17,0.11,0.0,0.0
36,1958,4275,4275,92.75,1.4,1.29,4.44,0.12,0.0,0.0
36,1959,4525,4525,92.6,1.88,0.77,4.64,0.11,0.0,0.0
36,1960,4230,4230,94.8,1.42,0.95,2.72,0.12,0.0,0.0
36,1961,3975,3975,96.1,1.64,0.75,1.38,0.25,0.0,0.0
36,1962,3825,3825,95.95,1.7,0.39,1.83,0.26,0.0,0.0
36,1963,4075,4075,97.18,1.35,0.49,0.74,0.37,0.0,0.0
36,1964,4005,4005,97.25,1.0,0.37,1.12,0.37,0.0,0.0
36,1965,3775,3775,97.88,0.66,0.4,0.66,0.53,0.0,0.0
36,1966,3755,3755,97.87,0.93,0.27,0.67,0.53,0.0,0.0
36,1967,3695,3695,97.56,0.68,0.54,0.81,0.68,0.0,0.0
36,1968,3620,3620,97.51,0.69,0.14,1.1,0.83,0.14,0.0
36,1969,3525,3525,96.6,0.99,0.28,1.7,0.57,0.0,0.0
36,1970,3510,3510,96.01,1.0,0.28,1.71,1.14,0.0,0.0
36,1971,3560,3560,94.66,2.25,0.42,1.83,0.98,0.0,0.0
36,1972,3405,3405,93.83,2.35,0.15,3.08,0.73,0.0,0.0
36,1973,3195,3195,92.49,3.29,0.31,3.29,0.78,0.16,0.0
36,1974,2950,2950,91.53,3.39,0.34,3.9,1.02,0.17,0.0
36,1975,2590,2590,90.93,3.86,0.0,4.63,0.77,0.0,0.0
36,1976,2515,2515,87.48,5.17,0.6,5.77,1.59,0.2,0.0
36,1977,2505,2505,87.43,5.79,0.6,5.39,1.0,0.0,0.0
36,1978,2395,2395,87.27,5.64,0.21,6.05,1.25,0.0,0.0
36,1979,2245,2245,85.52,7.13,0.45,6.01,1.34,0.0,0.0
36,1980,2385,2385,85.95,5.66,1.26,6.71,0.42,0.0,0.0
36,1981,2455,2455,85.13,5.91,0.41,7.33,1.43,0.2,0.0
36,1982,2305,2305,83.51,7.38,0.22,8.24,0.87,0.22,0.0
36,1983,2055,2055,83.94,6.33,0.24,8.27,1.7,0.0,0.0
36,1984,2060,2060,83.74,7.04,0.24,8.01,0.97,0.0,0.0
36,1985,2190,2190,83.33,6.85,0.23,9.13,0.68,0.0,0.0
36,1986,2065,2065,81.84,6.54,0.24,11.14,0.24,0.0,0.0
36,1987,2030,2030,80.05,8.13,0.74,10.59,0.74,0.0,0.0
36,1988,1980,1980,77.02,8.33,2.02,12.37,0.51,0.25,0.0
36,1989,1835,1835,80.11,8.72,0.82,9.54,0.82,0.0,0.0
36,1990,1855,1855,77.36,9.16,0.81,12.67,0.0,0.0,0.0
36,1991,1870,1870,77.54,9.09,0.8,12.03,0.8,0.0,0.0
36,1992,1810,1810,74.03,9.94,1.1,14.36,0.55,0.0,0.0
36,1993,1620,1620,74.38,10.49,1.85,12.35,0.93,0.31,0.0
36,1994,1745,1745,78.22,8.6,1.43,11.17,0.57,0.0,0.0
36,1995,1845,1845,75.61,10.03,2.98,11.38,0.81,0.0,0.0
36,1996,1625,1625,76.31,10.15,3.08,10.15,0.31,0.0,0.0
36,1997,1685,1685,76.56,8.01,2.67,12.76,0.59,0.0,0.0
36,1998,1685,1685,74.18,9.2,3.56,12.76,0.89,0.0,0.0
36,1999,1690,1690,72.19,10.65,2.96,13.31,0.89,0.3,0.0
36,2000,1810,1810,75.14,9.39,4.14,10.77,1.1,0.28,0.0
36,2001,1660,1660,70.18,11.14,3.92,13.55,1.81,0.3,0.0
36,2002,1570,1570,68.47,10.83,4.78,14.97,2.55,0.0,0.0
36,2003,1500,1500,65.67,9.67,6.0,16.67,2.67,0.0,0.0
36,2004,1490,1490,61.74,8.05,5.7,23.15,3.69,0.0,0.0
36,2005,1480,1480,58.11,7.77,5.41,25.34,4.73,0.34,0.0
36,2006,1440,1440,56.6,8.33,9.03,23.61,4.86,0.35,0.0
36,2007,1405,1405,53.74,8.9,10.68,24.2,5.69,0.0,0.0
36,2008,1400,1400,56.43,7.14,10.0,22.14,7.14,0.71,0.0
36,2009,1250,1250,58.4,8.0,8.8,20.4,5.6,0.0,0.4
36,2010,1200,1200,52.08,8.75,12.92,23.33,6.25,0.0,0.42
36,2011,1120,1120,53.12,6.25,12.5,24.55,7.59,0.45,0.45
36,2012,1110,1110,52.25,6.76,13.51,22.97,8.11,0.9,0.45
36,2013,1025,1025,52.2,6.34,14.63,22.44,7.32,0.98,0.49
36,2014,1035,1035,47.34,6.28,12.56,28.02,10.63,0.97,0.48
36,2015,880,880,50.0,8.52,10.8,22.73,10.8,1.14,1.14
36,2016,825,825,50.3,4.85,14.55,24.85,9.09,0.0,0.0
36,2017,725,725,42.76,5.52,17.93,26.21,8.28,0.69,0.69
36,2018,645,645,51.16,2.33,10.08,29.46,10.85,2.33,0.0
36,2019,640,640,46.88,5.47,14.06,28.12,11.72,0.78,0.0
36,2020,595,595,42.02,5.88,13.45,31.09,12.61,3.36,0.0
36,2021,580,580,44.83,5.17,16.38,27.59,11.21,1.72,0.0
36,2022,460,460,42.39,3.26,15.22,33.7,11.96,1.09,0.0
36,2023,400,400,45.0,6.25,8.75,31.25,12.5,1.25,0.0
36,2024,330,330,37.88,6.06,19.7,30.3,12.12,0.0,0.0
37,1900,2650,2650,98.87,0.0,0.0,0.94,0.19,0.0,0.0
37,1901,3025,3025,98.51,0.17,0.0,1.32,0.0,0.0,0.0
37,1902,3075,3075,98.54,0.0,0.0,1.46,0.0,0.0,0.0
37,1903,3180,3180,98.9,0.0,0.0,1.1,0.0,0.0,0.0
37,1904,3170,3170,98.9,0.0,0.0,1.1,0.0,0.0,0.0
37,1905,3345,3345,97.91,0.0,0.0,2.09,0.0,0.0,0.0
37,1906,3350,3350,98.66,0.0,0.0,1.34,0.0,0.0,0.0
37,1907,3375,3375,98.52,0.0,0.0,1.48,0.0,0.0,0.0
37,1908,3470,3470,98.56,0.0,0.0,1.44,0.0,0.0,0.0
37,1909,3560,3560,98.88,0.0,0.14,0.98,0.0,0.0,0.0
37,1910,3715,3715,99.06,0.0,0.0,0.94,0.0,0.0,0.0
37,1911,3645,3645,98.22,0.0,0.0,1.78,0.0,0.0,0.0
37,1912,4005,4005,98.75,0.0,0.0,1.25,0.0,0.0,0.0
37,1913,3860,3860,98.83,0.0,0.0,1.17,0.0,0.0,0.0
37,1914,3955,3955,98.36,0.0,0.0,1.64,0.0,0.0,0.0
37,1915,2620,2620,98.85,0.0,0.0,1.15,0.0,0.0,0.0
37,1916,2115,2115,99.05,0.0,0.0,0.95,0.0,0.0,0.0
37,1917,2290,2290,98.69,0.0,0.0,1.31,0.0,0.0,0.0
37,1918,2805,2805,98.75,0.0,0.0,1.25,0.0,0.0,0.0
37,1919,2885,2885,98.79,0.0,0.0,1.21,0.0,0.0,0.0
37,1920,4995,4995,99.0,0.0,0.0,1.0,0.0,0.0,0.0
37,1921,4840,4840,98.97,0.0,0.0,1.03,0.0,0.0,0.0
37,1922,4565,4565,98.8,0.0,0.0,1.2,0.0,0.0,0.0
37,1923,4735,4735,99.26,0.0,0.0,0.74,0.0,0.0,0.0
37,1924,4705,4705,99.36,0.0,0.0,0.64,0.0,0.0,0.0
37,1925,4710,4710,99.04,0.0,0.0,0.96,0.0,0.0,0.0
37,1926,4920,4920,98.98,0.0,0.1,0.91,0.0,0.0,0.0
37,1927,4660,4660,99.14,0.0,0.0,0.86,0.0,0.0,0.0
37,1928,4810,4810,99.38,0.0,0.0,0.62,0.0,0.0,0.0
37,1929,4650,4650,98.92,0.0,0.11,0.97,0.0,0.0,0.0
37,1930,5005,5005,98.9,0.0,0.2,0.9,0.0,0.0,0.0
37,1931,4855,4855,99.07,0.0,0.21,0.72,0.0,0.0,0.0
37,1932,4995,4995,99.1,0.0,0.4,0.5,0.0,0.0,0.0
37,1933,4780,4780,98.22,0.0,0.63,1.15,0.0,0.0,0.0
37,1934,4940,4940,98.68,0.0,0.61,0.71,0.0,0.0,0.0
37,1935,4805,4805,98.54,0.0,0.62,0.83,0.0,0.0,0.0
37,1936,4755,4755,98.11,0.0,1.05,0.84,0.0,0.0,0.0
37,1937,4555,4555,97.69,0.0,1.32,0.99,0.0,0.0,0.0
37,1938,4410,4410,97.51,0.23,1.36,0.79,0.11,0.0,0.0
37,1939,4640,4640,97.41,0.11,1.72,0.75,0.0,0.0,0.0
37,1940,4460,4460,98.43,0.11,1.12,0.34,0.0,0.0,0.0
37,1941,4175,4175,97.72,0.12,1.44,0.72,0.0,0.0,0.0
37,1942,4695,4695,98.08,0.21,1.17,0.53,0.0,0.0,0.0
37,1943,5200,5200,97.6,0.1,1.54,0.67,0.19,0.0,0.0
37,1944,5140,5140,97.57,0.1,1.46,0.78,0.1,0.0,0.0
37,1945,5190,5190,97.01,0.29,1.54,0.96,0.19,0.0,0.0
37,1946,7220,7220,97.3,0.21,1.52,0.83,0.21,0.0,0.0
37,1947,7435,7435,97.31,0.07,1.82,0.61,0.2,0.0,0.0
37,1948,7505,7505,97.07,0.13,2.0,0.67,0.2,0.0,0.0
37,1949,7525,7525,96.94,0.13,1.93,0.86,0.2,0.0,0.0
37,1950,7550,7550,97.48,0.26,1.66,0.46,0.2,0.0,0.0
37,1951,7130,7130,96.77,0.28,1.96,0.84,0.21,0.0,0.0
37,1952,7365,7365,96.61,0.48,1.7,1.02,0.34,0.0,0.0
37,1953,7080,7080,96.47,0.49,1.91,0.92,0.28,0.0,0.0
37,1954,7185,7185,96.59,0.7,1.67,0.84,0.21,0.0,0.0
37,1955,7110,7110,96.06,0.7,1.13,1.76,0.42,0.0,0.0
37,1956,7075,7075,96.54,0.78,1.27,1.06,0.42,0.0,0.0
37,1957,7030,7030,96.51,0.85,1.21,1.21,0.28,0.0,0.0
37,1958,6880,6880,96.95,0.94,1.16,0.8,0.15,0.0,0.0
37,1959,6975,6975,96.13,1.29,1.15,1.29,0.22,0.0,0.0
37,1960,6745,6745,96.44,1.04,0.67,1.78,0.15,0.0,0.0
37,1961,6990,6990,96.49,1.07,0.86,1.22,0.5,0.0,0.0
37,1962,7065,7065,95.82,1.27,0.92,1.27,0.78,0.14,0.0
37,1963,7455,7455,96.38,1.01,0.74,1.34,0.67,0.07,0.0
37,1964,7505,7505,96.54,0.67,0.6,1.4,0.93,0.13,0.0
37,1965,7365,7365,96.88,0.54,0.75,1.09,0.95,0.14,0.0
37,1966,7325,7325,95.49,0.82,1.43,1.43,0.96,0.2,0.0
37,1967,7370,7370,94.5,0.88,1.9,1.63,1.29,0.07,0.0
37,1968,7215,7215,93.62,0.9,2.29,2.15,1.18,0.21,0.0
37,1969,7415,7415,92.92,1.08,2.63,2.49,1.08,0.2,0.0
37,1970,7465,7465,90.89,1.88,2.48,3.82,1.07,0.2,0.0
37,1971,7730,7730,90.3,2.46,2.2,3.82,1.42,0.26,0.0
37,1972,7790,7790,87.74,3.34,2.18,5.26,1.6,0.32,0.0
37,1973,7585,7585,86.03,4.35,1.91,6.13,1.71,0.26,0.0
37,1974,6660,6660,85.89,4.73,1.65,6.23,1.65,0.23,0.0
37,1975,6390,6390,84.74,5.48,1.33,6.81,1.72,0.23,0.0
37,1976,6080,6080,85.69,6.0,1.15,5.67,1.64,0.41,0.0
37,1977,6125,6125,84.08,6.37,1.22,6.94,1.55,0.0,0.0
37,1978,6040,6040,82.7,7.28,1.24,7.28,1.74,0.33,0.0
37,1979,5865,5865,83.89,7.08,0.68,7.42,1.11,0.17,0.0
37,1980,6315,6315,84.09,6.65,0.63,7.68,1.11,0.16,0.0
37,1981,6320,6320,81.09,7.12,0.87,9.18,1.82,0.32,0.0
37,1982,6445,6445,80.06,7.29,0.78,10.24,1.86,0.08,0.0
37,1983,6025,6025,81.33,6.64,0.91,9.38,1.91,0.17,0.0
37,1984,6130,6130,77.98,7.83,0.73,11.58,2.12,0.33,0.0
37,1985,6220,6220,78.46,7.72,0.32,11.98,1.69,0.4,0.0
37,1986,6360,6360,78.62,7.78,0.63,12.11,1.02,0.08,0.0
37,1987,6255,6255,76.74,8.39,1.52,12.23,1.36,0.16,0.0
37,1988,6220,6220,75.32,9.65,1.29,12.78,1.05,0.08,0.0
37,1989,6140,6140,74.35,10.1,1.14,13.36,1.47,0.24,0.0
37,1990,5985,5985,74.44,9.94,1.34,13.12,1.25,0.25,0.0
37,1991,6050,6050,73.39,9.01,1.9,14.13,1.74,0.08,0.0
37,1992,5760,5760,72.92,10.16,1.82,13.8,1.48,0.09,0.09
37,1993,5295,5295,73.37,9.54,1.98,13.88,1.51,0.19,0.09
37,1994,5465,5465,75.02,8.69,2.29,12.99,1.56,0.0,0.0
37,1995,5470,5470,74.22,8.32,2.74,13.16,2.01,0.18,0.0
37,1996,5430,5430,74.86,8.84,2.58,12.89,1.1,0.09,0.0
37,1997,5270,5270,73.62,7.87,3.61,13.66,1.9,0.19,0.0
37,1998,5465,5465,73.38,8.33,3.57,13.36,2.01,0.18,0.0
37,1999,5605,5605,70.83,9.28,4.37,14.09,2.14,0.09,0.09
37,2000,5825,5825,69.36,9.18,4.38,14.59,3.26,0.43,0.0
37,2001,5575,5575,67.35,9.06,5.02,16.41,2.78,0.36,0.09
37,2002,5670,5670,64.64,8.73,6.17,17.64,4.41,0.26,0.0
37,2003,5385,5385,62.77,8.26,6.87,17.83,5.2,0.37,0.09
37,2004,5350,5350,62.06,6.92,6.17,20.84,5.05,0.28,0.19
37,2005,5255,5255,58.42,6.76,7.14,22.84,6.76,0.38,0.0
37,2006,5340,5340,55.43,6.84,8.99,23.69,7.21,0.37,0.09
37,2007,5055,5055,55.69,6.53,9.1,23.24,7.81,0.49,0.3
37,2008,5320,5320,53.29,5.73,9.87,24.72,8.74,0.38,0.38
37,2009,5365,5365,53.22,4.94,12.12,22.46,11.18,0.75,0.37
37,2010,5425,5425,49.86,5.71,11.71,23.96,12.07,0.65,0.46
37,2011,5025,5025,51.64,5.37,11.34,23.68,11.94,0.9,0.1
37,2012,5100,5100,50.98,5.49,12.65,22.75,12.25,0.59,0.39
37,2013,4940,4940,49.6,4.86,12.25,22.98,14.17,1.11,0.2
37,2014,4990,4990,49.4,5.11,12.22,23.15,13.93,1.6,0.3
37,2015,4835,4835,51.29,4.65,11.79,22.96,12.82,1.24,0.21
37,2016,4650,4650,48.92,4.62,11.61,23.98,15.38,1.08,0.54
37,2017,4555,4555,50.16,3.84,12.62,23.93,14.38,1.43,0.11
37,2018,4500,4500,49.78,4.56,12.33,23.44,14.56,1.33,0.33
37,2019,4380,4380,49.54,4.11,11.76,24.89,14.04,1.6,0.34
37,2020,4305,4305,47.27,4.18,13.01,23.93,16.49,2.09,0.58
37,2021,4460,4460,47.87,3.7,13.79,24.33,14.91,1.68,0.22
37,2022,4255,4255,45.71,4.0,14.34,23.85,15.86,2.0,0.47
37,2023,4060,4060,45.07,3.69,11.95,24.01,18.47,2.71,0.49
37,2024,3775,3770,46.95,3.32,12.07,24.54,17.37,2.52,0.4
38,1900,4645,4645,98.82,0.0,0.0,1.18,0.0,0.0,0.0
38,1901,5145,5145,98.45,0.0,0.0,1.55,0.0,0.0,0.0
38,1902,5170,5170,98.55,0.0,0.0,1.45,0.0,0.0,0.0
38,1903,5140,5140,98.54,0.0,0.1,1.36,0.0,0.0,0.0
38,1904,5350,5350,98.41,0.0,0.0,1.59,0.0,0.0,0.0
38,1905,5350,5350,98.32,0.0,0.0,1.68,0.0,0.0,0.0
38,1906,5420,5420,98.43,0.0,0.0,1.57,0.0,0.0,0.0
38,1907,5380,5380,98.79,0.0,0.0,1.21,0.0,0.0,0.0
38,1908,5780,5780,98.62,0.0,0.0,1.38,0.0,0.0,0.0
38,1909,5760,5760,98.7,0.0,0.0,1.3,0.0,0.0,0.0
38,1910,5865,5865,98.38,0.0,0.0,1.62,0.0,0.0,0.0
38,1911,5550,5550,98.11,0.0,0.09,1.8,0.0,0.0,0.0
38,1912,5930,5930,98.74,0.0,0.0,1.26,0.0,0.0,0.0
38,1913,5970,5970,98.91,0.0,0.08,1.01,0.0,0.0,0.0
38,1914,5845,5845,98.72,0.0,0.09,1.2,0.09,0.0,0.0
38,1915,3620,3620,99.17,0.0,0.0,0.83,0.0,0.0,0.0
38,1916,3035,3035,99.01,0.0,0.0,0.99,0.0,0.0,0.0
38,1917,3335,3335,99.1,0.0,0.0,0.9,0.0,0.0,0.0
38,1918,3850,3850,98.96,0.0,0.0,1.04,0.0,0.0,0.0
38,1919,3920,3920,98.85,0.0,0.0,1.15,0.0,0.0,0.0
38,1920,7120,7120,99.16,0.0,0.0,0.84,0.0,0.0,0.0
38,1921,7575,7575,98.81,0.0,0.0,1.19,0.0,0.0,0.0
38,1922,7155,7155,98.88,0.0,0.07,1.05,0.07,0.0,0.0
38,1923,7110,7110,98.66,0.0,0.0,1.34,0.0,0.0,0.0
38,1924,7230,7230,98.48,0.0,0.07,1.45,0.07,0.0,0.0
38,1925,7570,7570,98.02,0.07,0.07,1.85,0.07,0.0,0.0
38,1926,7570,7570,97.69,0.07,0.13,2.11,0.07,0.0,0.0
38,1927,7615,7615,97.9,0.0,0.07,1.97,0.07,0.0,0.0
38,1928,7540,7540,98.41,0.0,0.0,1.59,0.0,0.0,0.0
38,1929,7630,7630,98.03,0.0,0.0,1.97,0.0,0.0,0.0
38,1930,7725,7725,97.99,0.06,0.06,1.88,0.06,0.0,0.0
38,1931,7825,7825,97.83,0.0,0.13,2.04,0.06,0.0,0.0
38,1932,7320,7320,98.5,0.0,0.0,1.5,0.0,0.0,0.0
38,1933,7060,7060,98.73,0.0,0.07,1.2,0.0,0.0,0.0
38,1934,6965,6965,98.28,0.0,0.07,1.65,0.0,0.0,0.0
38,1935,6585,6585,98.56,0.0,0.0,1.44,0.0,0.0,0.0
38,1936,6625,6625,98.72,0.0,0.08,1.21,0.0,0.0,0.0
38,1937,6785,6785,98.45,0.0,0.29,1.25,0.07,0.0,0.0
38,1938,6710,6710,98.66,0.0,0.22,1.12,0.0,0.0,0.0
38,1939,6785,6785,98.67,0.07,0.37,0.88,0.0,0.0,0.0
38,1940,6365,6365,99.06,0.0,0.16,0.79,0.0,0.0,0.0
38,1941,7555,7555,99.14,0.0,0.26,0.6,0.0,0.0,0.0
38,1942,8010,8010,99.38,0.0,0.19,0.44,0.0,0.0,0.0
38,1943,8365,8365,99.28,0.06,0.3,0.36,0.0,0.0,0.0
38,1944,8925,8925,99.16,0.06,0.17,0.62,0.0,0.0,0.0
38,1945,8310,8310,99.28,0.06,0.3,0.3,0.06,0.0,0.0
38,1946,10550,10550,99.29,0.09,0.28,0.33,0.0,0.0,0.0
38,1947,10975,10975,99.04,0.09,0.46,0.41,0.0,0.0,0.0
38,1948,10935,10935,98.95,0.09,0.32,0.59,0.09,0.0,0.0
38,1949,10605,10605,98.92,0.09,0.28,0.66,0.09,0.0,0.0
38,1950,10665,10665,98.59,0.09,0.28,0.98,0.09,0.0,0.0
38,1951,10135,10135,98.52,0.15,0.35,0.89,0.2,0.0,0.0
38,1952,10215,10215,98.73,0.2,0.2,0.73,0.24,0.05,0.0
38,1953,9925,9925,98.44,0.25,0.2,0.91,0.35,0.0,0.0
38,1954,9925,9925,98.14,0.5,0.45,0.71,0.4,0.0,0.0
38,1955,9740,9740,98.1,0.46,0.21,0.77,0.67,0.21,0.0
38,1956,9685,9685,97.47,0.62,0.26,0.98,0.88,0.1,0.0
38,1957,10190,10190,97.2,0.69,0.25,1.13,0.88,0.1,0.0
38,1958,10205,10205,96.67,0.93,0.24,1.18,1.18,0.2,0.0
38,1959,10925,10925,95.56,1.14,0.18,1.88,1.42,0.23,0.0
38,1960,10730,10730,95.34,1.12,0.19,1.91,1.77,0.37,0.0
38,1961,11175,11175,95.57,1.03,0.22,1.61,1.92,0.22,0.0
38,1962,11545,11545,94.76,1.04,0.22,1.91,2.51,0.43,0.0
38,1963,12375,12375,94.91,1.09,0.28,2.02,2.06,0.4,0.0
38,1964,12495,12495,94.6,0.88,0.24,1.92,2.72,0.48,0.0
38,1965,13000,13000,94.27,0.96,0.42,2.08,2.65,0.42,0.0
38,1966,12940,12940,93.66,0.77,0.35,2.36,3.21,0.43,0.0
38,1967,13115,13115,93.21,0.84,0.69,2.06,3.58,0.53,0.0
38,1968,12305,12305,92.73,0.89,0.89,2.19,3.78,0.65,0.0
38,1969,12405,12405,92.34,0.89,1.09,2.54,3.55,0.52,0.0
38,1970,12585,12585,91.86,1.11,0.83,2.82,4.01,0.44,0.0
38,1971,13125,13125,89.68,1.68,1.3,3.5,4.38,0.72,0.0
38,1972,12830,12830,88.97,2.07,1.05,4.05,4.29,0.7,0.0
38,1973,12815,12815,87.59,2.46,0.94,4.33,5.11,0.86,0.0
38,1974,11815,11815,86.16,2.92,0.89,4.78,5.71,0.93,0.04
38,1975,10740,10740,84.73,3.72,0.7,5.4,5.68,1.07,0.0
38,1976,10300,10300,84.66,4.17,0.53,5.1,5.87,0.97,0.0
38,1977,10540,10540,82.16,5.5,0.71,5.98,6.12,1.14,0.05
38,1978,10675,10675,80.94,5.67,0.75,6.18,6.84,0.89,0.0
38,1979,11020,11020,80.44,5.67,0.59,6.44,7.21,1.23,0.0
38,1980,11165,11165,80.21,5.87,0.67,6.85,6.76,0.63,0.0
38,1981,11400,11400,78.29,6.27,0.79,7.54,7.46,1.18,0.0
38,1982,11210,11210,77.07,6.6,0.76,7.54,8.39,1.43,0.0
38,1983,10215,10215,76.65,6.85,0.69,8.52,7.64,1.32,0.05
38,1984,10505,10505,75.44,7.62,0.81,10.04,6.33,0.9,0.05
38,1985,11195,11195,75.08,7.82,1.07,9.78,6.48,0.94,0.09
38,1986,11085,11085,74.38,7.85,1.04,11.32,5.82,0.77,0.0
38,1987,11140,11140,74.69,8.44,1.08,10.86,5.39,0.58,0.04
38,1988,11180,11180,72.45,9.57,1.16,11.85,5.28,0.54,0.04
38,1989,11110,11110,71.65,9.14,1.31,13.46,4.95,0.45,0.05
38,1990,11155,11155,69.61,9.46,1.84,13.63,5.87,0.67,0.09
38,1991,10950,10950,69.0,10.05,2.19,13.93,5.57,0.41,0.0
38,1992,10995,10995,67.39,9.91,2.77,14.96,5.46,0.27,0.05
38,1993,10500,10500,67.95,10.76,2.62,13.62,5.62,0.71,0.05
38,1994,10095,10095,67.66,9.91,3.27,13.82,5.99,0.4,0.1
38,1995,10610,10610,66.26,9.85,3.63,14.99,6.13,0.24,0.05
38,1996,10775,10775,67.01,9.19,3.48,15.13,5.89,0.42,0.05
38,1997,10490,10490,65.87,9.15,3.57,15.82,6.48,0.38,0.05
38,1998,10620,10620,63.89,8.95,4.1,17.23,6.87,0.56,0.09
38,1999,10505,10505,62.87,8.95,4.85,17.56,6.95,0.33,0.0
38,2000,11115,11115,61.36,9.09,5.22,17.54,8.01,0.54,0.09
38,2001,11550,11550,58.83,8.83,6.15,18.61,9.22,0.69,0.09
38,2002,11265,11265,55.22,9.05,6.75,20.02,10.92,0.8,0.13
38,2003,10900,10900,53.39,8.03,7.39,21.83,11.47,0.46,0.37
38,2004,11480,11480,50.74,7.36,8.75,23.21,12.33,0.87,0.22
38,2005,11335,11335,49.98,6.18,8.82,24.31,13.63,0.75,0.31
38,2006,11935,11935,48.35,5.99,9.38,24.26,14.96,1.09,0.25
38,2007,11820,11820,44.84,5.54,10.87,26.4,15.4,0.8,0.25
38,2008,11855,11855,44.12,5.48,11.43,25.05,17.38,0.97,0.25
38,2009,12095,12095,42.66,4.92,13.02,25.22,18.19,1.16,0.37
38,2010,11970,11970,42.06,5.56,11.65,25.9,18.8,1.29,0.38
38,2011,11505,11505,41.03,5.17,12.86,25.6,19.34,1.39,0.43
38,2012,11345,11345,39.14,5.11,12.65,27.37,20.1,1.37,0.35
38,2013,11235,11235,38.67,4.54,12.46,27.77,20.83,1.6,0.49
38,2014,11075,11075,37.02,4.74,12.42,28.26,21.9,1.99,0.45
38,2015,10545,10545,38.55,4.13,12.09,28.31,21.76,1.61,0.43
38,2016,10645,10645,37.2,4.46,13.81,27.38,22.08,1.41,0.52
38,2017,10170,10170,37.07,4.18,13.57,28.22,22.03,1.77,0.39
38,2018,9755,9755,36.39,3.95,14.04,27.37,22.76,1.74,0.62
38,2019,9740,9740,36.29,3.85,14.37,28.39,21.97,2.16,0.36
38,2020,9565,9565,34.92,4.29,15.42,28.75,21.8,2.04,0.37
38,2021,9355,9355,34.95,3.58,15.23,29.34,21.75,2.51,0.48
38,2022,9200,9200,33.64,4.08,15.22,29.46,23.04,2.12,0.6
38,2023,8275,8275,33.72,3.81,14.68,29.0,23.44,2.24,0.3
38,2024,8235,8230,33.6,3.28,13.73,29.4,25.15,2.67,0.55
39,1900,2455,2455,99.39,0.0,0.0,0.61,0.0,0.0,0.0
39,1901,2745,2745,99.09,0.0,0.0,0.91,0.0,0.0,0.0
39,1902,2685,2685,99.44,0.0,0.0,0.56,0.0,0.0,0.0
39,1903,2820,2820,99.29,0.0,0.0,0.71,0.0,0.0,0.0
39,1904,2930,2930,99.66,0.0,0.0,0.34,0.0,0.0,0.0
39,1905,2865,2865,99.3,0.0,0.0,0.7,0.0,0.0,0.0
39,1906,2930,2930,99.49,0.0,0.0,0.51,0.0,0.0,0.0
39,1907,3025,3025,99.34,0.0,0.0,0.66,0.0,0.0,0.0
39,1908,3090,3090,99.35,0.0,0.0,0.65,0.0,0.0,0.0
39,1909,3230,3230,99.54,0.0,0.0,0.46,0.0,0.0,0.0
39,1910,3085,3085,99.84,0.0,0.0,0.16,0.0,0.0,0.0
39,1911,2950,2950,99.66,0.0,0.0,0.34,0.0,0.0,0.0
39,1912,3165,3165,99.53,0.0,0.0,0.47,0.0,0.0,0.0
39,1913,3135,3135,99.52,0.0,0.0,0.48,0.0,0.0,0.0
39,1914,3225,3225,99.84,0.0,0.0,0.16,0.0,0.0,0.0
39,1915,1975,1975,99.75,0.0,0.0,0.25,0.0,0.0,0.0
39,1916,1545,1545,99.35,0.0,0.0,0.65,0.0,0.0,0.0
39,1917,1685,1685,99.41,0.0,0.0,0.59,0.0,0.0,0.0
39,1918,2205,2205,99.77,0.0,0.0,0.23,0.0,0.0,0.0
39,1919,2225,2225,99.55,0.0,0.0,0.45,0.0,0.0,0.0
39,1920,3670,3670,99.73,0.0,0.0,0.27,0.0,0.0,0.0
39,1921,3665,3665,99.45,0.0,0.0,0.55,0.0,0.0,0.0
39,1922,3345,3345,99.85,0.0,0.0,0.15,0.0,0.0,0.0
39,1923,3530,3530,99.43,0.0,0.0,0.57,0.0,0.0,0.0
39,1924,3455,3455,99.57,0.0,0.0,0.43,0.0,0.0,0.0
39,1925,3535,3535,99.58,0.0,0.0,0.42,0.0,0.0,0.0
39,1926,3495,3495,99.71,0.0,0.0,0.29,0.0,0.0,0.0
39,1927,3440,3440,99.85,0.0,0.0,0.15,0.0,0.0,0.0
39,1928,3530,3530,99.86,0.0,0.0,0.14,0.0,0.0,0.0
39,1929,3505,3505,99.43,0.0,0.0,0.57,0.0,0.0,0.0
39,1930,3595,3595,99.03,0.0,0.14,0.83,0.0,0.0,0.0
39,1931,3460,3460,99.71,0.0,0.0,0.29,0.0,0.0,0.0
39,1932,3350,3350,99.7,0.0,0.0,0.3,0.0,0.0,0.0
39,1933,3075,3075,99.84,0.0,0.0,0.16,0.0,0.0,0.0
39,1934,3025,3025,99.67,0.0,0.0,0.33,0.0,0.0,0.0
39,1935,2915,2915,99.66,0.0,0.17,0.17,0.0,0.0,0.0
39,1936,2890,2890,99.48,0.0,0.17,0.35,0.0,0.0,0.0
39,1937,2790,2790,99.46,0.0,0.36,0.18,0.0,0.0,0.0
39,1938,2770,2770,99.46,0.0,0.36,0.18,0.0,0.0,0.0
39,1939,2920,2920,99.14,0.0,0.34,0.51,0.0,0.0,0.0
39,1940,2675,2675,99.07,0.0,0.37,0.56,0.0,0.0,0.0
39,1941,2650,2650,99.43,0.0,0.57,0.0,0.0,0.0,0.0
39,1942,3010,3010,99.67,0.17,0.17,0.0,0.0,0.0,0.0
39,1943,3240,3240,99.38,0.0,0.31,0.31,0.0,0.0,0.0
39,1944,3780,3780,99.21,0.0,0.4,0.4,0.0,0.0,0.0
39,1945,3440,3440,98.98,0.0,0.44,0.58,0.0,0.0,0.0
39,1946,4255,4255,99.06,0.12,0.35,0.47,0.0,0.0,0.0
39,1947,4480,4480,98.55,0.11,0.78,0.56,0.0,0.0,0.0
39,1948,4455,4455,98.77,0.11,0.56,0.56,0.0,0.0,0.0
39,1949,4285,4285,99.07,0.0,0.35,0.58,0.0,0.0,0.0
39,1950,4170,4170,98.92,0.12,0.48,0.48,0.12,0.0,0.0
39,1951,4035,4035,98.88,0.12,0.37,0.62,0.0,0.0,0.0
39,1952,3980,3980,98.62,0.38,0.5,0.5,0.0,0.0,0.0
39,1953,3845,3845,98.83,0.26,0.52,0.39,0.13,0.0,0.0
39,1954,3800,3800,98.68,0.26,0.39,0.66,0.13,0.0,0.0
39,1955,3885,3885,98.71,0.39,0.51,0.39,0.13,0.0,0.0
39,1956,3825,3825,98.17,0.65,0.52,0.52,0.26,0.0,0.0
39,1957,3870,3870,97.93,0.52,0.26,1.16,0.39,0.0,0.0
39,1958,3710,3710,97.84,0.94,0.27,0.81,0.27,0.0,0.0
39,1959,3630,3630,98.35,0.83,0.28,0.55,0.14,0.0,0.0
39,1960,3600,3600,97.92,1.11,0.14,0.56,0.42,0.14,0.0
39,1961,3785,3785,97.75,1.32,0.26,0.66,0.26,0.0,0.0
39,1962,3595,3595,97.5,1.67,0.14,0.56,0.42,0.0,0.0
39,1963,3785,3785,97.62,1.59,0.13,0.66,0.4,0.0,0.0
39,1964,3775,3775,97.09,1.59,0.53,0.66,0.4,0.0,0.0
39,1965,3735,3735,97.72,0.94,0.4,0.54,0.54,0.0,0.0
39,1966,3720,3720,97.85,1.21,0.27,0.4,0.67,0.13,0.0
39,1967,3390,3390,97.49,1.03,0.29,0.74,1.03,0.15,0.0
39,1968,3480,3480,97.27,0.86,0.57,0.86,0.72,0.0,0.0
39,1969,3440,3440,95.49,1.02,0.73,1.89,1.31,0.0,0.0
39,1970,3230,3230,96.13,0.62,0.46,1.7,1.55,0.31,0.0
39,1971,3380,3380,96.01,1.48,0.3,1.63,1.04,0.3,0.0
39,1972,3285,3285,92.54,3.04,0.46,2.59,1.83,0.15,0.0
39,1973,3240,3240,92.44,3.09,0.0,3.55,1.54,0.0,0.0
39,1974,3005,3005,91.35,3.16,0.33,3.83,1.66,0.0,0.0
39,1975,2740,2740,90.15,3.65,0.36,4.38,1.64,0.18,0.0
39,1976,2555,2555,87.28,4.5,0.2,5.87,2.35,0.2,0.0
39,1977,2530,2530,86.17,5.14,0.0,6.32,2.77,0.59,0.0
39,1978,2440,2440,83.81,6.15,0.2,6.15,3.89,1.02,0.0
39,1979,2730,2730,84.98,5.31,0.37,6.59,3.11,0.73,0.0
39,1980,2825,2825,86.19,4.96,0.53,4.78,3.89,0.35,0.0
39,1981,2755,2755,82.21,6.35,0.54,7.26,3.81,0.54,0.0
39,1982,2680,2680,84.51,5.78,0.19,6.9,2.8,0.56,0.0
39,1983,2355,2355,83.65,6.16,0.42,7.01,2.97,0.21,0.0
39,1984,2395,2395,81.42,7.31,0.0,7.93,3.34,0.42,0.0
39,1985,2375,2375,80.21,6.74,0.21,11.16,2.11,0.21,0.0
39,1986,2365,2365,82.88,7.19,0.42,8.25,1.27,0.0,0.0
39,1987,2365,2365,81.4,7.19,0.63,9.09,1.69,0.21,0.0
39,1988,2345,2345,78.89,8.74,0.43,10.87,1.07,0.0,0.0
39,1989,2365,2365,76.53,10.99,0.0,11.21,1.27,0.0,0.0
39,1990,2330,2330,74.46,10.73,0.64,13.3,1.07,0.0,0.0
39,1991,2340,2340,72.86,10.9,1.07,13.89,1.5,0.0,0.0
39,1992,2275,2275,73.63,10.77,1.54,12.97,1.32,0.0,0.0
39,1993,2155,2155,71.69,12.3,1.16,13.69,1.62,0.0,0.0
39,1994,2035,2035,72.97,9.34,2.21,13.76,1.97,0.49,0.0
39,1995,2160,2160,72.92,9.26,3.47,12.73,2.31,0.0,0.0
39,1996,2075,2075,73.49,11.57,1.45,12.77,1.2,0.0,0.0
39,1997,2070,2070,71.01,11.11,2.9,14.25,0.72,0.0,0.0
39,1998,1975,1975,73.42,9.87,2.53,12.91,2.03,0.0,0.0
39,1999,2155,2155,70.3,10.67,3.48,14.62,1.39,0.0,0.0
39,2000,2155,2155,69.61,9.74,3.02,16.01,3.48,0.23,0.0
39,2001,2010,2010,67.66,9.7,3.73,17.66,2.74,0.0,0.0
39,2002,1985,1985,62.47,10.83,7.05,16.62,3.78,0.5,0.0
39,2003,1930,1930,63.73,8.55,5.44,17.62,5.96,0.26,0.0
39,2004,1920,1920,60.94,8.85,6.51,20.57,5.21,0.26,0.0
39,2005,1885,1885,57.03,7.43,6.9,22.02,7.96,0.27,0.0
39,2006,1845,1845,57.18,7.86,7.32,21.95,7.59,0.81,0.0
39,2007,1900,1900,56.32,8.16,7.89,22.11,8.68,0.0,0.0
39,2008,2015,2015,51.61,7.2,9.93,23.33,10.92,0.0,0.0
39,2009,1795,1795,52.09,6.96,10.03,25.63,8.36,0.0,0.28
39,2010,1720,1720,48.26,8.43,11.92,23.26,11.92,0.0,0.0
39,2011,1580,1580,47.78,6.96,12.03,27.53,8.86,0.0,0.32
39,2012,1615,1615,50.77,6.81,11.46,24.15,10.84,0.31,0.31
39,2013,1505,1505,48.84,7.31,11.63,23.59,12.96,1.0,0.33
39,2014,1495,1495,46.15,6.02,12.04,27.76,13.04,1.34,0.0
39,2015,1365,1365,46.15,6.59,12.45,27.47,12.45,0.37,0.37
39,2016,1390,1390,47.12,5.76,13.67,26.62,10.79,0.72,0.36
39,2017,1270,1270,48.03,5.51,12.99,27.17,9.45,0.79,0.0
39,2018,1140,1140,48.68,6.58,13.6,28.51,7.89,0.44,0.0
39,2019,1090,1090,46.33,5.96,12.84,27.52,11.01,0.46,0.46
39,2020,1040,1040,46.15,6.25,15.87,27.4,9.62,1.44,0.0
39,2021,1005,1005,49.75,6.97,15.92,24.38,8.96,0.5,0.0
39,2022,1020,1020,45.59,6.37,13.73,28.43,10.29,1.96,0.0
39,2023,990,990,44.44,4.04,15.15,28.79,11.62,1.01,0.51
39,2024,900,900,49.44,5.56,15.56,25.56,7.78,0.56,0.0
40,1900,3245,3245,98.61,0.0,0.31,1.08,0.0,0.0,0.0
40,1901,3410,3410,98.68,0.0,0.29,1.03,0.0,0.0,0.0
40,1902,3510,3510,98.86,0.0,0.43,0.71,0.0,0.0,0.0
40,1903,3480,3480,99.28,0.0,0.0,0.72,0.0,0.0,0.0
40,1904,3665,3665,98.91,0.0,0.27,0.82,0.0,0.0,0.0
40,1905,3760,3760,98.94,0.0,0.27,0.8,0.0,0.0,0.0
40,1906,3795,3795,98.55,0.0,0.53,0.92,0.0,0.0,0.0
40,1907,3560,3560,98.74,0.0,0.0,1.26,0.0,0.0,0.0
40,1908,3865,3865,98.84,0.0,0.0,1.16,0.0,0.0,0.0
40,1909,3790,3790,99.21,0.0,0.0,0.79,0.0,0.0,0.0
40,1910,3655,3655,98.5,0.0,0.41,1.09,0.0,0.0,0.0
40,1911,3545,3545,98.59,0.0,0.0,1.41,0.0,0.0,0.0
40,1912,3615,3615,98.62,0.0,0.14,1.24,0.0,0.0,0.0
40,1913,3600,3600,98.75,0.0,0.14,1.11,0.0,0.0,0.0
40,1914,3705,3705,98.65,0.0,0.27,0.94,0.13,0.0,0.0
40,1915,2310,2310,98.7,0.0,0.22,1.08,0.0,0.0,0.0
40,1916,1550,1550,99.68,0.0,0.0,0.32,0.0,0.0,0.0
40,1917,1715,1715,99.13,0.0,0.0,0.87,0.0,0.0,0.0
40,1918,2040,2040,99.51,0.0,0.0,0.49,0.0,0.0,0.0
40,1919,2100,2100,99.76,0.0,0.0,0.24,0.0,0.0,0.0
40,1920,3855,3855,98.96,0.0,0.0,1.04,0.0,0.0,0.0
40,1921,3895,3895,98.84,0.0,0.0,1.03,0.13,0.0,0.0
40,1922,3735,3735,99.46,0.0,0.0,0.54,0.0,0.0,0.0
40,1923,3530,3530,99.29,0.0,0.0,0.71,0.0,0.0,0.0
40,1924,3490,3490,99.57,0.0,0.0,0.43,0.0,0.0,0.0
40,1925,3600,3600,99.31,0.0,0.0,0.69,0.0,0.0,0.0
40,1926,3725,3725,99.73,0.0,0.0,0.27,0.0,0.0,0.0
40,1927,3475,3475,99.42,0.0,0.0,0.58,0.0,0.0,0.0
40,1928,3440,3440,98.98,0.15,0.0,0.73,0.15,0.0,0.0
40,1929,3535,3535,99.29,0.0,0.14,0.57,0.0,0.0,0.0
40,1930,3540,3540,99.44,0.0,0.14,0.42,0.0,0.0,0.0
40,1931,3345,3345,99.4,0.0,0.0,0.45,0.15,0.0,0.0
40,1932,3395,3395,99.56,0.15,0.0,0.15,0.15,0.0,0.0
40,1933,3085,3085,99.68,0.0,0.0,0.32,0.0,0.0,0.0
40,1934,3170,3170,99.68,0.0,0.0,0.32,0.0,0.0,0.0
40,1935,2950,2950,99.49,0.0,0.0,0.51,0.0,0.0,0.0
40,1936,2920,2920,99.83,0.0,0.0,0.17,0.0,0.0,0.0
40,1937,2670,2670,99.44,0.19,0.0,0.37,0.0,0.0,0.0
40,1938,2720,2720,100.0,0.0,0.0,0.0,0.0,0.0,0.0
40,1939,2825,2825,99.47,0.0,0.0,0.53,0.0,0.0,0.0
40,1940,2540,2540,99.8,0.0,0.0,0.2,0.0,0.0,0.0
40,1941,2150,2150,99.3,0.23,0.0,0.47,0.0,0.0,0.0
40,1942,2455,2455,99.39,0.0,0.0,0.61,0.0,0.0,0.0
40,1943,2755,2755,99.46,0.18,0.0,0.36,0.0,0.0,0.0
40,1944,2850,2850,99.65,0.0,0.0,0.35,0.0,0.0,0.0
40,1945,2790,2790,98.92,0.36,0.18,0.54,0.0,0.0,0.0
40,1946,3840,3840,99.74,0.0,0.0,0.26,0.0,0.0,0.0
40,1947,4245,4245,99.53,0.12,0.0,0.35,0.0,0.0,0.0
40,1948,4385,4385,99.43,0.34,0.11,0.11,0.0,0.0,0.0
40,1949,4115,4115,99.51,0.24,0.0,0.24,0.0,0.0,0.0
40,1950,4290,4290,99.65,0.12,0.0,0.23,0.0,0.0,0.0
40,1951,3960,3960,99.62,0.13,0.0,0.25,0.0,0.0,0.0
40,1952,3925,3925,99.36,0.38,0.0,0.25,0.0,0.0,0.0
40,1953,3745,3745,99.2,0.4,0.0,0.4,0.0,0.0,0.0
40,1954,3830,3830,99.09,0.52,0.0,0.26,0.26,0.0,0.0
40,1955,3645,3645,99.18,0.69,0.0,0.14,0.14,0.0,0.0
40,1956,3720,3720,98.92,0.67,0.0,0.4,0.0,0.0,0.0
40,1957,3775,3775,98.94,0.79,0.0,0.26,0.13,0.0,0.0
40,1958,3625,3625,98.76,0.97,0.0,0.28,0.14,0.0,0.0
40,1959,3610,3610,98.48,1.25,0.0,0.28,0.14,0.0,0.0
40,1960,3605,3605,98.47,0.83,0.28,0.42,0.42,0.0,0.0
40,1961,3620,3620,98.07,1.38,0.14,0.41,0.41,0.0,0.0
40,1962,3545,3545,98.17,1.41,0.0,0.28,0.42,0.0,0.0
40,1963,3725,3725,97.99,0.94,0.0,0.94,0.54,0.0,0.0
40,1964,3665,3665,98.64,0.82,0.0,0.41,0.55,0.0,0.0
40,1965,3520,3520,98.86,0.85,0.14,0.14,0.43,0.0,0.0
40,1966,3450,3450,98.26,1.01,0.0,0.72,0.29,0.0,0.0
40,1967,3310,3310,98.19,1.21,0.0,0.45,0.6,0.0,0.0
40,1968,3265,3265,97.7,1.07,0.0,0.92,0.61,0.0,0.0
40,1969,3110,3110,98.39,0.8,0.0,0.64,0.48,0.0,0.0
40,1970,3245,3245,97.07,1.08,0.15,1.54,0.92,0.0,0.0
40,1971,3280,3280,96.49,1.37,0.46,1.37,1.07,0.0,0.0
40,1972,3160,3160,95.73,1.9,0.47,1.58,0.95,0.0,0.0
40,1973,3125,3125,94.56,2.56,0.64,1.92,0.96,0.0,0.0
40,1974,2840,2840,95.42,2.29,0.18,1.94,0.7,0.0,0.0
40,1975,2460,2460,92.89,4.67,0.41,1.63,1.22,0.2,0.0
40,1976,2415,2415,92.34,4.55,0.83,2.07,0.62,0.0,0.0
40,1977,2360,2360,89.41,6.36,0.0,3.81,0.85,0.0,0.0
40,1978,2325,2325,90.97,4.95,0.0,3.66,0.65,0.0,0.0
40,1979,2405,2405,89.4,6.44,0.0,3.74,1.04,0.0,0.0
40,1980,2505,2505,90.42,5.59,0.2,3.59,0.4,0.0,0.0
40,1981,2510,2510,89.24,6.57,0.6,3.39,0.4,0.0,0.0
40,1982,2495,2495,86.97,7.21,0.0,5.61,0.4,0.0,0.0
40,1983,2435,2435,85.01,8.01,0.21,6.57,0.21,0.0,0.0
40,1984,2275,2275,84.4,7.91,0.44,7.25,0.22,0.0,0.0
40,1985,2350,2350,82.77,8.94,0.0,7.87,0.64,0.0,0.0
40,1986,2330,2330,83.91,7.08,0.21,8.58,0.43,0.0,0.0
40,1987,2240,2240,83.04,7.81,0.22,8.71,0.45,0.0,0.0
40,1988,2280,2280,81.14,8.99,0.44,9.21,0.44,0.0,0.0
40,1989,2125,2125,78.12,10.35,0.47,11.06,0.24,0.0,0.0
40,1990,2275,2275,76.7,10.99,0.66,11.87,0.44,0.0,0.0
40,1991,2100,2100,78.57,9.52,0.95,10.95,0.0,0.0,0.0
40,1992,2120,2120,75.94,10.14,0.94,12.74,0.47,0.0,0.0
40,1993,2075,2075,77.59,10.6,0.72,11.08,0.24,0.0,0.0
40,1994,2020,2020,76.24,10.89,1.73,11.14,0.25,0.0,0.0
40,1995,2010,2010,77.11,10.7,1.49,9.95,0.75,0.0,0.0
40,1996,1970,1970,75.89,10.66,1.27,11.68,0.76,0.0,0.0
40,1997,1960,1960,75.51,10.46,2.55,11.48,0.26,0.0,0.0
40,1998,2050,2050,74.63,10.98,2.44,11.95,0.49,0.0,0.0
40,1999,1955,1955,73.66,11.51,3.32,11.51,0.77,0.0,0.0
40,2000,2130,2130,70.89,11.97,3.52,13.15,1.17,0.0,0.23
40,2001,2105,2105,70.07,10.93,4.75,13.54,1.43,0.24,0.0
40,2002,1925,1925,65.19,12.47,5.45,16.36,2.08,0.26,0.26
40,2003,1955,1955,63.17,11.51,5.37,18.93,2.05,0.0,0.0
40,2004,1905,1905,60.63,9.45,5.25,22.83,2.36,0.0,0.26
40,2005,1905,1905,60.63,7.61,6.56,23.88,2.89,0.0,0.0
40,2006,1930,1930,55.44,6.48,8.81,27.46,5.7,0.0,0.26
40,2007,1960,1960,54.59,6.89,7.91,27.04,4.85,0.51,0.77
40,2008,1975,1975,56.46,5.82,10.89,24.05,5.57,0.0,0.51
40,2009,1895,1895,51.72,7.65,10.55,26.65,7.39,0.53,0.53
40,2010,1815,1815,51.24,8.26,10.47,27.82,5.79,0.0,0.28
40,2011,1770,1770,50.0,6.78,11.58,28.81,7.91,0.28,0.0
40,2012,1705,1705,49.85,7.92,11.44,26.69,6.74,0.88,0.0
40,2013,1705,1705,48.09,7.62,12.02,30.21,7.33,0.59,0.29
40,2014,1535,1535,47.23,7.49,14.01,28.01,8.47,0.33,0.65
40,2015,1605,1605,47.66,6.23,15.26,28.04,7.79,0.62,0.31
40,2016,1405,1405,50.89,6.76,12.46,27.05,6.41,0.71,0.36
40,2017,1355,1355,51.29,5.9,12.18,26.2,7.75,0.0,0.74
40,2018,1405,1405,50.89,6.05,12.81,26.69,6.41,0.36,0.71
40,2019,1280,1280,46.88,7.03,11.33,30.08,8.59,1.56,0.0
40,2020,1320,1320,45.45,4.55,13.64,31.06,8.71,1.52,0.38
40,2021,1315,1315,46.77,6.46,14.83,28.52,7.6,0.76,0.38
40,2022,1325,1325,45.28,5.28,12.45,32.83,7.17,0.38,0.75
40,2023,1135,1135,44.93,4.85,15.42,31.72,8.37,1.32,0.88
40,2024,1015,1015,43.84,5.42,15.27,32.02,6.9,0.99,0.49
41,1900,2445,2445,98.77,0.0,0.0,1.02,0.2,0.0,0.0
41,1901,2820,2820,98.76,0.0,0.0,1.24,0.0,0.0,0.0
41,1902,2805,2805,98.93,0.0,0.0,1.07,0.0,0.0,0.0
41,1903,2810,2810,98.93,0.0,0.0,1.07,0.0,0.0,0.0
41,1904,3000,3000,98.67,0.0,0.0,1.17,0.17,0.0,0.0
41,1905,3015,3015,99.17,0.0,0.0,0.83,0.0,0.0,0.0
41,1906,3140,3140,98.73,0.0,0.0,1.11,0.16,0.0,0.0
41,1907,3165,3165,98.42,0.0,0.0,1.42,0.16,0.0,0.0
41,1908,3315,3315,98.49,0.15,0.0,1.21,0.15,0.0,0.0
41,1909,3305,3305,98.79,0.0,0.0,1.06,0.15,0.0,0.0
41,1910,3510,3510,98.86,0.0,0.0,1.14,0.0,0.0,0.0
41,1911,3260,3260,98.93,0.0,0.0,0.92,0.15,0.0,0.0
41,1912,3475,3475,98.99,0.0,0.0,1.01,0.0,0.0,0.0
41,1913,3425,3425,98.98,0.0,0.0,1.02,0.0,0.0,0.0
41,1914,3410,3410,99.12,0.0,0.0,0.88,0.0,0.0,0.0
41,1915,2020,2020,99.5,0.0,0.0,0.5,0.0,0.0,0.0
41,1916,1585,1585,99.05,0.0,0.0,0.95,0.0,0.0,0.0
41,1917,1780,1780,99.72,0.0,0.0,0.28,0.0,0.0,0.0
41,1918,2330,2330,99.36,0.0,0.0,0.64,0.0,0.0,0.0
41,1919,2310,2310,99.57,0.0,0.0,0.43,0.0,0.0,0.0
41,1920,4200,4200,99.52,0.0,0.0,0.48,0.0,0.0,0.0
41,1921,3995,3995,99.5,0.0,0.13,0.38,0.0,0.0,0.0
41,1922,3760,3760,99.07,0.0,0.13,0.66,0.13,0.0,0.0
41,1923,3635,3635,99.17,0.0,0.0,0.69,0.14,0.0,0.0
41,1924,3630,3630,99.31,0.0,0.0,0.69,0.0,0.0,0.0
41,1925,3725,3725,99.46,0.0,0.0,0.54,0.0,0.0,0.0
41,1926,3770,3770,99.47,0.0,0.0,0.4,0.13,0.0,0.0
41,1927,3575,3575,99.44,0.0,0.0,0.42,0.14,0.0,0.0
41,1928,3685,3685,99.46,0.0,0.0,0.54,0.0,0.0,0.0
41,1929,3630,3630,99.31,0.0,0.14,0.55,0.0,0.0,0.0
41,1930,3745,3745,98.93,0.0,0.4,0.67,0.0,0.0,0.0
41,1931,3630,3630,99.17,0.14,0.14,0.41,0.14,0.0,0.0
41,1932,3665,3665,99.45,0.0,0.27,0.27,0.0,0.0,0.0
41,1933,3530,3530,99.01,0.14,0.57,0.28,0.0,0.0,0.0
41,1934,3555,3555,98.73,0.0,0.7,0.56,0.0,0.0,0.0
41,1935,3375,3375,99.11,0.0,0.44,0.44,0.0,0.0,0.0
41,1936,3400,3400,98.68,0.0,0.88,0.44,0.0,0.0,0.0
41,1937,3215,3215,97.98,0.16,1.4,0.47,0.0,0.0,0.0
41,1938,3255,3255,98.16,0.0,1.38,0.46,0.0,0.0,0.0
41,1939,3560,3560,97.89,0.14,1.4,0.56,0.0,0.0,0.0
41,1940,3185,3185,98.27,0.16,1.26,0.31,0.0,0.0,0.0
41,1941,2545,2545,97.64,0.2,1.57,0.59,0.0,0.0,0.0
41,1942,2800,2800,98.21,0.18,1.43,0.18,0.0,0.0,0.0
41,1943,3215,3215,97.82,0.0,1.87,0.16,0.16,0.0,0.0
41,1944,3585,3585,97.91,0.14,1.39,0.56,0.0,0.0,0.0
41,1945,3395,3395,97.35,0.15,2.06,0.44,0.0,0.0,0.0
41,1946,4765,4765,97.27,0.1,1.99,0.52,0.1,0.0,0.0
41,1947,4790,4790,96.56,0.31,2.4,0.73,0.1,0.0,0.0
41,1948,4710,4710,96.18,0.53,2.34,0.96,0.0,0.0,0.0
41,1949,4685,4685,96.91,0.32,2.13,0.53,0.11,0.0,0.0
41,1950,4655,4655,97.21,0.54,1.61,0.54,0.11,0.0,0.0
41,1951,4475,4475,96.31,0.45,2.57,0.56,0.11,0.0,0.0
41,1952,4200,4200,96.19,0.83,2.02,0.71,0.24,0.0,0.0
41,1953,4180,4180,96.53,0.84,1.67,0.84,0.24,0.0,0.0
41,1954,4170,4170,96.16,0.96,1.92,0.96,0.12,0.0,0.0
41,1955,4025,4025,96.4,0.99,1.86,0.62,0.12,0.0,0.0
41,1956,3960,3960,96.72,0.51,1.64,1.01,0.13,0.0,0.0
41,1957,3910,3910,96.29,1.02,1.41,1.15,0.13,0.0,0.0
41,1958,3710,3710,96.36,0.94,1.08,1.48,0.13,0.0,0.0
41,1959,3775,3775,96.03,1.46,1.06,1.32,0.13,0.0,0.0
41,1960,3700,3700,96.08,1.49,0.81,1.49,0.14,0.0,0.0
41,1961,3660,3660,96.45,0.96,1.23,1.23,0.27,0.0,0.0
41,1962,3610,3610,96.68,0.55,0.97,1.25,0.83,0.0,0.0
41,1963,3665,3665,95.36,1.23,0.95,2.05,0.68,0.0,0.0
41,1964,3740,3740,96.79,0.94,0.67,1.34,0.53,0.0,0.0
41,1965,3750,3750,97.07,0.67,0.4,1.6,0.4,0.0,0.0
41,1966,3810,3810,97.24,0.79,0.39,1.18,0.52,0.0,0.0
41,1967,3650,3650,96.16,0.96,0.55,2.05,0.55,0.0,0.0
41,1968,3665,3665,95.91,0.95,0.55,2.18,0.55,0.0,0.0
41,1969,3695,3695,95.13,0.68,0.68,3.25,0.41,0.0,0.0
41,1970,3580,3580,94.55,1.68,0.14,3.35,0.42,0.0,0.0
41,1971,3725,3725,93.29,1.88,0.4,4.16,0.54,0.0,0.0
41,1972,3900,3900,90.51,3.21,0.64,5.38,0.51,0.13,0.0
41,1973,3545,3545,88.29,3.53,0.28,7.33,0.85,0.0,0.0
41,1974,3325,3325,87.97,4.06,0.45,7.22,0.45,0.0,0.0
41,1975,2995,2995,88.65,3.84,0.33,7.01,0.33,0.0,0.0
41,1976,2835,2835,86.42,4.76,0.35,7.76,0.88,0.0,0.0
41,1977,2865,2865,84.82,5.41,0.17,8.73,1.05,0.0,0.0
41,1978,2945,2945,83.02,6.11,0.17,8.66,2.21,0.17,0.0
41,1979,2965,2965,82.12,6.91,0.51,9.44,1.18,0.17,0.0
41,1980,3185,3185,84.14,6.44,0.31,8.95,0.31,0.0,0.0
41,1981,3270,3270,83.94,6.57,0.15,7.95,1.53,0.15,0.0
41,1982,3285,3285,81.43,7.76,0.46,8.98,1.52,0.0,0.0
41,1983,3185,3185,81.79,7.06,0.31,9.11,1.88,0.16,0.0
41,1984,3210,3210,80.37,7.63,0.16,10.9,1.09,0.0,0.0
41,1985,3105,3105,78.42,7.73,0.48,12.08,1.13,0.16,0.16
41,1986,3265,3265,77.34,8.42,0.77,12.1,1.53,0.31,0.0
41,1987,3180,3180,77.99,8.33,1.1,11.64,1.1,0.16,0.0
41,1988,3215,3215,76.98,9.49,1.4,11.51,1.24,0.16,0.0
41,1989,2995,2995,75.46,10.35,1.17,12.19,1.0,0.0,0.0
41,1990,3105,3105,74.4,10.47,1.29,12.88,0.97,0.0,0.0
41,1991,2980,2980,73.99,10.07,1.68,13.26,1.17,0.0,0.0
41,1992,2870,2870,72.47,10.1,1.92,14.29,1.39,0.17,0.0
41,1993,2575,2575,75.15,9.51,1.75,12.62,1.17,0.0,0.0
41,1994,2800,2800,73.93,10.36,2.14,12.68,1.25,0.0,0.0
41,1995,2825,2825,72.57,9.91,2.83,13.63,1.42,0.0,0.0
41,1996,2750,2750,74.36,9.09,2.73,12.91,1.09,0.0,0.0
41,1997,2910,2910,75.6,7.39,2.75,12.37,2.06,0.0,0.0
41,1998,2815,2815,70.87,7.99,3.55,15.99,1.78,0.0,0.0
41,1999,2780,2780,72.12,9.17,3.24,14.21,1.8,0.36,0.0
41,2000,2890,2890,71.97,9.0,3.46,14.19,2.25,0.17,0.0
41,2001,2795,2795,69.77,9.3,4.65,14.49,2.86,0.18,0.0
41,2002,2665,2665,63.6,9.76,6.0,17.64,3.75,0.19,0.0
41,2003,2650,2650,61.7,9.43,6.04,20.0,4.15,0.0,0.0
41,2004,2735,2735,60.15,7.5,7.13,21.94,5.12,0.0,0.18
41,2005,2725,2725,58.17,6.42,7.71,22.57,6.97,0.92,0.0
41,2006,2710,2710,54.61,6.46,9.23,24.35,7.56,0.0,0.37
41,2007,2640,2640,52.27,7.77,8.9,24.24,9.47,0.57,0.38
41,2008,2625,2625,52.38,5.71,10.86,25.14,8.76,0.95,0.0
41,2009,2515,2515,50.7,6.16,12.33,23.86,9.34,0.4,0.4
41,2010,2485,2485,48.89,4.63,12.27,27.16,10.46,0.8,0.2
41,2011,2305,2305,48.37,6.51,11.06,26.03,10.85,0.87,0.0
41,2012,2410,2410,49.17,5.39,13.28,24.48,12.24,0.62,0.21
41,2013,2190,2190,48.17,6.85,11.64,23.74,13.7,0.91,0.23
41,2014,2250,2250,49.33,5.78,10.44,24.67,14.0,0.67,0.44
41,2015,2015,2015,49.13,6.7,11.17,23.33,13.9,1.49,0.25
41,2016,1955,1955,45.52,4.86,12.28,25.06,17.65,2.3,0.26
41,2017,1845,1845,46.34,5.15,11.92,24.93,17.07,2.17,0.54
41,2018,1725,1725,50.14,4.06,10.72,24.64,15.07,0.58,0.29
41,2019,1735,1735,44.67,5.48,11.53,24.78,17.0,3.17,0.29
41,2020,1700,1700,46.76,5.59,12.65,24.71,13.82,1.47,0.0
41,2021,1730,1730,44.22,4.34,13.87,26.01,13.87,2.02,1.16
41,2022,1730,1730,46.53,4.34,12.72,24.86,15.03,2.31,0.58
41,2023,1570,1570,44.9,3.82,13.06,24.84,17.52,2.23,0.32
41,2024,1410,1410,45.04,2.84,12.06,26.24,17.02,3.55,1.06
42,1900,6020,6020,97.67,0.0,0.0,2.33,0.0,0.0,0.0
42,1901,6675,6675,97.68,0.0,0.07,2.25,0.0,0.0,0.0
42,1902,6715,6715,97.62,0.0,0.07,2.31,0.0,0.0,0.0
42,1903,6540,6540,97.48,0.0,0.08,2.45,0.0,0.0,0.0
42,1904,6590,6590,97.88,0.0,0.0,2.12,0.0,0.0,0.0
42,1905,6500,6500,97.62,0.0,0.08,2.31,0.0,0.0,0.0
42,1906,6690,6690,97.61,0.0,0.15,2.24,0.0,0.0,0.0
42,1907,6850,6850,97.59,0.0,0.0,2.41,0.0,0.0,0.0
42,1908,7325,7325,97.61,0.0,0.0,2.39,0.0,0.0,0.0
42,1909,7310,7310,97.54,0.0,0.07,2.39,0.0,0.0,0.0
42,1910,7440,7440,97.85,0.0,0.0,2.15,0.0,0.0,0.0
42,1911,6905,6905,97.9,0.0,0.0,2.1,0.0,0.0,0.0
42,1912,7415,7415,97.64,0.0,0.07,2.29,0.0,0.0,0.0
42,1913,7655,7655,97.65,0.0,0.0,2.35,0.0,0.0,0.0
42,1914,7340,7340,97.41,0.0,0.0,2.59,0.0,0.0,0.0
42,1915,4860,4860,97.74,0.0,0.0,2.26,0.0,0.0,0.0
42,1916,4130,4130,98.18,0.0,0.0,1.82,0.0,0.0,0.0
42,1917,4815,4815,97.92,0.0,0.0,2.08,0.0,0.0,0.0
42,1918,5555,5555,98.2,0.0,0.0,1.8,0.0,0.0,0.0
42,1919,5470,5470,98.45,0.0,0.0,1.55,0.0,0.0,0.0
42,1920,8915,8915,98.26,0.0,0.0,1.74,0.0,0.0,0.0
42,1921,9220,9220,98.37,0.0,0.0,1.63,0.0,0.0,0.0
42,1922,8790,8790,98.69,0.0,0.0,1.31,0.0,0.0,0.0
42,1923,8720,8720,98.57,0.0,0.0,1.43,0.0,0.0,0.0
42,1924,8720,8715,98.51,0.0,0.0,1.49,0.0,0.0,0.0
42,1925,9095,9095,98.13,0.0,0.0,1.87,0.0,0.0,0.0
42,1926,9045,9040,98.17,0.0,0.06,1.77,0.0,0.0,0.0
42,1927,8905,8905,98.48,0.0,0.06,1.46,0.0,0.0,0.0
42,1928,8795,8795,98.64,0.0,0.0,1.36,0.0,0.0,0.0
42,1929,8585,8585,98.6,0.0,0.06,1.34,0.06,0.0,0.0
42,1930,8990,8990,98.83,0.0,0.0,1.17,0.06,0.0,0.0
42,1931,8980,8980,98.5,0.0,0.0,1.5,0.0,0.0,0.0
42,1932,8555,8555,98.66,0.0,0.06,1.29,0.06,0.0,0.0
42,1933,8300,8300,99.4,0.0,0.0,0.6,0.0,0.0,0.0
42,1934,8175,8175,99.02,0.0,0.12,0.86,0.06,0.0,0.0
42,1935,7805,7805,99.42,0.0,0.06,0.51,0.0,0.0,0.0
42,1936,7845,7845,99.36,0.06,0.06,0.51,0.0,0.0,0.0
42,1937,7720,7720,99.16,0.0,0.13,0.71,0.0,0.0,0.0
42,1938,7995,7995,99.25,0.0,0.06,0.69,0.0,0.0,0.0
42,1939,8095,8095,99.07,0.0,0.19,0.74,0.0,0.0,0.0
42,1940,7605,7605,99.34,0.0,0.2,0.46,0.0,0.0,0.0
42,1941,7970,7970,99.25,0.0,0.19,0.56,0.0,0.0,0.0
42,1942,8275,8275,99.58,0.0,0.06,0.36,0.0,0.0,0.0
42,1943,8595,8595,99.42,0.06,0.23,0.29,0.06,0.0,0.0
42,1944,9180,9180,99.46,0.05,0.27,0.16,0.05,0.05,0.0
42,1945,9505,9505,99.32,0.0,0.47,0.21,0.0,0.0,0.0
42,1946,13220,13220,99.17,0.0,0.42,0.38,0.08,0.0,0.0
42,1947,13605,13605,99.19,0.04,0.48,0.26,0.04,0.04,0.0
42,1948,13090,13090,99.2,0.04,0.5,0.19,0.11,0.0,0.0
42,1949,13090,13090,99.01,0.08,0.46,0.38,0.11,0.0,0.0
42,1950,12920,12920,98.65,0.08,0.54,0.74,0.08,0.0,0.0
42,1951,12160,12160,98.52,0.08,0.58,0.58,0.29,0.08,0.0
42,1952,11730,11730,98.55,0.13,0.51,0.47,0.38,0.04,0.0
42,1953,11665,11665,98.2,0.09,0.64,0.77,0.39,0.04,0.0
42,1954,11420,11420,98.16,0.22,0.44,0.53,0.74,0.13,0.0
42,1955,11420,11420,97.46,0.26,0.48,0.66,1.27,0.22,0.0
42,1956,11200,11200,97.5,0.36,0.49,0.4,1.38,0.31,0.0
42,1957,11310,11310,97.04,0.31,0.35,0.62,1.81,0.49,0.0
42,1958,11360,11360,96.43,0.48,0.4,0.57,2.24,0.53,0.0
42,1959,11795,11795,96.18,0.64,0.21,0.97,2.16,0.59,0.0
42,1960,11460,11460,94.9,0.87,0.26,0.83,3.32,0.65,0.0
42,1961,11645,11645,94.07,0.86,0.21,0.9,4.12,1.12,0.0
42,1962,11575,11575,93.43,1.04,0.22,1.3,4.28,1.43,0.0
42,1963,12310,12310,93.26,0.81,0.37,1.22,4.71,1.18,0.0
42,1964,12115,12115,93.11,0.87,0.33,1.11,4.83,1.07,0.0
42,1965,12165,12165,92.31,0.78,0.37,1.07,5.71,1.69,0.0
42,1966,12225,12225,91.94,0.9,0.33,1.1,5.97,1.72,0.0
42,1967,12140,12140,91.23,0.78,0.29,1.32,6.8,1.73,0.0
42,1968,11815,11815,91.92,0.72,0.59,1.14,6.01,1.52,0.0
42,1969,11910,11910,91.39,0.76,0.8,1.22,6.17,1.47,0.0
42,1970,12310,12310,90.82,0.89,1.22,1.71,5.77,1.26,0.0
42,1971,12540,12540,90.51,1.24,1.16,1.83,5.7,1.32,0.0
42,1972,12570,12570,88.27,1.95,1.31,2.86,6.05,1.47,0.04
42,1973,12410,12410,87.71,2.22,1.25,3.06,6.16,1.33,0.04
42,1974,11240,11240,86.79,2.71,1.11,3.07,6.76,1.29,0.04
42,1975,10365,10365,85.0,3.47,1.16,3.71,7.33,1.25,0.0
42,1976,10115,10115,84.03,4.1,1.09,4.3,6.82,1.19,0.0
42,1977,10270,10270,81.74,5.06,0.97,5.21,7.64,1.22,0.0
42,1978,9955,9955,82.07,6.13,0.9,5.12,6.43,1.1,0.0
42,1979,10575,10575,81.56,5.82,0.61,5.67,6.86,1.18,0.0
42,1980,10780,10780,81.35,5.66,0.65,6.59,6.26,1.16,0.0
42,1981,10785,10785,80.25,5.84,0.56,6.95,6.77,1.02,0.0
42,1982,10775,10775,77.82,6.45,0.56,7.89,7.61,1.25,0.0
42,1983,10050,10050,77.31,6.82,0.7,8.16,7.31,1.0,0.0
42,1984,9940,9940,75.35,7.6,0.6,9.61,7.24,1.16,0.0
42,1985,9875,9875,75.8,7.7,0.71,9.47,6.58,0.91,0.0
42,1986,9955,9955,76.19,7.23,0.75,9.94,6.23,1.0,0.0
42,1987,9340,9340,74.89,8.4,0.7,10.55,5.84,0.7,0.0
42,1988,9415,9415,74.03,8.39,1.38,11.15,5.52,0.53,0.0
42,1989,9140,9140,72.1,9.57,1.31,12.14,5.36,0.55,0.0
42,1990,9130,9130,70.76,9.58,1.26,12.87,5.81,0.49,0.0
42,1991,8930,8930,70.32,9.8,1.9,11.7,6.77,0.67,0.06
42,1992,8855,8855,68.04,10.33,2.15,13.27,6.66,0.45,0.0
42,1993,7980,7980,68.11,10.71,2.38,12.53,6.95,0.5,0.06
42,1994,8275,8275,68.52,9.85,2.96,12.87,6.71,0.36,0.0
42,1995,8370,8370,69.18,9.38,3.35,11.83,7.05,0.48,0.0
42,1996,8465,8465,68.1,9.27,3.01,13.05,7.5,0.65,0.06
42,1997,8215,8215,67.26,8.46,3.71,13.51,7.91,0.67,0.06
42,1998,8125,8125,67.63,9.29,3.57,13.66,7.2,0.49,0.0
42,1999,8360,8360,65.79,8.73,4.31,14.53,7.83,0.48,0.0
42,2000,8650,8650,63.87,8.9,5.09,15.26,8.32,0.58,0.0
42,2001,8440,8440,61.26,8.41,5.57,16.11,10.07,0.83,0.12
42,2002,8195,8195,57.78,8.48,6.28,17.88,11.04,0.61,0.06
42,2003,8225,8225,55.14,8.09,7.42,18.78,12.22,0.91,0.12
42,2004,8240,8240,52.97,7.28,7.46,20.33,14.14,0.91,0.12
42,2005,8260,8260,49.39,7.2,8.72,21.61,15.38,0.91,0.3
42,2006,8370,8370,49.34,5.97,9.68,22.1,15.65,1.08,0.36
42,2007,8420,8420,47.15,5.58,10.45,22.45,17.7,1.07,0.0
42,2008,8335,8335,43.79,5.88,11.82,23.82,18.06,0.84,0.3
42,2009,8305,8305,44.67,5.42,12.04,23.18,18.48,1.14,0.42
42,2010,8160,8160,42.71,5.94,12.13,23.84,19.0,1.29,0.43
42,2011,7925,7925,39.43,5.55,12.62,25.36,21.26,1.32,0.38
42,2012,7925,7925,40.06,4.54,14.01,24.61,21.26,1.14,0.38
42,2013,7645,7645,39.63,5.04,12.88,24.98,21.52,1.7,0.52
42,2014,7600,7600,40.26,4.61,13.03,25.72,21.84,0.99,0.39
42,2015,7355,7355,38.21,4.35,13.46,25.63,23.11,1.63,0.48
42,2016,6995,6995,38.1,4.29,13.65,25.8,23.73,1.29,0.43
42,2017,6715,6715,37.9,4.69,13.85,24.2,25.24,1.27,0.52
42,2018,6720,6720,38.32,4.17,14.88,24.18,23.44,1.56,0.3
42,2019,6685,6685,36.2,4.04,13.99,25.21,26.03,1.65,0.37
42,2020,6320,6320,35.13,4.19,15.59,26.27,24.6,1.74,0.4
42,2021,6215,6215,35.48,3.86,15.12,26.39,24.22,1.77,0.32
42,2022,6205,6205,32.8,3.55,15.47,26.51,27.24,2.26,0.48
42,2023,5635,5630,35.17,3.73,15.9,26.29,24.87,2.13,0.44
42,2024,5505,5495,33.85,3.28,15.47,26.02,27.12,1.91,0.36
43,1900,3175,3175,97.8,0.0,0.31,1.89,0.0,0.0,0.0
43,1901,3355,3355,96.87,0.0,0.45,2.68,0.0,0.0,0.0
43,1902,3440,3440,96.51,0.0,0.29,3.2,0.0,0.0,0.0
43,1903,3335,3335,97.0,0.0,0.3,2.7,0.0,0.0,0.0
43,1904,3540,3540,96.47,0.0,0.42,3.11,0.0,0.0,0.0
43,1905,3560,3560,96.77,0.0,0.56,2.67,0.0,0.0,0.0
43,1906,3660,3660,95.9,0.0,0.41,3.69,0.0,0.0,0.0
43,1907,3590,3590,96.52,0.0,0.28,3.2,0.0,0.0,0.0
43,1908,3795,3795,97.1,0.0,0.26,2.64,0.0,0.0,0.0
43,1909,3765,3765,96.95,0.0,0.53,2.52,0.0,0.0,0.0
43,1910,3735,3735,96.65,0.0,0.4,2.95,0.0,0.0,0.0
43,1911,3530,3530,96.32,0.0,0.42,3.26,0.14,0.0,0.0
43,1912,3795,3795,96.57,0.0,0.4,3.03,0.0,0.0,0.0
43,1913,3790,3790,96.31,0.0,0.53,3.17,0.13,0.0,0.0
43,1914,3765,3765,96.95,0.0,0.53,2.52,0.13,0.0,0.0
43,1915,2415,2415,96.89,0.0,0.21,2.9,0.0,0.0,0.0
43,1916,1590,1590,96.86,0.0,0.0,3.14,0.0,0.0,0.0
43,1917,1740,1740,96.84,0.0,0.29,2.87,0.0,0.0,0.0
43,1918,2130,2130,96.48,0.0,0.7,2.82,0.23,0.0,0.0
43,1919,2155,2155,96.52,0.0,0.46,3.02,0.0,0.0,0.0
43,1920,3905,3905,96.93,0.0,0.26,2.82,0.0,0.0,0.0
43,1921,4030,4030,96.65,0.0,0.5,2.85,0.12,0.0,0.0
43,1922,3905,3905,97.06,0.0,0.26,2.69,0.0,0.0,0.0
43,1923,3670,3670,97.28,0.0,0.27,2.45,0.14,0.0,0.0
43,1924,3720,3720,97.72,0.0,0.27,2.02,0.0,0.0,0.0
43,1925,3580,3580,97.77,0.0,0.42,1.82,0.14,0.0,0.0
43,1926,3570,3570,97.76,0.0,0.14,1.96,0.14,0.0,0.0
43,1927,3480,3480,97.99,0.0,0.29,1.72,0.14,0.0,0.0
43,1928,3675,3675,98.37,0.0,0.41,1.22,0.14,0.0,0.0
43,1929,3495,3495,98.0,0.0,0.29,1.72,0.14,0.0,0.0
43,1930,3490,3490,97.99,0.0,0.14,1.86,0.0,0.0,0.0
43,1931,3340,3340,98.65,0.0,0.15,1.2,0.0,0.0,0.0
43,1932,3375,3375,98.52,0.0,0.15,1.33,0.0,0.0,0.0
43,1933,3340,3340,98.65,0.0,0.15,1.2,0.0,0.0,0.0
43,1934,3210,3210,98.6,0.0,0.16,1.25,0.0,0.0,0.0
43,1935,3105,3105,99.03,0.0,0.16,0.81,0.0,0.0,0.0
43,1936,3110,3110,98.87,0.0,0.16,0.96,0.0,0.0,0.0
43,1937,2895,2895,98.79,0.0,0.35,0.86,0.0,0.0,0.0
43,1938,2705,2705,99.63,0.0,0.0,0.37,0.0,0.0,0.0
43,1939,2965,2965,99.33,0.0,0.17,0.51,0.0,0.0,0.0
43,1940,2660,2660,99.44,0.0,0.0,0.56,0.0,0.0,0.0
43,1941,2325,2325,98.92,0.0,0.0,1.08,0.0,0.0,0.0
43,1942,2615,2615,99.43,0.0,0.0,0.57,0.0,0.0,0.0
43,1943,2720,2720,100.0,0.0,0.0,0.0,0.0,0.0,0.0
43,1944,3045,3045,99.84,0.0,0.16,0.0,0.0,0.0,0.0
43,1945,2800,2800,99.82,0.0,0.0,0.18,0.0,0.0,0.0
43,1946,3870,3870,99.48,0.0,0.26,0.26,0.0,0.0,0.0
43,1947,4015,4015,99.63,0.0,0.25,0.12,0.0,0.0,0.0
43,1948,3920,3920,99.36,0.0,0.26,0.38,0.0,0.0,0.0
43,1949,3805,3805,99.61,0.13,0.13,0.13,0.0,0.0,0.0
43,1950,3720,3720,99.87,0.0,0.13,0.0,0.0,0.0,0.0
43,1951,3460,3460,99.42,0.0,0.58,0.0,0.14,0.0,0.0
43,1952,3355,3355,99.55,0.0,0.45,0.0,0.0,0.0,0.0
43,1953,3195,3195,99.84,0.0,0.16,0.0,0.0,0.0,0.0
43,1954,3155,3155,99.52,0.16,0.32,0.0,0.0,0.0,0.0
43,1955,3075,3075,99.51,0.16,0.33,0.0,0.16,0.0,0.0
43,1956,3005,3005,99.5,0.17,0.33,0.0,0.0,0.0,0.0
43,1957,3045,3045,99.34,0.33,0.16,0.16,0.0,0.0,0.0
43,1958,2775,2775,99.46,0.18,0.36,0.0,0.18,0.0,0.0
43,1959,3045,3045,98.85,0.82,0.33,0.0,0.16,0.0,0.0
43,1960,2890,2890,98.62,0.69,0.69,0.0,0.17,0.0,0.0
43,1961,2950,2950,97.97,1.36,0.51,0.17,0.17,0.0,0.0
43,1962,2745,2745,98.36,1.09,0.36,0.18,0.18,0.0,0.0
43,1963,2940,2940,98.3,1.02,0.34,0.17,0.51,0.0,0.0
43,1964,2895,2895,98.27,0.86,0.52,0.17,0.35,0.0,0.0
43,1965,2710,2710,98.52,0.92,0.37,0.18,0.18,0.0,0.0
43,1966,2645,2645,98.87,0.76,0.19,0.0,0.57,0.0,0.0
43,1967,2630,2630,98.67,0.57,0.57,0.19,0.19,0.0,0.0
43,1968,2500,2500,98.8,0.8,0.4,0.0,0.2,0.0,0.0
43,1969,2580,2580,98.06,1.16,0.58,0.19,0.19,0.0,0.0
43,1970,2350,2350,98.3,0.85,0.43,0.43,0.21,0.0,0.0
43,1971,2455,2455,96.33,1.43,0.81,1.43,0.61,0.0,0.0
43,1972,2210,2210,95.93,1.58,0.68,1.58,0.9,0.0,0.0
43,1973,2085,2085,95.68,2.4,0.0,1.68,0.96,0.0,0.0
43,1974,2075,2075,94.22,2.41,0.0,2.65,1.45,0.0,0.0
43,1975,1755,1755,95.73,3.13,0.0,1.14,0.28,0.0,0.0
43,1976,1565,1565,92.97,3.19,0.32,2.56,1.6,0.32,0.0
43,1977,1555,1555,91.0,4.18,0.96,2.89,1.61,0.32,0.0
43,1978,1550,1550,90.65,4.52,0.0,4.19,0.97,0.0,0.0
43,1979,1535,1535,90.55,4.89,0.33,3.91,1.95,0.33,0.0
43,1980,1560,1560,88.46,6.73,0.0,4.49,0.96,0.0,0.0
43,1981,1540,1540,89.29,6.17,0.32,3.25,1.3,0.0,0.0
43,1982,1475,1475,85.76,7.8,0.34,5.42,1.02,0.0,0.0
43,1983,1400,1400,86.07,8.93,0.0,4.64,0.36,0.0,0.0
43,1984,1305,1305,82.38,9.2,0.0,7.28,1.53,0.0,0.0
43,1985,1315,1315,85.17,8.37,0.0,6.08,0.38,0.0,0.0
43,1986,1320,1320,82.58,9.85,0.38,6.06,1.14,0.38,0.0
43,1987,1170,1170,84.62,7.26,0.0,7.26,0.85,0.0,0.0
43,1988,1185,1185,80.59,13.08,0.42,5.49,0.42,0.0,0.0
43,1989,1170,1170,79.49,11.97,0.0,8.12,0.43,0.0,0.0
43,1990,1160,1160,81.9,8.62,0.0,9.48,0.0,0.0,0.0
43,1991,1195,1195,75.73,12.55,0.42,11.3,0.42,0.0,0.0
43,1992,1030,1030,75.24,13.11,0.49,10.68,0.49,0.0,0.0
43,1993,985,985,75.13,13.2,1.02,10.15,0.51,0.0,0.0
43,1994,990,990,75.76,12.12,1.01,11.11,0.0,0.0,0.0
43,1995,1040,1040,78.37,9.13,2.88,9.13,0.96,0.0,0.0
43,1996,1045,1045,78.95,10.53,1.91,7.66,0.96,0.0,0.0
43,1997,950,950,75.26,14.21,0.53,10.0,0.0,0.0,0.0
43,1998,865,865,78.03,10.4,1.73,9.83,0.0,0.0,0.0
43,1999,835,835,77.84,11.98,2.4,7.19,0.6,0.0,0.0
43,2000,890,890,73.03,11.8,3.37,11.8,0.0,0.0,0.0
43,2001,775,775,70.32,10.32,3.23,14.19,3.23,0.0,0.0
43,2002,790,790,68.99,13.29,3.16,14.56,1.27,0.0,0.0
43,2003,775,775,61.94,10.97,5.16,20.65,3.87,0.65,0.0
43,2004,780,780,62.82,7.05,7.05,22.44,3.85,0.64,0.0
43,2005,770,770,61.04,7.79,7.79,21.43,3.25,0.0,0.0
43,2006,790,790,63.29,7.59,10.13,16.46,5.06,0.0,0.0
43,2007,725,725,57.24,6.9,9.66,23.45,6.21,0.0,0.0
43,2008,770,770,55.19,9.74,11.69,22.08,3.9,0.0,0.0
43,2009,780,780,50.64,7.69,12.18,28.21,5.77,0.0,0.0
43,2010,635,635,54.33,5.51,8.66,28.35,5.51,0.0,0.0
43,2011,720,720,50.69,6.94,11.11,27.78,7.64,0.0,0.0
43,2012,715,715,51.05,7.69,13.29,25.87,6.29,0.0,0.0
43,2013,655,655,51.91,4.58,10.69,29.77,7.63,0.0,0.0
43,2014,585,585,54.7,7.69,15.38,20.51,6.84,0.0,0.0
43,2015,715,715,53.85,7.69,9.79,23.08,6.99,0.0,0.0
43,2016,510,510,51.96,8.82,11.76,26.47,8.82,0.0,0.0
43,2017,520,520,50.0,7.69,10.58,29.81,5.77,0.0,0.0
43,2018,550,550,49.09,5.45,13.64,29.09,9.09,1.82,0.0
43,2019,475,475,48.42,6.32,14.74,28.42,7.37,1.05,0.0
43,2020,480,480,48.96,8.33,12.5,30.21,4.17,1.04,0.0
43,2021,460,460,53.26,4.35,6.52,33.7,6.52,0.0,0.0
43,2022,400,400,46.25,5.0,15.0,31.25,8.75,1.25,0.0
43,2023,395,395,55.7,3.8,11.39,26.58,3.8,1.27,0.0
43,2024,415,415,55.42,1.2,14.46,26.51,7.23,0.0,0.0
44,1900,5820,5820,99.48,0.0,0.0,0.52,0.0,0.0,0.0
44,1901,6510,6510,99.46,0.0,0.0,0.54,0.0,0.0,0.0
44,1902,6625,6625,99.55,0.0,0.0,0.45,0.0,0.0,0.0
44,1903,6835,6830,99.63,0.0,0.0,0.37,0.0,0.0,0.0
44,1904,6940,6940,99.28,0.0,0.0,0.72,0.0,0.0,0.0
44,1905,7055,7055,99.57,0.0,0.0,0.43,0.0,0.0,0.0
44,1906,7020,7020,99.64,0.0,0.07,0.28,0.0,0.0,0.0
44,1907,6980,6980,99.43,0.0,0.14,0.43,0.0,0.0,0.0
44,1908,7280,7280,99.45,0.0,0.0,0.55,0.0,0.0,0.0
44,1909,7470,7470,99.73,0.0,0.0,0.27,0.0,0.0,0.0
44,1910,7665,7665,99.74,0.0,0.0,0.26,0.0,0.0,0.0
44,1911,7515,7515,99.47,0.0,0.0,0.53,0.0,0.0,0.0
44,1912,8000,8000,99.44,0.0,0.12,0.44,0.0,0.0,0.0
44,1913,8180,8180,99.33,0.0,0.06,0.61,0.0,0.0,0.0
44,1914,8575,8575,99.53,0.0,0.06,0.41,0.0,0.0,0.0
44,1915,5550,5550,99.55,0.0,0.0,0.45,0.0,0.0,0.0
44,1916,4355,4355,99.77,0.0,0.0,0.23,0.0,0.0,0.0
44,1917,4670,4670,99.57,0.0,0.0,0.43,0.0,0.0,0.0
44,1918,5775,5775,99.65,0.0,0.09,0.26,0.0,0.0,0.0
44,1919,5985,5985,99.58,0.0,0.08,0.33,0.0,0.0,0.0
44,1920,10270,10270,99.37,0.0,0.05,0.58,0.0,0.0,0.0
44,1921,10440,10440,99.71,0.0,0.05,0.24,0.0,0.0,0.0
44,1922,9905,9905,99.6,0.0,0.0,0.4,0.0,0.0,0.0
44,1923,10070,10070,99.65,0.0,0.0,0.35,0.0,0.0,0.0
44,1924,9680,9680,99.85,0.0,0.0,0.15,0.0,0.0,0.0
44,1925,9790,9790,99.64,0.0,0.0,0.36,0.0,0.0,0.0
44,1926,10030,10030,99.6,0.0,0.0,0.4,0.0,0.0,0.0
44,1927,10000,10000,99.75,0.0,0.05,0.2,0.0,0.0,0.0
44,1928,10080,10080,99.8,0.0,0.0,0.2,0.0,0.0,0.0
44,1929,9630,9630,99.64,0.05,0.0,0.31,0.0,0.0,0.0
44,1930,10075,10075,99.75,0.0,0.0,0.25,0.0,0.0,0.0
44,1931,10045,10045,99.65,0.0,0.1,0.25,0.0,0.0,0.0
44,1932,10200,10200,99.71,0.0,0.05,0.25,0.0,0.0,0.0
44,1933,9570,9570,99.79,0.0,0.05,0.16,0.0,0.0,0.0
44,1934,9670,9670,99.79,0.0,0.05,0.16,0.0,0.0,0.0
44,1935,9295,9295,99.68,0.0,0.05,0.27,0.0,0.0,0.0
44,1936,9455,9455,99.89,0.0,0.0,0.11,0.0,0.0,0.0
44,1937,9470,9470,99.63,0.0,0.11,0.21,0.05,0.0,0.0
44,1938,9545,9545,99.53,0.05,0.16,0.26,0.0,0.0,0.0
44,1939,10040,10040,99.45,0.05,0.15,0.3,0.05,0.0,0.0
44,1940,9225,9225,99.51,0.0,0.27,0.22,0.0,0.0,0.0
44,1941,8085,8085,99.32,0.0,0.25,0.43,0.0,0.0,0.0
44,1942,9400,9400,99.31,0.05,0.43,0.21,0.0,0.0,0.0
44,1943,9715,9715,99.28,0.0,0.31,0.41,0.0,0.0,0.0
44,1944,9025,9025,99.28,0.11,0.22,0.33,0.11,0.0,0.0
44,1945,9335,9335,99.41,0.05,0.32,0.21,0.05,0.0,0.0
44,1946,15365,15365,98.96,0.1,0.42,0.49,0.1,0.0,0.0
44,1947,16400,16400,98.9,0.09,0.55,0.46,0.06,0.0,0.0
44,1948,16625,16625,98.86,0.09,0.54,0.48,0.09,0.0,0.0
44,1949,16515,16515,98.76,0.09,0.48,0.64,0.09,0.0,0.0
44,1950,16315,16315,98.44,0.15,0.67,0.67,0.21,0.0,0.0
44,1951,15650,15650,98.43,0.16,0.67,0.7,0.19,0.0,0.0
44,1952,15750,15750,98.51,0.22,0.51,0.7,0.16,0.0,0.0
44,1953,15125,15125,98.45,0.3,0.53,0.66,0.3,0.0,0.0
44,1954,15290,15290,97.87,0.49,0.75,0.82,0.33,0.0,0.0
44,1955,15470,15470,98.0,0.61,0.45,0.84,0.32,0.03,0.0
44,1956,15555,15555,97.62,0.68,0.55,1.13,0.29,0.0,0.0
44,1957,15875,15875,97.29,0.88,0.6,1.1,0.41,0.0,0.0
44,1958,16295,16295,97.51,0.8,0.4,1.07,0.43,0.03,0.0
44,1959,16440,16440,96.9,1.03,0.58,1.28,0.52,0.06,0.0
44,1960,16015,16015,96.78,1.06,0.5,1.4,0.59,0.06,0.0
44,1961,16640,16640,96.97,0.99,0.45,1.35,0.57,0.03,0.0
44,1962,16290,16290,96.99,1.01,0.55,1.23,0.64,0.06,0.0
44,1963,16490,16490,96.48,1.03,0.61,1.49,0.79,0.03,0.0
44,1964,17065,17065,97.13,0.76,0.67,1.26,0.56,0.0,0.0
44,1965,16110,16110,96.99,0.71,0.71,1.27,0.71,0.03,0.0
44,1966,16405,16405,96.25,0.79,1.04,1.55,0.82,0.09,0.0
44,1967,15650,15650,96.01,1.02,0.96,1.6,0.8,0.03,0.0
44,1968,15695,15695,95.16,0.83,1.31,2.33,0.76,0.1,0.0
44,1969,16410,16410,94.42,1.16,1.37,2.62,0.76,0.03,0.0
44,1970,16385,16385,93.5,1.19,1.34,3.33,1.01,0.09,0.0
44,1971,16960,16960,92.36,2.0,1.53,3.63,0.88,0.06,0.0
44,1972,17140,17140,89.88,2.74,1.46,5.34,1.05,0.09,0.0
44,1973,16985,16985,88.02,3.09,1.44,6.62,1.18,0.12,0.0
44,1974,15625,15625,86.88,3.58,1.18,7.55,1.09,0.13,0.0
44,1975,14915,14915,85.45,4.26,1.21,8.45,1.04,0.2,0.0
44,1976,14595,14595,84.93,4.69,0.92,8.6,1.23,0.1,0.0
44,1977,14590,14590,84.78,4.97,0.72,8.53,1.27,0.07,0.0
44,1978,14605,14600,83.9,5.48,0.86,8.7,1.37,0.21,0.0
44,1979,14875,14875,84.1,5.38,0.74,8.97,1.08,0.1,0.0
44,1980,15565,15560,84.51,5.11,0.77,8.74,1.03,0.1,0.0
44,1981,15335,15335,82.85,6.06,0.65,9.72,0.91,0.16,0.0
44,1982,14995,14990,82.56,6.0,0.7,9.81,1.1,0.13,0.0
44,1983,13675,13675,82.71,5.96,0.8,9.51,1.24,0.22,0.0
44,1984,14035,14035,80.48,6.77,0.78,11.01,1.14,0.14,0.0
44,1985,13935,13935,80.19,7.0,0.65,11.16,1.18,0.14,0.0
44,1986,13870,13870,79.27,7.03,1.15,11.9,0.79,0.14,0.0
44,1987,13585,13585,78.73,7.73,1.32,11.52,0.74,0.11,0.0
44,1988,13675,13675,77.07,8.63,1.32,12.21,0.91,0.07,0.0
44,1989,13280,13280,76.13,9.22,1.39,12.42,0.98,0.11,0.04
44,1990,13155,13155,75.79,8.51,1.98,12.85,1.1,0.11,0.0
44,1991,13235,13235,74.05,9.07,2.08,14.02,1.02,0.08,0.0
44,1992,13045,13045,73.97,8.39,2.45,13.84,1.65,0.19,0.0
44,1993,12340,12340,73.22,9.32,2.96,13.7,1.09,0.08,0.04
44,1994,12190,12190,73.83,8.65,2.75,13.58,1.56,0.16,0.0
44,1995,12890,12890,73.58,8.07,3.37,13.89,1.16,0.16,0.04
44,1996,12995,12995,73.3,7.58,3.96,14.24,1.58,0.08,0.04
44,1997,13080,13080,72.9,7.19,4.59,14.22,1.8,0.23,0.04
44,1998,13220,13220,71.71,7.19,4.5,15.36,1.89,0.26,0.04
44,1999,13580,13580,70.47,7.81,4.71,15.57,2.06,0.26,0.11
44,2000,14635,14635,67.58,7.58,5.57,17.7,2.53,0.31,0.14
44,2001,14345,14345,64.55,7.32,6.87,19.0,3.35,0.45,0.1
44,2002,14505,14505,62.08,7.41,7.86,20.1,4.03,0.34,0.21
44,2003,14360,14360,60.45,6.41,8.67,21.55,4.46,0.42,0.21
44,2004,14320,14320,58.03,6.49,9.67,22.45,5.24,0.35,0.17
44,2005,14535,14535,57.03,5.78,10.35,22.53,6.4,0.52,0.28
44,2006,14705,14705,54.68,5.58,11.39,23.97,7.14,0.65,0.24
44,2007,14905,14905,53.91,5.54,11.98,23.31,7.65,0.6,0.44
44,2008,14900,14900,52.15,4.43,12.72,24.53,8.69,0.64,0.54
44,2009,14895,14895,51.29,4.93,14.0,23.16,9.63,0.74,0.54
44,2010,15135,15135,49.42,5.32,14.17,24.28,9.81,0.93,0.53
44,2011,14490,14490,48.65,4.59,13.56,25.12,11.04,1.04,0.48
44,2012,14455,14455,49.6,4.88,14.01,23.49,11.28,1.04,0.42
44,2013,14565,14565,49.33,4.33,15.65,23.93,10.92,1.1,0.38
44,2014,14175,14175,48.99,4.44,14.14,24.09,12.13,1.27,0.39
44,2015,13710,13710,49.64,4.49,14.0,23.74,11.85,1.24,0.44
44,2016,13295,13295,50.06,4.29,13.09,23.73,12.22,1.32,0.49
44,2017,13405,13405,50.43,3.99,13.95,23.09,12.57,1.08,0.37
44,2018,13290,13290,49.25,3.76,14.03,22.99,13.69,1.62,0.41
44,2019,13230,13230,48.11,3.74,13.34,24.19,14.44,2.08,0.42
44,2020,13040,13040,46.93,3.83,14.11,23.54,14.57,2.38,0.58
44,2021,13610,13610,45.7,3.97,13.74,25.35,14.58,2.24,0.51
44,2022,12670,12670,45.26,3.75,14.52,23.72,15.94,2.76,0.63
44,2023,11655,11655,44.53,3.65,13.47,25.31,16.47,3.17,0.43
44,2024,11310,11300,45.27,3.1,13.58,24.16,16.9,3.72,0.53
45,1900,3220,3220,98.45,0.0,0.0,1.4,0.16,0.0,0.0
45,1901,3595,3595,98.33,0.0,0.0,1.53,0.14,0.0,0.0
45,1902,3665,3665,98.36,0.0,0.0,1.64,0.0,0.0,0.0
45,1903,3710,3710,98.52,0.0,0.0,1.48,0.0,0.0,0.0
45,1904,3815,3815,98.95,0.0,0.0,1.05,0.0,0.0,0.0
45,1905,3820,3820,98.43,0.0,0.0,1.57,0.0,0.0,0.0
45,1906,3965,3965,98.87,0.0,0.0,1.13,0.0,0.0,0.0
45,1907,4015,4015,98.63,0.0,0.0,1.37,0.0,0.0,0.0
45,1908,4115,4115,98.91,0.0,0.0,0.97,0.12,0.0,0.0
45,1909,4225,4225,98.93,0.0,0.0,1.07,0.0,0.0,0.0
45,1910,4350,4350,99.08,0.0,0.0,0.92,0.0,0.0,0.0
45,1911,4130,4130,98.55,0.0,0.0,1.45,0.0,0.0,0.0
45,1912,4475,4475,98.66,0.0,0.0,1.34,0.0,0.0,0.0
45,1913,4260,4260,98.94,0.0,0.0,0.94,0.12,0.0,0.0
45,1914,4360,4360,99.43,0.0,0.0,0.57,0.0,0.0,0.0
45,1915,2775,2775,99.46,0.0,0.0,0.54,0.0,0.0,0.0
45,1916,2235,2235,99.33,0.0,0.0,0.67,0.0,0.0,0.0
45,1917,2555,2555,99.22,0.0,0.0,0.78,0.0,0.0,0.0
45,1918,3240,3240,99.38,0.0,0.0,0.46,0.15,0.0,0.0
45,1919,3240,3240,99.69,0.0,0.0,0.31,0.0,0.0,0.0
45,1920,5405,5405,99.81,0.0,0.0,0.19,0.0,0.0,0.0
45,1921,4990,4990,99.3,0.0,0.0,0.7,0.0,0.0,0.0
45,1922,4745,4745,99.58,0.0,0.0,0.42,0.0,0.0,0.0
45,1923,4700,4700,99.47,0.0,0.11,0.43,0.0,0.0,0.0
45,1924,4630,4630,99.57,0.0,0.0,0.43,0.0,0.0,0.0
45,1925,4705,4705,99.57,0.0,0.0,0.43,0.0,0.0,0.0
45,1926,4935,4935,99.39,0.0,0.0,0.51,0.1,0.0,0.0
45,1927,4625,4625,99.24,0.0,0.0,0.76,0.0,0.0,0.0
45,1928,4820,4820,99.17,0.0,0.1,0.73,0.0,0.0,0.0
45,1929,4775,4775,99.16,0.0,0.1,0.73,0.0,0.0,0.0
45,1930,4935,4935,99.09,0.0,0.1,0.71,0.1,0.0,0.0
45,1931,4790,4790,99.27,0.0,0.1,0.63,0.0,0.0,0.0
45,1932,4860,4860,98.56,0.0,0.62,0.82,0.0,0.0,0.0
45,1933,4590,4590,98.8,0.0,0.33,0.76,0.11,0.0,0.0
45,1934,4820,4820,98.86,0.1,0.52,0.52,0.0,0.0,0.0
45,1935,4485,4485,98.44,0.0,0.78,0.78,0.0,0.0,0.0
45,1936,4550,4550,98.35,0.11,0.66,0.88,0.0,0.0,0.0
45,1937,4315,4315,98.03,0.0,1.39,0.58,0.0,0.0,0.0
45,1938,4300,4300,97.56,0.0,1.4,1.05,0.0,0.0,0.0
45,1939,4725,4725,97.88,0.11,1.27,0.74,0.0,0.0,0.0
45,1940,4205,4205,98.45,0.0,0.95,0.59,0.0,0.0,0.0
45,1941,3935,3935,97.84,0.13,1.14,0.89,0.0,0.0,0.0
45,1942,4240,4240,97.52,0.35,1.53,0.59,0.0,0.0,0.0
45,1943,4720,4720,97.78,0.11,1.38,0.74,0.0,0.0,0.0
45,1944,4855,4855,97.53,0.21,1.44,0.82,0.0,0.0,0.0
45,1945,4755,4755,97.16,0.32,1.47,0.95,0.11,0.0,0.0
45,1946,7105,7105,97.19,0.35,1.55,0.84,0.07,0.0,0.0
45,1947,7180,7180,97.7,0.21,1.32,0.7,0.07,0.0,0.0
45,1948,7210,7210,96.81,0.55,1.66,0.9,0.14,0.0,0.0
45,1949,7190,7190,97.08,0.56,1.53,0.76,0.14,0.0,0.0
45,1950,7140,7140,97.06,0.63,1.4,0.77,0.21,0.0,0.0
45,1951,6700,6700,96.94,0.45,1.49,1.12,0.07,0.0,0.0
45,1952,6590,6590,96.59,0.91,1.44,0.99,0.15,0.0,0.0
45,1953,6485,6485,96.14,1.08,1.39,1.23,0.23,0.0,0.0
45,1954,6730,6730,95.17,1.19,1.49,2.08,0.22,0.0,0.0
45,1955,6650,6650,95.04,1.28,1.2,2.41,0.15,0.0,0.0
45,1956,6750,6750,94.59,1.11,1.26,2.89,0.22,0.0,0.0
45,1957,6750,6750,94.96,1.19,0.96,2.74,0.22,0.07,0.0
45,1958,6715,6715,94.86,1.34,1.04,2.46,0.45,0.07,0.0
45,1959,6785,6785,95.95,1.11,0.81,2.06,0.22,0.0,0.0
45,1960,6660,6660,95.87,1.28,0.83,1.65,0.6,0.08,0.0
45,1961,6705,6705,95.23,1.27,0.52,2.54,0.52,0.0,0.0
45,1962,6655,6655,95.79,1.13,0.45,2.33,0.45,0.0,0.0
45,1963,7275,7275,95.19,1.1,0.27,3.09,0.48,0.0,0.0
45,1964,7180,7180,95.4,1.04,0.42,2.72,0.56,0.0,0.0
45,1965,7290,7290,96.3,0.62,0.27,2.47,0.48,0.07,0.0
45,1966,7425,7425,96.03,0.88,0.2,2.22,0.88,0.07,0.0
45,1967,7025,7025,95.52,1.07,0.36,2.56,0.71,0.14,0.0
45,1968,7265,7265,95.8,0.76,0.21,2.55,0.83,0.14,0.0
45,1969,7425,7425,94.55,1.14,0.67,2.56,1.35,0.13,0.0
45,1970,7460,7460,93.63,1.47,0.54,3.62,1.01,0.07,0.0
45,1971,7440,7440,92.07,2.02,0.67,4.17,1.28,0.13,0.0
45,1972,7625,7625,90.23,2.95,0.92,5.18,0.85,0.07,0.0
45,1973,7550,7550,88.28,3.58,0.73,6.36,1.26,0.26,0.0
45,1974,6860,6860,86.52,3.94,0.58,7.29,1.82,0.07,0.0
45,1975,6620,6620,85.2,4.46,0.68,7.93,2.04,0.15,0.0
45,1976,6185,6185,83.83,5.17,0.73,8.0,2.59,0.16,0.0
45,1977,6765,6765,81.3,6.65,0.67,8.57,3.1,0.52,0.0
45,1978,6390,6390,80.75,6.49,0.55,9.39,3.13,0.16,0.0
45,1979,6755,6755,80.83,6.29,0.81,9.03,3.26,0.37,0.0
45,1980,6910,6910,80.32,5.86,0.72,9.62,3.69,0.51,0.0
45,1981,7030,7030,78.66,6.69,0.36,10.03,4.48,0.64,0.0
45,1982,6910,6910,76.92,7.45,0.51,10.49,4.85,0.8,0.0
45,1983,6305,6305,77.4,7.45,0.4,9.99,4.92,0.87,0.0
45,1984,6365,6365,75.49,7.46,0.63,11.39,5.11,1.26,0.0
45,1985,6225,6225,74.86,7.23,0.8,12.69,4.82,0.4,0.0
45,1986,6525,6525,72.95,7.43,1.3,13.1,5.44,0.92,0.0
45,1987,6490,6490,72.27,9.63,1.08,12.94,4.24,0.69,0.0
45,1988,6600,6600,72.95,8.86,1.29,13.11,4.02,0.38,0.0
45,1989,6435,6435,70.16,9.87,1.24,14.3,4.66,0.62,0.0
45,1990,6615,6615,70.29,9.67,1.74,13.61,5.06,0.68,0.0
45,1991,6535,6535,70.16,9.18,1.91,14.46,4.51,0.46,0.0
45,1992,6240,6240,69.39,9.46,2.72,13.78,4.89,0.48,0.0
45,1993,5820,5820,68.38,9.88,2.92,14.86,4.38,0.17,0.0
45,1994,6020,6020,69.02,8.8,3.07,14.53,5.07,0.17,0.0
45,1995,6205,6205,70.02,8.54,3.55,13.62,4.67,0.4,0.0
45,1996,6065,6065,71.31,8.49,3.05,13.77,4.29,0.33,0.0
45,1997,6115,6115,70.24,8.18,3.27,14.31,4.74,0.57,0.0
45,1998,6220,6220,68.33,8.04,3.54,15.51,5.31,0.4,0.0
45,1999,6145,6145,68.19,8.79,3.82,14.65,5.21,0.41,0.0
45,2000,6655,6655,65.59,8.79,4.21,16.45,5.63,0.53,0.08
45,2001,6370,6370,63.81,9.03,5.42,16.56,6.28,0.71,0.08
45,2002,6280,6280,60.35,8.92,6.61,18.39,6.93,0.56,0.0
45,2003,6310,6310,58.24,8.4,6.66,19.1,9.51,0.55,0.08
45,2004,6235,6235,54.93,7.14,6.98,22.05,10.75,0.88,0.08
45,2005,6135,6135,51.43,7.09,7.58,22.58,13.77,1.14,0.16
45,2006,6385,6385,49.02,6.19,9.55,23.41,14.41,1.17,0.16
45,2007,6220,6220,48.63,6.51,9.97,23.15,14.95,1.05,0.08
45,2008,6170,6170,45.95,6.32,10.37,23.5,16.94,1.62,0.08
45,2009,6095,6095,43.89,6.15,12.06,24.2,17.39,1.39,0.25
45,2010,6205,6205,42.47,5.24,10.96,26.03,19.34,2.01,0.24
45,2011,6070,6070,41.1,5.27,10.54,25.86,21.09,1.73,0.41
45,2012,5825,5825,39.31,5.15,11.33,27.47,21.29,2.58,0.26
45,2013,5695,5695,39.16,5.09,11.24,26.51,22.56,1.84,0.26
45,2014,5640,5640,38.21,4.61,11.79,25.35,24.38,2.04,0.53
45,2015,5485,5485,38.1,4.74,11.58,24.43,25.43,3.74,0.46
45,2016,5070,5070,40.34,4.64,12.33,23.87,23.08,2.76,0.69
45,2017,5010,5010,39.82,4.09,11.88,23.75,25.15,2.79,0.4
45,2018,5150,5150,38.06,4.08,12.91,23.79,26.12,3.11,0.39
45,2019,5220,5220,36.4,3.83,13.79,24.52,26.82,3.35,0.1
45,2020,5110,5110,35.91,3.72,14.68,25.15,26.61,3.03,0.39
45,2021,4970,4970,37.42,3.82,14.89,24.45,24.75,3.22,0.4
45,2022,4870,4870,35.73,3.59,14.07,24.85,27.0,3.39,0.31
45,2023,4165,4165,33.85,3.24,14.29,25.93,27.97,4.92,0.36
45,2024,4210,4210,33.73,2.61,13.42,25.42,29.33,4.75,0.36
46,1900,1605,1605,98.13,0.0,0.62,1.25,0.0,0.0,0.0
46,1901,1755,1755,97.72,0.0,0.0,2.28,0.0,0.0,0.0
46,1902,1875,1875,97.87,0.0,0.27,1.87,0.0,0.0,0.0
46,1903,1735,1735,97.69,0.0,0.0,2.31,0.0,0.0,0.0
46,1904,1820,1820,97.53,0.0,0.27,2.2,0.27,0.0,0.0
46,1905,1830,1830,97.81,0.0,0.0,2.19,0.27,0.0,0.0
46,1906,1860,1860,98.12,0.0,0.27,1.61,0.0,0.0,0.0
46,1907,1820,1820,98.08,0.0,0.55,1.37,0.0,0.0,0.0
46,1908,1995,1995,97.99,0.0,0.25,1.75,0.0,0.0,0.0
46,1909,1930,1930,98.7,0.0,0.0,1.3,0.0,0.0,0.0
46,1910,2030,2030,98.52,0.0,0.0,1.48,0.0,0.0,0.0
46,1911,1685,1685,99.11,0.0,0.0,0.89,0.0,0.0,0.0
46,1912,2010,2010,98.01,0.0,0.0,1.99,0.0,0.0,0.0
46,1913,2005,2005,98.25,0.0,0.0,1.75,0.0,0.0,0.0
46,1914,2010,2010,98.76,0.0,0.0,1.24,0.0,0.0,0.0
46,1915,1250,1250,98.4,0.0,0.0,1.6,0.0,0.0,0.0
46,1916,790,790,98.1,0.0,0.0,1.9,0.0,0.0,0.0
46,1917,810,810,98.15,0.0,0.62,1.23,0.0,0.0,0.0
46,1918,990,990,98.99,0.0,0.0,1.01,0.0,0.0,0.0
46,1919,1120,1120,98.66,0.0,0.0,1.34,0.0,0.0,0.0
46,1920,2125,2125,99.76,0.0,0.0,0.24,0.0,0.0,0.0
46,1921,2370,2370,99.37,0.0,0.0,0.63,0.0,0.0,0.0
46,1922,2135,2135,99.53,0.0,0.0,0.47,0.0,0.0,0.0
46,1923,2040,2040,99.51,0.0,0.0,0.49,0.0,0.0,0.0
46,1924,2070,2070,99.52,0.0,0.0,0.48,0.0,0.0,0.0
46,1925,2070,2070,99.76,0.0,0.0,0.24,0.0,0.0,0.0
46,1926,1945,1945,100.0,0.0,0.0,0.0,0.0,0.0,0.0
46,1927,2020,2020,99.75,0.0,0.0,0.25,0.0,0.0,0.0
46,1928,1970,1970,99.49,0.0,0.0,0.51,0.0,0.0,0.0
46,1929,1890,1890,99.74,0.0,0.0,0.26,0.0,0.0,0.0
46,1930,1965,1965,99.75,0.0,0.0,0.25,0.0,0.0,0.0
46,1931,1925,1925,99.74,0.0,0.0,0.26,0.0,0.0,0.0
46,1932,1955,1955,100.0,0.0,0.0,0.0,0.0,0.0,0.0
46,1933,1815,1815,99.45,0.28,0.0,0.28,0.0,0.0,0.0
46,1934,1780,1780,100.0,0.0,0.0,0.0,0.0,0.0,0.0
46,1935,1730,1730,100.0,0.0,0.0,0.0,0.0,0.0,0.0
46,1936,1770,1770,99.72,0.0,0.0,0.28,0.0,0.0,0.0
46,1937,1650,1650,100.0,0.0,0.0,0.0,0.0,0.0,0.0
46,1938,1650,1650,100.0,0.0,0.0,0.0,0.0,0.0,0.0
46,1939,1730,1730,99.71,0.29,0.0,0.0,0.0,0.0,0.0
46,1940,1535,1535,100.0,0.0,0.0,0.0,0.0,0.0,0.0
46,1941,1665,1665,99.7,0.0,0.0,0.3,0.0,0.0,0.0
46,1942,1695,1695,100.0,0.0,0.0,0.0,0.0,0.0,0.0
46,1943,2055,2055,99.76,0.24,0.0,0.0,0.0,0.0,0.0
46,1944,2075,2075,99.52,0.24,0.0,0.24,0.0,0.0,0.0
46,1945,1785,1785,98.88,0.56,0.0,0.56,0.0,0.0,0.0
46,1946,2525,2525,99.6,0.2,0.0,0.2,0.0,0.0,0.0
46,1947,2645,2645,99.24,0.38,0.19,0.19,0.0,0.0,0.0
46,1948,2685,2685,99.07,0.56,0.37,0.0,0.0,0.0,0.0
46,1949,2545,2545,98.82,0.59,0.2,0.39,0.0,0.0,0.0
46,1950,2385,2385,98.53,0.84,0.0,0.63,0.0,0.0,0.0
46,1951,2360,2360,98.73,0.64,0.42,0.21,0.0,0.0,0.0
46,1952,2410,2410,98.76,1.04,0.0,0.0,0.21,0.0,0.0
46,1953,2335,2335,98.29,1.07,0.21,0.43,0.0,0.0,0.0
46,1954,2185,2185,98.63,1.14,0.0,0.23,0.0,0.0,0.0
46,1955,2180,2180,98.85,1.15,0.0,0.0,0.23,0.0,0.0
46,1956,2205,2205,98.19,1.13,0.0,0.68,0.0,0.0,0.0
46,1957,2165,2165,98.15,1.62,0.23,0.0,0.0,0.0,0.0
46,1958,2185,2185,98.17,1.37,0.23,0.23,0.23,0.0,0.0
46,1959,2190,2190,98.17,1.6,0.0,0.23,0.0,0.0,0.0
46,1960,2165,2165,97.69,1.62,0.23,0.46,0.23,0.0,0.0
46,1961,2205,2205,97.73,2.04,0.23,0.0,0.23,0.0,0.0
46,1962,2330,2330,98.5,1.29,0.0,0.21,0.21,0.0,0.0
46,1963,2245,2245,98.0,1.56,0.0,0.22,0.22,0.0,0.0
46,1964,2200,2200,97.95,1.59,0.0,0.45,0.23,0.0,0.0
46,1965,1995,1995,99.0,0.75,0.0,0.25,0.0,0.0,0.0
46,1966,1920,1920,98.44,1.3,0.0,0.26,0.26,0.0,0.0
46,1967,1930,1930,97.93,1.3,0.0,0.52,0.52,0.0,0.0
46,1968,1770,1770,98.87,0.56,0.0,0.56,0.0,0.0,0.0
46,1969,1760,1760,96.88,1.14,0.0,1.99,0.57,0.0,0.0
46,1970,1800,1800,98.06,0.83,0.28,0.56,0.83,0.0,0.0
46,1971,1815,1815,97.25,0.83,0.28,1.38,0.83,0.0,0.0
46,1972,1680,1680,95.54,2.08,0.3,2.08,0.3,0.0,0.0
46,1973,1725,1725,95.36,2.03,0.58,1.74,0.87,0.0,0.0
46,1974,1440,1440,96.88,2.08,0.0,0.69,1.04,0.0,0.0
46,1975,1340,1340,95.52,2.99,0.37,1.12,0.0,0.0,0.0
46,1976,1295,1295,95.37,2.7,0.0,1.54,0.77,0.0,0.0
46,1977,1250,1250,94.8,3.6,0.0,1.6,0.4,0.0,0.0
46,1978,1185,1185,93.25,4.64,0.0,1.69,1.27,0.0,0.0
46,1979,1270,1270,90.16,5.51,0.0,4.33,0.79,0.0,0.0
46,1980,1365,1365,91.21,5.86,0.0,2.93,0.37,0.0,0.0
46,1981,1310,1310,91.6,4.58,0.0,2.67,1.53,0.0,0.0
46,1982,1340,1340,87.69,7.09,0.0,4.85,0.75,0.0,0.0
46,1983,1175,1175,88.94,6.38,0.43,3.83,0.85,0.0,0.0
46,1984,1130,1130,87.17,7.52,0.0,4.87,0.44,0.0,0.0
46,1985,1075,1075,87.91,6.51,0.0,5.58,0.0,0.0,0.0
46,1986,1095,1095,87.21,7.76,0.0,4.57,0.46,0.0,0.0
46,1987,1075,1075,84.65,6.51,0.47,8.37,0.0,0.0,0.0
46,1988,1105,1105,81.0,9.5,0.45,9.05,0.0,0.0,0.0
46,1989,1095,1095,84.02,7.76,0.0,7.76,0.91,0.0,0.0
46,1990,1075,1075,79.53,10.23,0.0,10.23,0.47,0.0,0.0
46,1991,1005,1005,80.1,9.95,0.0,9.95,0.0,0.0,0.0
46,1992,1030,1030,80.58,11.17,0.49,7.28,0.49,0.0,0.0
46,1993,1000,1000,81.0,10.5,0.0,8.5,0.0,0.0,0.0
46,1994,930,930,77.42,11.83,1.08,9.68,0.0,0.0,0.0
46,1995,1050,1050,76.19,13.33,1.43,9.52,0.48,0.0,0.0
46,1996,975,975,76.41,12.82,1.03,9.74,0.0,0.0,0.0
46,1997,910,910,76.92,10.99,1.65,10.99,0.55,0.0,0.0
46,1998,885,885,76.27,10.73,3.39,10.17,0.56,0.0,0.0
46,1999,905,905,73.48,11.6,3.31,11.05,0.55,0.0,0.0
46,2000,945,945,73.54,10.58,4.76,11.64,0.53,0.0,0.0
46,2001,905,905,72.93,11.05,6.08,10.5,0.55,0.0,0.0
46,2002,900,900,70.56,11.11,5.0,13.89,0.56,0.0,0.0
46,2003,910,910,67.58,11.54,4.4,15.93,2.2,0.0,0.0
46,2004,725,725,62.07,8.28,7.59,20.69,4.14,0.0,0.0
46,2005,660,660,62.12,9.09,9.85,18.18,2.27,0.0,0.0
46,2006,665,665,59.4,9.02,9.02,21.8,3.01,0.0,0.0
46,2007,625,625,60.0,7.2,10.4,20.8,4.8,0.0,0.0
46,2008,605,605,60.33,5.79,9.09,22.31,6.61,0.0,0.0
46,2009,425,425,61.18,4.71,5.88,25.88,3.53,0.0,0.0
46,2010,455,455,51.65,10.99,7.69,24.18,8.79,1.1,1.1
46,2011,380,380,57.89,5.26,11.84,21.05,9.21,0.0,0.0
46,2012,385,385,55.84,5.19,11.69,27.27,2.6,0.0,1.3
46,2013,295,295,57.63,6.78,8.47,25.42,10.17,1.69,0.0
46,2014,400,400,50.0,6.25,11.25,30.0,7.5,0.0,0.0
46,2015,360,360,62.5,6.94,6.94,22.22,8.33,0.0,0.0
46,2016,305,305,57.38,8.2,8.2,26.23,4.92,0.0,0.0
46,2017,305,305,57.38,6.56,8.2,29.51,1.64,0.0,0.0
46,2018,315,315,47.62,9.52,14.29,26.98,4.76,1.59,0.0
46,2019,235,235,53.19,6.38,8.51,29.79,10.64,0.0,2.13
46,2020,285,285,49.12,7.02,12.28,29.82,3.51,0.0,0.0
46,2021,350,350,47.14,2.86,20.0,30.0,8.57,0.0,0.0
46,2022,285,285,49.12,5.26,10.53,31.58,8.77,0.0,1.75
46,2023,230,230,54.35,8.7,8.7,23.91,6.52,0.0,0.0
46,2024,230,230,39.13,6.52,8.7,39.13,10.87,0.0,0.0
47,1900,1980,1980,98.23,0.25,0.0,1.26,0.25,0.0,0.0
47,1901,2295,2295,98.91,0.0,0.22,0.87,0.0,0.0,0.0
47,1902,2185,2185,98.63,0.23,0.0,1.14,0.0,0.0,0.0
47,1903,2130,2130,98.36,0.23,0.0,1.17,0.23,0.0,0.0
47,1904,2215,2215,98.42,0.0,0.0,1.58,0.0,0.0,0.0
47,1905,2250,2250,98.0,0.22,0.0,1.78,0.0,0.0,0.0
47,1906,2445,2445,98.16,0.41,0.2,1.23,0.0,0.0,0.0
47,1907,2270,2270,98.68,0.0,0.0,1.32,0.0,0.0,0.0
47,1908,2480,2480,98.39,0.2,0.0,1.41,0.0,0.0,0.0
47,1909,2410,2410,98.13,0.41,0.21,1.04,0.21,0.0,0.0
47,1910,2415,2415,98.76,0.21,0.0,1.04,0.0,0.0,0.0
47,1911,2350,2350,98.51,0.21,0.0,1.28,0.0,0.0,0.0
47,1912,2435,2435,98.56,0.41,0.0,1.03,0.0,0.0,0.0
47,1913,2450,2450,98.16,0.2,0.2,1.43,0.0,0.0,0.0
47,1914,2460,2460,99.19,0.2,0.0,0.61,0.0,0.0,0.0
47,1915,1610,1610,98.45,0.0,0.0,1.55,0.0,0.0,0.0
47,1916,1115,1115,99.55,0.0,0.0,0.45,0.0,0.0,0.0
47,1917,1185,1185,99.58,0.0,0.0,0.42,0.0,0.0,0.0
47,1918,1440,1440,98.96,0.35,0.0,0.69,0.0,0.0,0.0
47,1919,1510,1510,99.01,0.0,0.0,0.99,0.0,0.0,0.0
47,1920,3080,3080,99.19,0.16,0.0,0.65,0.0,0.0,0.0
47,1921,3125,3125,98.56,0.32,0.0,1.12,0.0,0.0,0.0
47,1922,2915,2915,98.97,0.17,0.0,0.86,0.0,0.0,0.0
47,1923,2830,2830,98.76,0.0,0.0,1.24,0.0,0.0,0.0
47,1924,2890,2890,98.62,0.17,0.0,1.21,0.0,0.0,0.0
47,1925,2870,2870,98.08,0.17,0.0,1.74,0.0,0.0,0.0
47,1926,3000,3000,97.0,0.17,0.0,2.83,0.0,0.0,0.0
47,1927,2910,2910,97.42,0.17,0.0,2.41,0.0,0.0,0.0
47,1928,3135,3135,97.29,0.16,0.0,2.55,0.0,0.0,0.0
47,1929,3010,3010,98.5,0.33,0.0,1.16,0.0,0.0,0.0
47,1930,3115,3115,97.75,0.16,0.0,2.09,0.0,0.0,0.0
47,1931,3035,3035,97.86,0.49,0.16,1.48,0.0,0.0,0.0
47,1932,3200,3200,97.19,0.16,0.0,2.5,0.16,0.0,0.0
47,1933,2990,2990,98.49,0.0,0.0,1.51,0.0,0.0,0.0
47,1934,2965,2965,98.31,0.17,0.0,1.52,0.0,0.0,0.0
47,1935,3000,3000,97.67,0.17,0.0,2.17,0.0,0.0,0.0
47,1936,2930,2930,97.61,0.17,0.0,2.22,0.0,0.0,0.0
47,1937,2910,2910,98.11,0.17,0.34,1.37,0.17,0.0,0.0
47,1938,2765,2765,97.83,0.18,0.36,1.63,0.18,0.0,0.0
47,1939,3000,3000,97.83,0.17,0.33,1.67,0.0,0.0,0.0
47,1940,3030,3030,98.84,0.17,0.0,0.99,0.0,0.0,0.0
47,1941,3315,3315,98.34,0.3,0.0,1.36,0.0,0.0,0.0
47,1942,3450,3450,99.13,0.14,0.0,0.72,0.0,0.0,0.0
47,1943,3810,3810,98.16,0.26,0.39,1.18,0.13,0.0,0.0
47,1944,3710,3710,98.25,0.27,0.4,1.08,0.13,0.0,0.0
47,1945,3600,3600,98.75,0.42,0.0,0.83,0.0,0.0,0.0
47,1946,4730,4730,98.63,0.32,0.21,0.85,0.0,0.0,0.0
47,1947,4810,4810,98.54,0.42,0.31,0.62,0.1,0.0,0.0
47,1948,4915,4915,98.07,0.71,0.2,0.92,0.2,0.0,0.0
47,1949,4865,4865,98.05,0.72,0.1,1.13,0.1,0.0,0.0
47,1950,4825,4825,98.55,0.73,0.21,0.52,0.0,0.0,0.0
47,1951,4570,4570,98.36,0.98,0.11,0.55,0.11,0.0,0.0
47,1952,4480,4480,97.66,1.23,0.22,0.89,0.0,0.0,0.0
47,1953,4295,4295,98.25,1.05,0.23,0.47,0.12,0.0,0.0
47,1954,4410,4410,97.96,1.25,0.11,0.68,0.23,0.0,0.0
47,1955,4330,4330,98.15,1.04,0.12,0.58,0.23,0.0,0.0
47,1956,4315,4315,97.8,1.16,0.35,0.7,0.12,0.0,0.0
47,1957,4420,4420,98.08,1.13,0.11,0.57,0.34,0.0,0.0
47,1958,4185,4185,98.33,1.19,0.0,0.48,0.24,0.0,0.0
47,1959,4240,4240,98.0,1.18,0.0,0.71,0.35,0.0,0.0
47,1960,4130,4130,97.34,1.82,0.0,0.73,0.48,0.0,0.0
47,1961,4060,4060,97.41,1.48,0.25,0.86,0.37,0.0,0.0
47,1962,4120,4120,97.69,1.46,0.12,0.73,0.61,0.0,0.0
47,1963,4380,4380,98.4,1.14,0.0,0.46,0.46,0.0,0.0
47,1964,4395,4395,98.52,0.8,0.0,0.57,0.46,0.0,0.0
47,1965,4360,4360,98.62,0.92,0.11,0.34,0.46,0.0,0.0
47,1966,4220,4220,97.87,0.95,0.0,0.36,1.42,0.12,0.0
47,1967,4200,4200,97.5,0.71,0.0,0.6,1.67,0.24,0.0
47,1968,4100,4100,97.2,0.49,0.0,0.98,2.07,0.24,0.0
47,1969,4000,4000,96.0,0.88,0.0,1.0,2.5,0.5,0.0
47,1970,3980,3980,95.73,0.75,0.25,1.38,2.51,0.5,0.0
47,1971,4065,4065,95.94,1.11,0.0,1.23,2.09,0.49,0.0
47,1972,4090,4090,94.13,1.83,0.37,1.96,2.32,0.37,0.0
47,1973,3795,3795,93.81,1.71,0.26,2.64,2.37,0.13,0.0
47,1974,3475,3475,92.81,2.3,0.58,2.73,2.16,0.29,0.0
47,1975,3140,3140,90.45,3.5,0.32,3.18,2.87,0.32,0.0
47,1976,3005,3005,89.68,3.99,0.33,3.49,2.83,0.33,0.0
47,1977,3040,3040,87.83,5.43,0.33,3.78,3.29,0.33,0.0
47,1978,3135,3135,85.17,6.86,0.0,4.78,3.83,0.32,0.0
47,1979,3250,3250,84.77,6.46,0.15,5.38,3.69,0.31,0.0
47,1980,3400,3400,83.68,6.32,0.44,5.44,4.41,0.74,0.0
47,1981,3410,3410,82.4,6.74,0.29,6.6,4.4,0.59,0.0
47,1982,3305,3305,83.21,6.81,0.15,6.66,3.48,0.76,0.0
47,1983,3145,3145,81.08,5.88,0.16,7.47,5.56,0.79,0.0
47,1984,3045,3045,78.49,6.9,0.16,8.05,6.57,0.82,0.0
47,1985,2990,2990,78.09,7.19,0.17,9.03,5.69,1.0,0.0
47,1986,3210,3210,75.86,7.94,0.78,8.57,7.17,0.78,0.0
47,1987,3055,3055,74.47,9.17,0.65,9.98,5.89,0.82,0.0
47,1988,2985,2985,75.04,9.21,0.5,11.06,4.52,0.17,0.0
47,1989,3150,3150,72.22,10.0,0.48,11.59,5.71,0.63,0.0
47,1990,3030,3030,72.28,10.23,0.83,12.71,4.29,0.5,0.0
47,1991,2915,2915,71.7,9.43,1.2,13.04,4.97,0.51,0.0
47,1992,2650,2650,73.21,10.19,1.13,11.32,4.53,0.38,0.0
47,1993,2585,2585,69.63,10.83,1.74,13.54,4.45,0.39,0.0
47,1994,2565,2565,71.35,11.11,1.56,11.7,4.87,0.39,0.0
47,1995,2665,2665,72.61,9.76,1.88,12.95,3.56,0.56,0.0
47,1996,2660,2660,70.68,10.15,2.82,13.16,3.76,0.19,0.0
47,1997,2625,2625,69.71,10.1,2.67,14.1,4.0,0.38,0.0
47,1998,2675,2675,68.04,11.4,2.99,13.83,4.3,0.19,0.0
47,1999,2685,2685,65.55,11.17,4.1,15.83,4.28,0.37,0.0
47,2000,2730,2730,65.75,11.9,3.11,15.75,4.76,0.18,0.0
47,2001,2675,2675,61.87,11.21,4.3,17.57,6.36,0.37,0.0
47,2002,2615,2615,59.85,11.28,4.97,18.55,6.69,0.0,0.0
47,2003,2695,2695,58.07,9.28,5.38,20.78,7.79,0.37,0.0
47,2004,2760,2760,55.07,9.24,6.34,24.28,7.79,0.18,0.0
47,2005,2685,2685,52.89,8.75,6.15,24.39,9.87,0.74,0.0
47,2006,2760,2760,48.55,7.43,8.7,27.17,11.05,0.18,0.18
47,2007,2605,2605,50.48,6.53,7.87,24.95,12.67,0.96,0.19
47,2008,2595,2595,47.21,7.32,9.06,27.36,12.72,0.77,0.19
47,2009,2650,2650,48.68,6.79,10.19,24.72,13.02,0.57,0.57
47,2010,2480,2480,44.96,6.85,11.69,26.21,13.71,0.4,0.2
47,2011,2505,2505,45.11,5.39,9.98,27.74,16.37,0.4,0.4
47,2012,2345,2345,43.5,6.82,10.23,29.0,14.5,0.64,0.21
47,2013,2385,2385,42.35,6.92,12.16,24.95,18.03,1.26,0.63
47,2014,2335,2335,42.83,5.78,10.06,28.48,18.2,0.86,0.43
47,2015,2155,2155,43.16,6.03,11.14,27.15,16.94,1.16,0.7
47,2016,2090,2090,43.06,5.5,12.68,27.03,16.99,1.2,0.24
47,2017,1950,1950,42.31,5.64,13.08,24.62,19.23,1.28,0.26
47,2018,1920,1920,41.15,6.25,10.94,27.86,19.01,1.04,0.26
47,2019,1900,1900,42.37,4.47,10.79,28.16,19.74,1.32,0.53
47,2020,1805,1805,41.55,6.09,12.19,26.04,19.39,1.11,0.55
47,2021,1690,1690,42.9,5.33,13.02,27.51,16.27,1.78,0.3
47,2022,1780,1780,37.36,3.93,14.33,31.18,19.66,0.28,0.56
47,2023,1575,1575,39.68,4.44,13.65,28.89,18.73,0.63,0.0
47,2024,1435,1435,41.81,3.83,11.5,30.31,17.07,0.7,0.0
48,1900,1420,1420,99.3,0.0,0.0,0.7,0.0,0.0,0.0
48,1901,1550,1550,98.71,0.0,0.0,1.29,0.0,0.0,0.0
48,1902,1630,1630,97.85,0.0,0.0,2.15,0.0,0.0,0.0
48,1903,1630,1630,97.85,0.0,0.0,2.15,0.0,0.0,0.0
48,1904,1680,1680,98.21,0.0,0.0,1.79,0.0,0.0,0.0
48,1905,1760,1760,98.58,0.0,0.0,1.42,0.0,0.0,0.0
48,1906,1750,1750,98.0,0.0,0.0,2.0,0.0,0.0,0.0
48,1907,1775,1775,98.03,0.0,0.0,1.97,0.0,0.0,0.0
48,1908,1745,1745,97.99,0.0,0.0,2.01,0.0,0.0,0.0
48,1909,1790,1790,99.16,0.0,0.0,0.84,0.0,0.0,0.0
48,1910,1770,1770,98.02,0.0,0.0,1.98,0.0,0.0,0.0
48,1911,1505,1505,98.67,0.0,0.0,1.33,0.0,0.0,0.0
48,1912,1800,1800,98.06,0.0,0.0,1.94,0.0,0.0,0.0
48,1913,1745,1745,98.28,0.0,0.0,1.72,0.0,0.0,0.0
48,1914,1790,1790,98.88,0.0,0.0,1.12,0.0,0.0,0.0
48,1915,1115,1115,97.76,0.0,0.0,2.24,0.0,0.0,0.0
48,1916,900,900,99.44,0.0,0.0,0.56,0.0,0.0,0.0
48,1917,915,915,98.36,0.0,0.0,1.64,0.0,0.0,0.0
48,1918,1095,1095,98.63,0.0,0.0,1.37,0.0,0.0,0.0
48,1919,970,970,98.97,0.0,0.0,1.03,0.0,0.0,0.0
48,1920,1630,1630,99.39,0.0,0.0,0.61,0.0,0.0,0.0
48,1921,1680,1680,98.81,0.0,0.0,1.19,0.0,0.0,0.0
48,1922,1675,1675,99.1,0.0,0.0,0.9,0.0,0.0,0.0
48,1923,1595,1595,99.06,0.0,0.0,0.94,0.0,0.0,0.0
48,1924,1510,1510,98.34,0.0,0.0,1.66,0.0,0.0,0.0
48,1925,1525,1525,99.02,0.0,0.0,0.98,0.0,0.0,0.0
48,1926,1450,1450,98.97,0.0,0.0,1.03,0.0,0.0,0.0
48,1927,1470,1470,98.98,0.0,0.0,1.02,0.0,0.0,0.0
48,1928,1455,1455,98.97,0.0,0.0,1.03,0.0,0.0,0.0
48,1929,1410,1410,99.29,0.0,0.0,0.71,0.0,0.0,0.0
48,1930,1415,1415,99.29,0.0,0.0,0.71,0.0,0.0,0.0
48,1931,1330,1330,99.25,0.0,0.0,0.75,0.0,0.0,0.0
48,1932,1400,1400,99.29,0.0,0.0,0.71,0.0,0.0,0.0
48,1933,1285,1285,99.61,0.0,0.0,0.39,0.0,0.0,0.0
48,1934,1355,1355,99.63,0.0,0.0,0.37,0.0,0.0,0.0
48,1935,1215,1215,99.18,0.0,0.0,0.82,0.0,0.0,0.0
48,1936,1210,1210,99.59,0.0,0.0,0.41,0.0,0.0,0.0
48,1937,1220,1220,99.59,0.0,0.0,0.41,0.0,0.0,0.0
48,1938,1040,1040,100.0,0.0,0.0,0.0,0.0,0.0,0.0
48,1939,1150,1150,99.57,0.0,0.0,0.43,0.0,0.0,0.0
48,1940,1125,1125,99.56,0.0,0.0,0.44,0.0,0.0,0.0
48,1941,1045,1045,100.0,0.0,0.0,0.0,0.0,0.0,0.0
48,1942,1100,1100,100.0,0.0,0.0,0.0,0.0,0.0,0.0
48,1943,1230,1230,100.0,0.0,0.0,0.0,0.0,0.0,0.0
48,1944,1340,1340,100.0,0.0,0.0,0.0,0.0,0.0,0.0
48,1945,1130,1130,99.56,0.0,0.44,0.0,0.0,0.0,0.0
48,1946,1595,1595,99.69,0.0,0.0,0.31,0.0,0.0,0.0
48,1947,1520,1520,99.34,0.0,0.33,0.33,0.0,0.0,0.0
48,1948,1515,1515,100.0,0.0,0.0,0.0,0.0,0.0,0.0
48,1949,1455,1455,98.97,0.34,0.34,0.34,0.0,0.0,0.0
48,1950,1450,1450,99.31,0.0,0.34,0.34,0.0,0.0,0.0
48,1951,1390,1390,98.92,0.36,0.72,0.0,0.0,0.0,0.0
48,1952,1300,1300,99.62,0.0,0.38,0.0,0.0,0.0,0.0
48,1953,1200,1200,99.58,0.42,0.0,0.0,0.0,0.0,0.0
48,1954,1135,1135,100.0,0.0,0.0,0.0,0.0,0.0,0.0
48,1955,1190,1190,99.16,0.84,0.0,0.0,0.42,0.0,0.0
48,1956,1075,1075,99.53,0.0,0.47,0.0,0.0,0.0,0.0
48,1957,1030,1030,99.03,0.97,0.0,0.0,0.0,0.0,0.0
48,1958,990,990,98.99,1.01,0.0,0.0,0.51,0.0,0.0
48,1959,985,985,98.48,1.02,0.51,0.0,0.0,0.0,0.0
48,1960,990,990,98.48,1.52,0.0,0.0,0.0,0.0,0.0
48,1961,1035,1035,98.55,1.45,0.0,0.0,0.0,0.0,0.0
48,1962,930,930,97.31,2.69,0.0,0.0,0.54,0.0,0.0
48,1963,1000,1000,98.0,1.5,0.5,0.0,0.0,0.0,0.0
48,1964,1045,1045,98.09,1.44,0.48,0.0,0.48,0.0,0.0
48,1965,935,935,98.4,1.07,0.0,0.0,1.07,0.0,0.0
48,1966,905,905,98.34,1.1,0.0,0.0,1.66,0.55,0.0
48,1967,830,830,97.59,1.2,0.0,0.0,1.81,0.0,0.0
48,1968,835,835,98.8,1.2,0.0,0.0,0.6,0.0,0.0
48,1969,885,885,97.74,1.69,0.56,0.0,0.56,0.0,0.0
48,1970,780,780,99.36,0.64,0.0,0.0,0.64,0.0,0.0
48,1971,790,790,97.47,0.63,0.0,1.27,1.9,0.0,0.0
48,1972,785,785,97.45,1.27,0.0,1.27,1.27,0.0,0.0
48,1973,780,780,95.51,1.92,0.64,1.92,0.0,0.0,0.0
48,1974,670,670,93.28,2.99,0.75,2.24,1.49,0.0,0.0
48,1975,625,625,93.6,3.2,0.8,2.4,0.8,0.0,0.0
48,1976,565,565,95.58,2.65,0.88,0.88,0.88,0.0,0.0
48,1977,520,520,90.38,6.73,0.0,2.88,0.96,0.0,0.0
48,1978,500,500,94.0,4.0,0.0,2.0,1.0,0.0,0.0
48,1979,600,600,91.67,5.83,0.83,0.83,2.5,0.0,0.0
48,1980,585,585,90.6,6.84,0.0,1.71,1.71,0.0,0.0
48,1981,535,535,88.79,7.48,0.0,2.8,1.87,0.0,0.0
48,1982,500,500,87.0,8.0,0.0,5.0,1.0,0.0,0.0
48,1983,400,400,86.25,6.25,0.0,5.0,3.75,0.0,0.0
48,1984,350,350,85.71,10.0,0.0,2.86,1.43,0.0,0.0
48,1985,295,295,79.66,10.17,0.0,10.17,0.0,0.0,0.0
48,1986,270,270,85.19,7.41,1.85,5.56,0.0,0.0,0.0
48,1987,290,290,89.66,5.17,0.0,5.17,0.0,0.0,0.0
48,1988,270,270,79.63,12.96,0.0,7.41,0.0,0.0,0.0
48,1989,240,240,79.17,14.58,2.08,4.17,0.0,0.0,0.0
48,1990,235,235,87.23,4.26,0.0,8.51,2.13,0.0,0.0
48,1991,225,225,84.44,6.67,0.0,8.89,0.0,0.0,0.0
48,1992,225,225,88.89,6.67,0.0,4.44,0.0,0.0,0.0
48,1993,185,185,75.68,13.51,2.7,8.11,0.0,0.0,0.0
48,1994,250,250,80.0,10.0,0.0,10.0,0.0,0.0,0.0
48,1995,225,225,77.78,8.89,2.22,11.11,0.0,0.0,0.0
48,1996,300,300,70.0,18.33,1.67,10.0,0.0,0.0,0.0
48,1997,250,250,80.0,12.0,0.0,8.0,0.0,0.0,0.0
48,1998,225,225,77.78,17.78,2.22,2.22,0.0,0.0,0.0
48,1999,215,215,76.74,11.63,2.33,9.3,0.0,0.0,0.0
48,2000,250,250,70.0,14.0,2.0,12.0,2.0,0.0,0.0
48,2001,205,205,75.61,12.2,4.88,7.32,0.0,0.0,0.0
48,2002,240,240,70.83,16.67,0.0,12.5,0.0,0.0,0.0
48,2003,290,290,74.14,13.79,3.45,8.62,0.0,0.0,0.0
48,2004,275,275,74.55,10.91,3.64,9.09,1.82,0.0,0.0
48,2005,235,235,65.96,12.77,2.13,19.15,4.26,0.0,0.0
48,2006,270,270,61.11,11.11,11.11,16.67,0.0,0.0,0.0
48,2007,280,280,69.64,3.57,8.93,17.86,0.0,0.0,0.0
48,2008,275,275,60.0,9.09,7.27,23.64,0.0,0.0,0.0
48,2009,280,280,69.64,8.93,10.71,10.71,3.57,0.0,0.0
48,2010,205,205,53.66,9.76,12.2,24.39,4.88,0.0,0.0
48,2011,185,185,67.57,13.51,5.41,16.22,2.7,0.0,0.0
48,2012,215,215,53.49,9.3,13.95,23.26,4.65,0.0,0.0
48,2013,175,175,48.57,11.43,11.43,28.57,5.71,0.0,0.0
48,2014,185,185,62.16,8.11,13.51,18.92,5.41,0.0,0.0
48,2015,185,185,48.65,13.51,16.22,24.32,5.41,0.0,0.0
48,2016,165,165,63.64,6.06,3.03,30.3,6.06,0.0,0.0
48,2017,170,170,50.0,8.82,11.76,32.35,2.94,0.0,0.0
48,2018,135,135,55.56,7.41,7.41,29.63,7.41,0.0,0.0
48,2019,130,130,53.85,3.85,26.92,19.23,7.69,0.0,0.0
48,2020,110,110,45.45,4.55,13.64,27.27,9.09,0.0,0.0
48,2021,140,140,53.57,3.57,10.71,32.14,10.71,0.0,0.0
48,2022,125,125,44.0,12.0,12.0,32.0,8.0,0.0,0.0
48,2023,90,90,77.78,5.56,5.56,11.11,0.0,0.0,0.0
48,2024,85,85,52.94,0.0,23.53,29.41,11.76,0.0,0.0
49,1900,3995,3995,99.5,0.0,0.0,0.5,0.0,0.0,0.0
49,1901,4640,4640,99.57,0.0,0.0,0.43,0.0,0.0,0.0
49,1902,4695,4695,99.68,0.0,0.0,0.32,0.0,0.0,0.0
49,1903,4815,4815,99.58,0.0,0.0,0.42,0.0,0.0,0.0
49,1904,4875,4875,99.38,0.0,0.0,0.62,0.0,0.0,0.0
49,1905,4885,4885,99.39,0.0,0.0,0.61,0.0,0.0,0.0
49,1906,5215,5215,99.81,0.0,0.0,0.19,0.0,0.0,0.0
49,1907,5180,5180,99.81,0.0,0.0,0.19,0.0,0.0,0.0
49,1908,5180,5180,99.42,0.0,0.0,0.58,0.0,0.0,0.0
49,1909,5575,5575,99.64,0.0,0.0,0.36,0.0,0.0,0.0
49,1910,5515,5515,99.55,0.0,0.0,0.45,0.0,0.0,0.0
49,1911,5600,5600,99.46,0.0,0.0,0.54,0.0,0.0,0.0
49,1912,5865,5865,99.57,0.0,0.0,0.43,0.0,0.0,0.0
49,1913,6195,6195,99.6,0.0,0.0,0.4,0.0,0.0,0.0
49,1914,6050,6050,99.5,0.0,0.0,0.5,0.0,0.0,0.0
49,1915,3880,3880,99.48,0.0,0.0,0.52,0.0,0.0,0.0
49,1916,2860,2860,99.48,0.0,0.0,0.52,0.0,0.0,0.0
49,1917,3050,3050,99.51,0.0,0.0,0.49,0.0,0.0,0.0
49,1918,4080,4080,99.39,0.0,0.0,0.61,0.0,0.0,0.0
49,1919,4240,4240,99.53,0.0,0.0,0.47,0.0,0.0,0.0
49,1920,7350,7350,99.46,0.0,0.0,0.48,0.07,0.0,0.0
49,1921,7000,7000,99.5,0.0,0.0,0.5,0.0,0.0,0.0
49,1922,7060,7060,99.58,0.0,0.0,0.42,0.0,0.0,0.0
49,1923,7380,7380,99.59,0.0,0.0,0.41,0.0,0.0,0.0
49,1924,7120,7120,99.37,0.0,0.0,0.63,0.0,0.0,0.0
49,1925,7315,7315,99.45,0.0,0.0,0.55,0.0,0.0,0.0
49,1926,7235,7235,99.38,0.0,0.14,0.41,0.07,0.0,0.0
49,1927,7105,7105,99.51,0.0,0.0,0.49,0.0,0.0,0.0
49,1928,7410,7410,99.66,0.0,0.0,0.34,0.0,0.0,0.0
49,1929,7345,7345,99.59,0.0,0.0,0.41,0.0,0.0,0.0
49,1930,7565,7565,99.54,0.0,0.0,0.46,0.0,0.0,0.0
49,1931,7475,7475,99.53,0.0,0.0,0.47,0.07,0.0,0.0
49,1932,7675,7675,99.41,0.0,0.2,0.39,0.0,0.0,0.0
49,1933,7370,7370,99.53,0.0,0.14,0.34,0.0,0.0,0.0
49,1934,7455,7455,99.53,0.0,0.13,0.34,0.0,0.0,0.0
49,1935,7215,7215,99.17,0.0,0.28,0.49,0.07,0.0,0.0
49,1936,7155,7155,99.3,0.0,0.35,0.35,0.0,0.0,0.0
49,1937,7265,7265,99.24,0.0,0.34,0.41,0.0,0.0,0.0
49,1938,7040,7040,99.01,0.0,0.57,0.43,0.0,0.0,0.0
49,1939,7400,7400,99.32,0.0,0.34,0.34,0.07,0.0,0.0
49,1940,6990,6990,99.07,0.07,0.64,0.21,0.0,0.0,0.0
49,1941,6335,6335,98.9,0.0,0.79,0.32,0.0,0.0,0.0
49,1942,6980,6980,98.78,0.0,0.86,0.29,0.14,0.0,0.0
49,1943,7865,7865,98.86,0.0,0.7,0.45,0.06,0.0,0.0
49,1944,7925,7925,98.74,0.0,0.69,0.57,0.0,0.0,0.0
49,1945,7590,7590,98.55,0.0,0.79,0.59,0.13,0.0,0.0
49,1946,11525,11525,98.18,0.09,1.04,0.61,0.22,0.0,0.0
49,1947,12010,12010,98.29,0.08,0.96,0.58,0.17,0.0,0.0
49,1948,11925,11925,98.03,0.08,1.13,0.71,0.17,0.0,0.0
49,1949,11890,11890,98.19,0.08,0.97,0.67,0.17,0.0,0.0
49,1950,11645,11645,97.9,0.13,1.03,0.9,0.13,0.0,0.0
49,1951,11160,11160,97.4,0.22,1.34,0.94,0.18,0.0,0.0
49,1952,11490,11490,97.65,0.26,1.04,0.96,0.17,0.0,0.0
49,1953,11250,11250,97.6,0.22,1.11,0.98,0.22,0.0,0.0
49,1954,11145,11145,97.13,0.27,1.26,1.26,0.27,0.0,0.0
49,1955,11285,11285,96.81,0.4,1.37,1.24,0.35,0.0,0.0
49,1956,10910,10910,96.61,0.5,1.24,1.47,0.46,0.0,0.0
49,1957,11175,11175,96.73,0.63,1.07,1.39,0.36,0.0,0.0
49,1958,11015,11015,96.78,0.59,0.82,1.63,0.32,0.05,0.0
49,1959,11515,11515,96.27,0.87,0.78,1.78,0.48,0.0,0.0
49,1960,11140,11140,96.41,0.99,0.76,1.62,0.49,0.0,0.0
49,1961,11665,11665,96.4,0.94,0.56,1.76,0.64,0.0,0.0
49,1962,11500,11500,96.35,0.91,0.78,1.48,0.87,0.04,0.0
49,1963,12115,12115,96.0,1.03,0.62,1.82,1.16,0.0,0.0
49,1964,12225,12225,96.44,0.82,0.61,1.6,1.02,0.04,0.0
49,1965,12120,12120,96.2,0.7,0.74,1.98,0.66,0.04,0.0
49,1966,12190,12190,96.1,0.7,0.74,2.09,0.82,0.0,0.0
49,1967,11910,11910,95.38,0.8,0.67,2.81,0.8,0.0,0.0
49,1968,11615,11615,94.4,1.16,0.65,3.4,0.82,0.04,0.0
49,1969,11805,11805,93.69,1.23,0.76,3.77,1.06,0.21,0.0
49,1970,12075,12075,92.26,1.74,0.91,4.55,0.91,0.0,0.0
49,1971,12180,12180,90.64,2.46,0.7,5.67,1.11,0.12,0.0
49,1972,12250,12250,88.82,2.69,0.69,7.22,1.14,0.16,0.0
49,1973,12650,12650,86.28,3.64,0.75,8.38,1.3,0.24,0.0
49,1974,11855,11855,84.86,4.22,0.84,9.24,1.22,0.13,0.0
49,1975,11240,11240,83.81,4.76,0.71,10.01,1.07,0.13,0.0
49,1976,10655,10655,82.87,5.35,0.47,10.28,1.31,0.19,0.0
49,1977,11185,11185,82.12,5.54,0.67,10.15,1.88,0.13,0.0
49,1978,10845,10845,81.7,6.09,0.65,10.56,1.48,0.09,0.0
49,1979,11280,11280,82.09,6.12,0.53,10.2,1.29,0.13,0.0
49,1980,11900,11900,82.52,5.71,0.46,10.21,1.43,0.25,0.0
49,1981,11860,11860,82.67,5.61,0.55,9.99,1.39,0.17,0.0
49,1982,11490,11490,81.9,6.44,0.44,10.31,1.09,0.22,0.0
49,1983,10295,10295,81.79,5.78,0.49,10.68,1.41,0.15,0.05
49,1984,10455,10455,80.77,7.03,0.43,10.95,0.96,0.1,0.0
49,1985,10700,10700,79.95,6.64,0.7,12.01,0.93,0.09,0.0
49,1986,10470,10470,80.61,7.31,0.76,10.84,0.57,0.05,0.0
49,1987,10115,10115,80.92,7.12,0.84,10.48,0.69,0.05,0.0
49,1988,10035,10035,79.47,8.52,0.9,10.46,0.8,0.05,0.0
49,1989,9615,9615,78.37,9.1,0.88,11.23,0.52,0.1,0.0
49,1990,9590,9590,77.84,8.45,0.99,12.1,0.89,0.05,0.0
49,1991,9265,9265,78.25,7.99,1.35,11.76,0.81,0.0,0.0
49,1992,9035,9035,76.81,8.91,1.6,11.84,1.05,0.06,0.06
49,1993,8565,8565,75.89,8.87,2.39,12.03,1.05,0.0,0.06
49,1994,8670,8670,75.89,8.65,2.77,12.05,1.04,0.06,0.0
49,1995,8965,8965,75.96,8.48,2.57,12.21,1.12,0.0,0.0
49,1996,8720,8720,75.75,7.97,2.52,13.13,1.09,0.11,0.0
49,1997,8880,8880,75.28,7.83,3.1,13.18,1.35,0.0,0.0
49,1998,9015,9015,74.1,7.93,3.55,13.64,1.28,0.06,0.0
49,1999,9155,9155,72.2,8.85,4.64,13.82,1.53,0.05,0.0
49,2000,10115,10115,70.49,8.45,4.79,14.93,2.13,0.3,0.0
49,2001,9890,9890,66.63,8.39,5.86,17.44,2.43,0.15,0.0
49,2002,9445,9445,65.75,8.21,6.19,17.95,2.7,0.16,0.16
49,2003,9505,9505,61.02,8.1,8.0,20.41,3.89,0.26,0.16
49,2004,9315,9315,59.96,7.46,8.43,21.26,4.83,0.21,0.16
49,2005,9340,9340,57.82,6.26,9.8,23.18,5.41,0.27,0.05
49,2006,9515,9515,55.91,6.04,11.09,23.54,5.68,0.21,0.26
49,2007,9255,9255,54.51,5.62,11.45,24.1,6.59,0.54,0.22
49,2008,9070,9070,54.13,5.4,12.95,22.99,7.83,0.44,0.44
49,2009,9065,9065,52.18,5.18,13.24,23.94,8.83,0.55,0.44
49,2010,8910,8910,51.23,5.78,13.47,23.85,9.03,0.79,0.39
49,2011,8650,8650,50.23,5.2,14.39,23.93,9.42,0.58,0.46
49,2012,8395,8395,50.21,5.24,14.65,23.47,10.24,1.01,0.48
49,2013,8305,8305,50.09,5.42,14.87,23.48,9.87,0.78,0.48
49,2014,8105,8105,50.03,5.12,14.31,23.69,11.04,1.67,0.31
49,2015,7845,7840,51.59,4.15,14.03,23.47,10.59,1.08,0.45
49,2016,7505,7505,50.97,4.93,13.79,23.18,10.59,0.93,0.33
49,2017,7310,7310,49.38,4.38,13.61,24.01,11.63,1.23,0.48
49,2018,7260,7260,50.21,4.13,14.39,23.14,11.91,1.93,0.55
49,2019,6895,6895,50.33,4.13,13.56,24.44,11.82,1.81,0.51
49,2020,6910,6910,48.48,4.05,14.76,23.88,12.01,1.59,0.43
49,2021,7050,7050,47.87,4.04,15.6,24.11,12.13,1.84,0.28
49,2022,6880,6880,46.58,3.63,15.55,24.85,13.15,2.33,0.44
49,2023,6395,6395,46.52,3.67,15.64,24.63,13.76,2.11,0.39
49,2024,6365,6365,48.86,3.38,14.45,23.49,13.59,2.51,0.24
50,1900,4025,4025,98.14,0.0,0.12,1.74,0.0,0.0,0.0
50,1901,4365,4365,98.85,0.0,0.11,1.03,0.0,0.0,0.0
50,1902,4525,4525,99.12,0.0,0.0,0.88,0.0,0.0,0.0
50,1903,4940,4940,98.99,0.0,0.0,1.01,0.0,0.0,0.0
50,1904,5160,5160,99.22,0.0,0.0,0.78,0.0,0.0,0.0
50,1905,5415,5415,99.45,0.0,0.0,0.55,0.0,0.0,0.0
50,1906,5220,5220,98.95,0.0,0.1,0.96,0.0,0.0,0.0
50,1907,5510,5510,99.18,0.0,0.09,0.73,0.0,0.0,0.0
50,1908,5750,5750,99.3,0.0,0.0,0.7,0.0,0.0,0.0
50,1909,5875,5875,99.23,0.0,0.17,0.6,0.0,0.0,0.0
50,1910,5990,5990,99.25,0.0,0.0,0.75,0.0,0.0,0.0
50,1911,6040,6040,99.5,0.0,0.0,0.5,0.0,0.0,0.0
50,1912,6115,6115,99.35,0.0,0.0,0.65,0.0,0.0,0.0
50,1913,6215,6215,99.68,0.0,0.0,0.32,0.0,0.0,0.0
50,1914,6250,6250,99.68,0.0,0.0,0.32,0.0,0.0,0.0
50,1915,3990,3990,99.37,0.0,0.13,0.5,0.0,0.0,0.0
50,1916,3515,3515,99.86,0.0,0.0,0.14,0.0,0.0,0.0
50,1917,3845,3845,99.48,0.0,0.0,0.52,0.0,0.0,0.0
50,1918,4810,4810,99.58,0.0,0.0,0.42,0.0,0.0,0.0
50,1919,5025,5025,99.6,0.0,0.0,0.4,0.0,0.0,0.0
50,1920,7930,7930,99.68,0.0,0.06,0.25,0.0,0.0,0.0
50,1921,7620,7620,99.67,0.0,0.0,0.33,0.0,0.0,0.0
50,1922,7175,7175,99.93,0.0,0.0,0.07,0.0,0.0,0.0
50,1923,7735,7735,99.74,0.0,0.13,0.13,0.0,0.0,0.0
50,1924,7730,7730,99.94,0.0,0.0,0.06,0.0,0.0,0.0
50,1925,7790,7790,99.74,0.0,0.0,0.26,0.0,0.0,0.0
50,1926,7605,7605,99.61,0.0,0.0,0.33,0.07,0.0,0.0
50,1927,7840,7840,99.94,0.0,0.0,0.06,0.0,0.0,0.0
50,1928,8045,8045,99.88,0.0,0.0,0.12,0.0,0.0,0.0
50,1929,7810,7810,99.74,0.0,0.0,0.26,0.0,0.0,0.0
50,1930,8225,8225,99.82,0.0,0.0,0.18,0.0,0.0,0.0
50,1931,8245,8245,99.82,0.0,0.0,0.18,0.0,0.0,0.0
50,1932,8360,8360,99.58,0.0,0.0,0.42,0.0,0.0,0.0
50,1933,7925,7925,99.68,0.0,0.0,0.32,0.0,0.0,0.0
50,1934,8245,8245,99.82,0.0,0.0,0.18,0.0,0.0,0.0
50,1935,7755,7755,99.87,0.0,0.0,0.13,0.0,0.0,0.0
50,1936,8070,8070,99.75,0.0,0.06,0.19,0.0,0.0,0.0
50,1937,8045,8045,99.88,0.0,0.0,0.12,0.0,0.0,0.0
50,1938,7690,7690,99.61,0.07,0.13,0.2,0.0,0.0,0.0
50,1939,7575,7575,99.67,0.0,0.07,0.26,0.0,0.0,0.0
50,1940,6620,6620,99.4,0.08,0.23,0.3,0.0,0.0,0.0
50,1941,5545,5545,99.64,0.0,0.18,0.18,0.0,0.0,0.0
50,1942,6030,6030,99.59,0.0,0.08,0.33,0.0,0.0,0.0
50,1943,6795,6795,99.34,0.0,0.15,0.52,0.0,0.0,0.0
50,1944,6775,6775,99.41,0.0,0.07,0.52,0.0,0.0,0.0
50,1945,7100,7100,98.94,0.0,0.21,0.85,0.0,0.0,0.0
50,1946,10320,10320,99.03,0.05,0.39,0.48,0.05,0.0,0.0
50,1947,11105,11105,99.01,0.09,0.45,0.45,0.0,0.0,0.0
50,1948,11170,11170,98.93,0.04,0.45,0.58,0.0,0.0,0.0
50,1949,10925,10925,98.76,0.09,0.46,0.64,0.09,0.0,0.0
50,1950,10380,10380,98.65,0.1,0.58,0.58,0.1,0.0,0.0
50,1951,10180,10180,98.43,0.15,0.69,0.69,0.1,0.0,0.0
50,1952,10235,10235,97.95,0.24,0.83,0.93,0.15,0.05,0.0
50,1953,9795,9795,98.21,0.36,0.61,0.82,0.1,0.0,0.0
50,1954,9880,9880,97.52,0.51,0.91,1.06,0.1,0.0,0.0
50,1955,9735,9735,97.23,0.62,1.03,1.08,0.1,0.0,0.0
50,1956,9600,9600,96.88,0.83,0.94,1.25,0.21,0.0,0.0
50,1957,9660,9660,97.05,0.93,0.88,1.14,0.1,0.0,0.0
50,1958,9305,9305,97.04,0.81,0.97,1.13,0.16,0.0,0.0
50,1959,9240,9240,97.4,0.81,0.87,0.87,0.11,0.0,0.0
50,1960,8885,8885,96.51,1.24,0.79,1.41,0.28,0.0,0.0
50,1961,8740,8740,97.14,1.09,0.74,0.92,0.29,0.0,0.0
50,1962,8575,8575,96.85,1.11,0.76,1.17,0.29,0.0,0.0
50,1963,8670,8670,96.54,1.21,0.81,1.33,0.35,0.0,0.0
50,1964,8560,8560,97.02,1.05,0.58,1.11,0.47,0.06,0.0
50,1965,8505,8505,96.83,1.12,0.71,1.23,0.35,0.0,0.0
50,1966,8305,8305,96.93,0.96,0.66,1.32,0.36,0.0,0.0
50,1967,7955,7955,96.92,1.01,0.82,1.01,0.69,0.0,0.0
50,1968,7670,7670,96.02,0.72,1.04,2.09,0.52,0.0,0.0
50,1969,7595,7595,94.93,0.92,0.92,3.03,0.53,0.0,0.0
50,1970,7225,7225,94.26,1.18,1.04,3.39,0.35,0.0,0.0
50,1971,7385,7385,93.84,1.29,1.08,3.66,0.34,0.0,0.0
50,1972,7245,7245,91.86,1.73,0.76,5.45,0.69,0.0,0.0
50,1973,7275,7275,89.35,2.75,0.96,6.46,0.76,0.0,0.0
50,1974,6540,6540,87.08,3.21,0.69,8.56,0.69,0.0,0.0
50,1975,6235,6235,87.49,3.45,0.96,7.86,0.64,0.0,0.0
50,1976,5785,5785,85.74,4.06,0.95,8.9,0.61,0.0,0.0
50,1977,5930,5930,83.9,5.4,0.76,9.61,0.51,0.0,0.0
50,1978,5860,5860,84.3,4.78,0.68,9.9,0.43,0.0,0.0
50,1979,6335,6335,85.79,4.81,0.47,8.76,0.32,0.0,0.0
50,1980,6605,6605,85.01,5.15,0.61,8.86,0.61,0.08,0.0
50,1981,6615,6615,85.94,5.22,0.53,7.94,0.6,0.08,0.0
50,1982,6265,6265,83.56,6.3,0.48,9.34,0.4,0.08,0.0
50,1983,6035,6035,84.51,5.63,0.5,8.7,0.83,0.17,0.0
50,1984,6130,6130,82.87,6.77,0.41,9.38,0.73,0.08,0.0
50,1985,6105,6105,82.23,5.9,0.74,10.48,0.74,0.08,0.0
50,1986,6265,6265,82.76,6.46,0.56,9.74,0.56,0.0,0.0
50,1987,6190,6190,82.55,6.54,1.05,9.45,0.48,0.0,0.0
50,1988,5850,5850,81.28,7.86,1.28,9.23,0.43,0.0,0.0
50,1989,5885,5885,79.01,8.07,1.19,11.21,0.59,0.08,0.0
50,1990,5420,5420,80.26,8.86,1.66,8.95,0.37,0.0,0.0
50,1991,5480,5480,77.46,8.58,1.46,12.23,0.55,0.09,0.0
50,1992,5445,5445,77.23,9.09,2.02,11.57,0.28,0.09,0.0
50,1993,4960,4960,75.91,9.78,2.32,11.9,0.3,0.0,0.0
50,1994,5030,5030,77.63,9.05,2.39,10.83,0.1,0.0,0.0
50,1995,4990,4990,77.05,8.62,2.91,11.42,0.0,0.0,0.0
50,1996,4885,4885,76.66,8.9,3.48,11.05,0.2,0.0,0.0
50,1997,4715,4715,76.03,8.06,3.29,12.51,0.64,0.0,0.0
50,1998,4740,4740,76.58,9.6,2.64,11.29,0.32,0.0,0.0
50,1999,4795,4795,74.77,8.34,3.23,13.66,0.63,0.1,0.0
50,2000,4675,4675,71.76,9.95,4.17,13.9,0.75,0.11,0.0
50,2001,4580,4580,70.09,9.17,4.59,15.94,1.09,0.0,0.0
50,2002,4540,4540,66.63,9.58,6.17,17.73,1.32,0.0,0.0
50,2003,4380,4380,64.61,9.7,5.94,18.95,1.94,0.0,0.0
50,2004,4320,4320,63.54,8.68,6.02,20.72,2.55,0.12,0.23
50,2005,4410,4410,57.6,7.94,8.96,24.04,3.17,0.0,0.0
50,2006,4170,4170,59.35,7.19,9.23,22.42,3.12,0.0,0.24
50,2007,4115,4115,57.59,6.2,9.72,24.79,3.89,0.12,0.0
50,2008,4230,4230,54.96,6.26,12.06,24.35,5.08,0.24,0.47
50,2009,3985,3985,54.71,6.65,12.55,23.21,4.89,0.38,0.38
50,2010,3995,3995,50.56,7.01,13.39,26.41,4.38,0.13,0.5
50,2011,3875,3875,51.87,5.81,13.16,25.42,6.71,0.39,0.52
50,2012,3980,3980,52.64,6.66,14.2,23.87,5.9,0.5,0.25
50,2013,3895,3895,51.99,5.91,15.15,23.11,7.06,1.03,0.64
50,2014,3710,3710,52.29,6.06,15.23,23.05,6.33,0.67,0.94
50,2015,3705,3705,54.39,5.13,14.57,23.48,6.48,0.67,0.4
50,2016,3350,3350,55.22,5.52,13.28,23.43,4.93,0.45,0.9
50,2017,3320,3320,53.31,5.57,13.1,24.4,6.93,0.75,0.3
50,2018,3080,3080,56.33,6.01,11.36,22.08,5.52,1.3,0.65
50,2019,3120,3120,55.61,5.13,14.26,22.44,5.13,0.8,0.32
50,2020,3090,3090,53.72,5.02,16.5,22.33,5.5,1.13,0.16
50,2021,3205,3205,53.35,4.68,14.51,24.49,5.62,0.62,0.62
50,2022,3130,3130,53.19,3.99,16.29,23.32,6.07,0.8,0.48
50,2023,2780,2780,50.18,3.96,16.37,25.54,6.47,0.36,0.36
50,2024,2755,2755,54.08,3.63,16.33,22.69,5.63,0.36,0.36
51,1900,3850,3850,98.83,0.0,0.0,1.17,0.0,0.0,0.0
51,1901,4400,4400,99.09,0.0,0.11,0.8,0.0,0.0,0.0
51,1902,4595,4595,99.02,0.0,0.0,0.98,0.0,0.0,0.0
51,1903,4540,4540,99.12,0.0,0.11,0.77,0.0,0.0,0.0
51,1904,4685,4685,99.15,0.0,0.0,0.85,0.0,0.0,0.0
51,1905,4705,4705,99.04,0.0,0.0,0.96,0.0,0.0,0.0
51,1906,4940,4940,98.99,0.0,0.0,1.01,0.0,0.0,0.0
51,1907,5095,5095,99.21,0.0,0.0,0.79,0.0,0.0,0.0
51,1908,5080,5080,98.82,0.0,0.0,1.18,0.0,0.0,0.0
51,1909,5190,5190,98.94,0.0,0.1,0.96,0.0,0.0,0.0
51,1910,5185,5185,99.04,0.0,0.0,0.96,0.0,0.0,0.0
51,1911,4910,4910,99.08,0.0,0.1,0.81,0.1,0.0,0.0
51,1912,5290,5290,99.05,0.0,0.0,0.85,0.09,0.0,0.0
51,1913,5430,5430,99.36,0.0,0.0,0.64,0.0,0.0,0.0
51,1914,4980,4980,99.1,0.0,0.0,0.9,0.0,0.0,0.0
51,1915,2840,2840,99.3,0.0,0.0,0.7,0.0,0.0,0.0
51,1916,2485,2485,99.2,0.0,0.0,0.8,0.0,0.0,0.0
51,1917,2290,2290,99.56,0.0,0.0,0.44,0.0,0.0,0.0
51,1918,2040,2040,100.0,0.0,0.0,0.0,0.0,0.0,0.0
51,1919,2875,2875,99.65,0.0,0.0,0.35,0.0,0.0,0.0
51,1920,5800,5800,99.31,0.0,0.09,0.6,0.09,0.0,0.0
51,1921,5920,5920,99.24,0.0,0.08,0.68,0.08,0.0,0.0
51,1922,6185,6185,99.11,0.08,0.08,0.73,0.08,0.0,0.0
51,1923,6445,6445,99.15,0.0,0.0,0.85,0.0,0.0,0.0
51,1924,6750,6750,98.52,0.07,0.07,1.33,0.15,0.0,0.0
51,1925,6780,6780,99.26,0.0,0.0,0.74,0.0,0.0,0.0
51,1926,6660,6660,99.32,0.0,0.0,0.68,0.0,0.0,0.0
51,1927,6395,6395,98.83,0.0,0.0,1.09,0.08,0.0,0.0
51,1928,6450,6450,99.15,0.0,0.08,0.7,0.16,0.0,0.0
51,1929,6365,6365,99.14,0.0,0.08,0.79,0.0,0.0,0.0
51,1930,6735,6735,99.18,0.0,0.07,0.74,0.0,0.0,0.0
51,1931,6590,6590,98.94,0.0,0.15,0.91,0.0,0.0,0.0
51,1932,6365,6365,99.37,0.0,0.08,0.55,0.0,0.0,0.0
51,1933,6175,6175,99.03,0.08,0.24,0.65,0.0,0.0,0.0
51,1934,6405,6405,98.83,0.0,0.39,0.7,0.08,0.0,0.0
51,1935,6095,6095,98.69,0.0,0.49,0.74,0.08,0.0,0.0
51,1936,5990,5990,98.5,0.08,0.67,0.67,0.17,0.0,0.0
51,1937,5970,5970,98.58,0.17,0.84,0.42,0.0,0.0,0.0
51,1938,6040,6040,98.59,0.08,0.66,0.58,0.08,0.0,0.0
51,1939,5845,5845,97.52,0.17,1.11,1.11,0.09,0.0,0.0
51,1940,4540,4540,98.13,0.11,0.88,0.77,0.11,0.0,0.0
51,1941,4565,4565,97.59,0.22,1.42,0.77,0.0,0.0,0.0
51,1942,5055,5055,97.82,0.2,1.29,0.69,0.0,0.0,0.0
51,1943,5600,5600,97.77,0.09,1.07,0.98,0.18,0.0,0.0
51,1944,6200,6200,97.5,0.24,1.21,0.89,0.16,0.0,0.0
51,1945,6090,6090,96.47,0.41,1.72,1.31,0.16,0.0,0.0
51,1946,9485,9485,96.52,0.37,1.79,1.16,0.21,0.0,0.0
51,1947,9035,9035,96.73,0.39,1.77,0.94,0.17,0.0,0.0
51,1948,9095,9095,97.09,0.44,1.43,0.82,0.27,0.0,0.0
51,1949,9425,9425,96.92,0.58,1.43,0.9,0.21,0.0,0.0
51,1950,9175,9175,97.22,0.49,1.2,0.87,0.27,0.0,0.0
51,1951,9000,9000,97.06,0.67,1.33,0.78,0.28,0.0,0.0
51,1952,8910,8910,96.86,0.9,1.18,0.84,0.45,0.0,0.0
51,1953,8790,8790,97.27,0.8,1.08,0.63,0.4,0.0,0.0
51,1954,8640,8640,97.4,0.98,0.81,0.64,0.41,0.0,0.0
51,1955,8565,8565,96.56,0.93,1.05,1.11,0.58,0.0,0.0
51,1956,8460,8460,96.99,0.95,0.89,0.95,0.41,0.0,0.0
51,1957,8435,8435,97.04,0.95,0.77,0.95,0.47,0.0,0.0
51,1958,8420,8420,97.09,1.01,0.53,1.19,0.42,0.0,0.0
51,1959,8510,8510,96.83,1.0,0.59,1.18,0.71,0.06,0.0
51,1960,8480,8480,97.11,0.94,0.29,1.3,0.47,0.06,0.0
51,1961,8320,8320,96.88,0.96,0.6,1.14,0.66,0.0,0.0
51,1962,8170,8170,97.25,0.86,0.24,1.1,0.86,0.06,0.0
51,1963,8620,8620,97.04,0.75,0.41,1.28,0.87,0.06,0.0
51,1964,8395,8395,96.84,0.71,0.42,1.31,0.95,0.0,0.0
51,1965,8980,8980,96.55,0.56,0.45,1.67,1.0,0.11,0.0
51,1966,8905,8905,96.63,0.62,0.39,1.4,1.18,0.22,0.0
51,1967,8765,8765,95.84,0.63,0.51,2.0,1.37,0.17,0.0
51,1968,8860,8860,94.92,0.85,0.68,2.03,1.81,0.23,0.0
51,1969,8840,8840,94.51,0.96,0.51,2.77,1.47,0.17,0.0
51,1970,9255,9255,93.14,1.13,1.13,3.35,1.62,0.32,0.0
51,1971,9795,9795,92.14,1.53,0.46,4.34,1.94,0.26,0.0
51,1972,9710,9710,90.68,2.32,0.62,5.05,1.75,0.21,0.0
51,1973,9760,9760,88.88,2.87,0.72,5.99,1.84,0.36,0.0
51,1974,8995,8995,87.05,3.22,1.0,6.89,2.06,0.28,0.0
51,1975,8360,8360,86.42,4.31,0.6,6.76,2.15,0.42,0.0
51,1976,7940,7940,84.32,4.91,0.63,7.93,2.52,0.38,0.0
51,1977,8180,8180,81.66,6.54,1.04,8.92,1.96,0.37,0.0
51,1978,8300,8300,80.66,6.45,1.08,8.73,3.31,0.54,0.0
51,1979,8415,8415,80.27,6.65,1.07,9.57,2.61,0.42,0.0
51,1980,8895,8895,80.33,6.63,0.73,9.16,3.49,0.67,0.0
51,1981,8895,8895,78.58,7.64,0.51,10.23,3.26,0.45,0.0
51,1982,8705,8705,78.23,7.64,0.63,10.57,3.04,0.4,0.0
51,1983,7945,7945,77.6,7.87,0.5,11.33,2.89,0.44,0.0
51,1984,8190,8190,75.27,8.42,0.79,12.7,2.93,0.37,0.0
51,1985,8025,8025,75.51,8.16,0.75,13.15,2.55,0.31,0.0
51,1986,8315,8315,76.55,8.12,1.02,12.39,2.04,0.3,0.0
51,1987,7900,7900,75.89,7.85,1.2,12.85,2.47,0.25,0.0
51,1988,7880,7880,74.68,10.09,1.4,12.18,1.78,0.13,0.0
51,1989,7910,7910,73.7,9.29,1.33,13.97,1.9,0.13,0.0
51,1990,7435,7435,72.49,9.21,2.15,14.32,2.02,0.07,0.0
51,1991,7170,7170,73.22,8.3,2.23,14.71,2.02,0.14,0.0
51,1992,7025,7025,71.17,9.04,1.99,15.09,2.92,0.57,0.0
51,1993,6665,6665,71.57,9.6,2.78,14.4,1.8,0.15,0.08
51,1994,6455,6455,71.73,7.98,3.18,14.87,2.56,0.23,0.0
51,1995,6640,6640,73.19,8.28,3.16,13.93,2.18,0.15,0.0
51,1996,6530,6530,71.36,8.19,3.52,15.08,2.45,0.08,0.0
51,1997,6310,6310,73.53,8.48,3.09,13.23,2.06,0.0,0.0
51,1998,6660,6660,71.92,8.78,3.53,14.04,2.33,0.3,0.0
51,1999,6610,6610,70.12,9.38,4.08,14.6,2.72,0.3,0.0
51,2000,6870,6870,69.51,9.02,4.44,14.99,3.13,0.29,0.0
51,2001,6845,6845,67.2,9.06,5.11,16.0,3.51,0.37,0.07
51,2002,6540,6540,63.69,9.86,5.28,18.35,3.82,0.23,0.0
51,2003,6320,6320,63.61,8.31,7.04,17.64,4.91,0.16,0.08
51,2004,6290,6290,59.62,7.15,7.39,22.42,5.56,0.56,0.16
51,2005,6420,6420,57.55,6.93,8.18,23.29,6.78,0.39,0.08
51,2006,6420,6420,55.69,6.07,8.64,24.07,7.63,0.7,0.16
51,2007,6070,6070,54.45,6.01,10.46,23.06,8.4,0.41,0.25
51,2008,6225,6225,51.97,5.94,11.24,23.69,10.28,0.56,0.4
51,2009,6070,6070,51.24,5.6,12.44,23.97,9.97,0.58,0.16
51,2010,6245,6245,48.52,6.0,11.85,24.74,11.45,0.8,0.24
51,2011,5920,5920,50.84,5.07,13.01,23.48,11.32,0.76,0.34
51,2012,5800,5800,50.52,5.17,13.28,23.62,11.47,0.69,0.34
51,2013,5785,5785,47.54,5.45,13.66,24.46,13.14,1.12,0.35
51,2014,5380,5380,48.42,5.67,12.27,24.81,12.55,1.39,0.46
51,2015,4990,4990,49.5,4.81,11.22,24.85,13.33,1.4,0.3
51,2016,4910,4910,50.31,4.99,11.61,23.83,13.54,1.32,0.41
51,2017,4655,4655,49.52,4.4,12.89,23.09,14.07,2.04,0.43
51,2018,4710,4710,50.64,4.03,11.89,22.29,14.86,1.59,0.32
51,2019,4455,4455,47.59,4.83,13.92,23.79,14.81,1.35,0.34
51,2020,4480,4480,47.54,4.13,14.29,23.21,15.29,1.45,0.33
51,2021,4570,4570,49.56,3.72,13.46,24.29,12.91,1.31,0.22
51,2022,4380,4380,45.78,3.54,14.84,25.46,14.61,1.71,0.46
51,2023,3760,3760,46.54,3.72,13.83,25.66,14.89,1.33,0.4
51,2024,3725,3725,49.26,3.22,13.15,22.15,16.38,1.48,0.13
52,1900,1810,1810,99.72,0.0,0.0,0.28,0.0,0.0,0.0
52,1901,1975,1975,98.99,0.0,0.0,1.01,0.0,0.0,0.0
52,1902,2100,2100,99.76,0.0,0.0,0.24,0.0,0.0,0.0
52,1903,1960,1960,100.0,0.0,0.0,0.0,0.0,0.0,0.0
52,1904,2025,2025,99.26,0.0,0.0,0.74,0.0,0.0,0.0
52,1905,2145,2145,99.77,0.0,0.0,0.23,0.0,0.0,0.0
52,1906,2180,2180,99.54,0.0,0.0,0.46,0.0,0.0,0.0
52,1907,2235,2235,99.33,0.0,0.22,0.45,0.0,0.0,0.0
52,1908,2405,2405,100.0,0.0,0.0,0.0,0.0,0.0,0.0
52,1909,2240,2240,99.55,0.0,0.0,0.45,0.0,0.0,0.0
52,1910,2465,2465,99.39,0.0,0.0,0.61,0.0,0.0,0.0
52,1911,2335,2335,99.57,0.0,0.0,0.43,0.0,0.0,0.0
52,1912,2520,2520,99.21,0.0,0.0,0.79,0.0,0.0,0.0
52,1913,2430,2430,99.38,0.0,0.0,0.62,0.0,0.0,0.0
52,1914,2545,2545,99.21,0.0,0.0,0.79,0.0,0.0,0.0
52,1915,1685,1685,99.41,0.0,0.0,0.59,0.0,0.0,0.0
52,1916,1505,1505,99.34,0.0,0.0,0.66,0.0,0.0,0.0
52,1917,1565,1565,99.36,0.0,0.0,0.64,0.0,0.0,0.0
52,1918,1920,1920,100.0,0.0,0.0,0.0,0.0,0.0,0.0
52,1919,1875,1875,100.0,0.0,0.0,0.0,0.0,0.0,0.0
52,1920,2985,2985,99.16,0.0,0.0,0.84,0.0,0.0,0.0
52,1921,2980,2980,99.5,0.0,0.0,0.5,0.0,0.0,0.0
52,1922,2920,2920,99.83,0.0,0.0,0.17,0.0,0.0,0.0
52,1923,2770,2770,99.64,0.0,0.0,0.36,0.0,0.0,0.0
52,1924,2770,2770,99.28,0.0,0.0,0.72,0.0,0.0,0.0
52,1925,2910,2910,99.66,0.0,0.0,0.34,0.0,0.0,0.0
52,1926,2880,2880,99.65,0.0,0.0,0.35,0.0,0.0,0.0
52,1927,2860,2860,99.3,0.0,0.17,0.52,0.17,0.0,0.0
52,1928,2910,2910,99.48,0.0,0.0,0.52,0.0,0.0,0.0
52,1929,2905,2905,99.31,0.0,0.17,0.52,0.17,0.0,0.0
52,1930,3020,3020,99.01,0.0,0.17,0.83,0.0,0.0,0.0
52,1931,3020,3020,99.34,0.0,0.17,0.5,0.0,0.0,0.0
52,1932,2830,2830,98.94,0.0,0.35,0.71,0.0,0.0,0.0
52,1933,2790,2790,99.28,0.0,0.18,0.54,0.0,0.0,0.0
52,1934,2810,2810,98.93,0.0,0.53,0.53,0.0,0.0,0.0
52,1935,2645,2645,98.87,0.19,0.19,0.76,0.0,0.0,0.0
52,1936,2695,2695,98.89,0.0,0.56,0.56,0.0,0.0,0.0
52,1937,2750,2750,98.91,0.0,0.73,0.36,0.0,0.0,0.0
52,1938,2745,2745,98.91,0.0,0.73,0.36,0.0,0.0,0.0
52,1939,2865,2865,98.78,0.0,0.87,0.35,0.0,0.0,0.0
52,1940,2415,2415,99.17,0.0,0.41,0.41,0.0,0.0,0.0
52,1941,2170,2170,98.39,0.0,0.92,0.69,0.0,0.0,0.0
52,1942,2425,2425,98.35,0.0,0.82,0.82,0.0,0.0,0.0
52,1943,2680,2680,97.95,0.37,0.75,0.93,0.0,0.0,0.0
52,1944,2735,2735,97.81,0.37,1.1,0.73,0.0,0.0,0.0
52,1945,2835,2835,97.18,0.35,1.41,1.06,0.0,0.0,0.0
52,1946,4140,4140,97.1,0.36,1.57,0.85,0.24,0.0,0.0
52,1947,4425,4425,96.84,0.34,1.81,1.02,0.11,0.0,0.0
52,1948,4325,4325,96.65,0.69,1.62,1.04,0.12,0.0,0.0
52,1949,4425,4425,96.84,0.45,1.69,1.02,0.0,0.0,0.0
52,1950,4300,4300,96.86,0.7,1.28,1.16,0.23,0.0,0.0
52,1951,4205,4205,96.67,0.71,1.78,0.83,0.12,0.0,0.0
52,1952,4050,4050,96.91,1.11,0.74,1.23,0.12,0.0,0.0
52,1953,4070,4070,97.67,0.74,0.86,0.74,0.12,0.0,0.0
52,1954,4105,4105,97.08,1.1,0.73,1.1,0.12,0.0,0.0
52,1955,3940,3940,96.7,1.02,1.14,1.14,0.25,0.0,0.0
52,1956,4100,4100,96.95,0.85,1.1,1.1,0.24,0.0,0.0
52,1957,3975,3975,96.73,0.88,0.88,1.38,0.13,0.0,0.0
52,1958,4030,4030,97.15,1.12,0.5,0.99,0.37,0.0,0.0
52,1959,4095,4095,97.44,0.61,0.49,1.34,0.37,0.12,0.0
52,1960,4055,4055,96.3,1.6,0.37,1.6,0.25,0.0,0.0
52,1961,4160,4160,96.88,0.84,0.72,1.08,0.84,0.0,0.0
52,1962,4070,4070,95.95,1.6,0.37,1.47,0.98,0.0,0.0
52,1963,4295,4295,96.86,0.81,0.47,1.28,0.93,0.12,0.0
52,1964,4215,4215,97.15,0.95,0.47,1.07,0.71,0.12,0.0
52,1965,4065,4065,97.42,0.86,0.49,0.49,0.98,0.12,0.0
52,1966,4005,4005,97.13,0.75,0.5,0.75,1.37,0.0,0.0
52,1967,3840,3840,97.66,0.39,0.65,0.78,1.04,0.13,0.0
52,1968,3830,3825,96.86,0.65,0.39,1.31,1.05,0.13,0.0
52,1969,3735,3735,95.45,0.54,0.67,2.01,1.61,0.27,0.0
52,1970,3615,3615,96.4,0.83,1.11,1.11,0.69,0.14,0.0
52,1971,3685,3685,94.3,1.76,0.41,1.49,2.31,0.41,0.0
52,1972,3610,3610,92.38,2.91,0.28,2.91,2.08,0.14,0.0
52,1973,3215,3215,90.82,2.95,0.62,4.04,1.87,0.31,0.0
52,1974,3025,3025,90.58,2.81,0.5,3.97,2.31,0.33,0.0
52,1975,2625,2625,86.67,4.0,1.14,5.71,2.48,0.38,0.0
52,1976,2485,2485,85.71,4.83,0.6,7.24,1.81,0.0,0.0
52,1977,2630,2630,84.79,5.7,0.19,6.84,2.66,0.38,0.0
52,1978,2575,2575,83.11,5.83,0.58,7.77,3.11,0.39,0.0
52,1979,2430,2430,80.45,7.61,0.82,8.85,2.67,0.21,0.0
52,1980,2565,2565,81.09,6.43,0.39,9.55,2.73,0.19,0.0
52,1981,2545,2545,78.98,8.06,0.98,9.04,3.14,0.2,0.0
52,1982,2480,2480,80.65,8.06,0.4,9.27,1.81,0.2,0.0
52,1983,2240,2240,76.34,8.26,0.22,12.72,2.68,0.22,0.0
52,1984,2195,2195,77.45,7.29,0.23,13.67,1.59,0.23,0.0
52,1985,2285,2285,75.27,8.32,0.66,13.35,2.41,0.44,0.0
52,1986,2125,2125,76.0,8.24,0.24,13.41,2.12,0.24,0.0
52,1987,2090,2090,75.12,10.29,0.48,13.4,0.96,0.0,0.0
52,1988,2140,2140,73.83,11.21,0.7,13.08,1.4,0.0,0.0
52,1989,2025,2025,70.86,10.86,0.99,15.56,1.98,0.0,0.0
52,1990,1940,1940,75.0,11.08,0.52,12.89,1.29,0.0,0.0
52,1991,1950,1950,72.05,11.79,0.51,14.62,1.03,0.0,0.0
52,1992,1745,1745,67.34,12.03,2.58,17.48,0.57,0.0,0.0
52,1993,1595,1595,69.91,11.6,2.19,16.3,0.94,0.0,0.0
52,1994,1550,1550,68.71,11.29,2.9,15.81,1.29,0.0,0.0
52,1995,1650,1650,72.73,9.39,2.12,14.85,0.91,0.0,0.0
52,1996,1670,1670,73.95,9.28,2.4,14.37,0.0,0.0,0.0
52,1997,1655,1655,70.39,9.67,3.32,16.01,0.6,0.0,0.0
52,1998,1620,1620,72.22,10.19,2.47,14.51,0.93,0.0,0.0
52,1999,1620,1620,70.68,11.73,3.09,13.27,1.23,0.31,0.0
52,2000,1685,1685,68.55,11.57,3.26,15.73,1.19,0.3,0.0
52,2001,1570,1570,69.11,10.19,3.82,17.2,0.64,0.0,0.0
52,2002,1480,1480,63.85,10.14,4.73,19.93,2.36,0.0,0.0
52,2003,1445,1445,59.17,11.42,5.19,22.15,3.46,0.0,0.0
52,2004,1460,1460,54.11,9.93,6.85,26.03,5.14,0.34,0.0
52,2005,1240,1240,51.61,10.08,8.87,25.81,6.05,0.4,0.0
52,2006,1320,1320,53.79,8.33,9.09,26.52,4.55,0.0,0.0
52,2007,1185,1185,50.63,7.59,11.39,27.0,6.75,0.0,0.0
52,2008,1165,1165,49.79,9.01,12.88,25.75,6.01,0.43,0.0
52,2009,1175,1175,45.53,7.66,10.21,31.06,8.94,0.43,0.0
52,2010,1100,1100,48.64,7.73,12.73,28.64,5.91,0.0,0.0
52,2011,1025,1025,50.73,6.34,12.2,26.83,6.34,0.0,0.49
52,2012,1025,1025,44.88,7.32,14.15,26.83,12.2,0.0,0.49
52,2013,1020,1020,45.1,6.37,17.16,27.94,8.33,0.0,0.49
52,2014,1085,1085,44.7,8.29,15.67,27.65,6.91,0.46,0.92
52,2015,1080,1080,42.59,6.94,16.67,28.24,10.65,0.46,0.46
52,2016,930,930,45.16,6.45,14.52,27.42,10.75,0.54,0.54
52,2017,855,855,46.2,5.85,11.7,29.24,11.11,1.75,0.58
52,2018,775,775,40.65,6.45,18.06,29.03,12.9,1.29,0.65
52,2019,760,760,44.08,5.92,17.76,27.63,10.53,0.66,0.0
52,2020,835,835,40.72,7.19,14.97,29.94,11.38,1.8,0.6
52,2021,880,880,43.75,4.55,16.48,29.55,13.64,0.57,0.57
52,2022,750,750,43.33,5.33,18.67,28.0,12.0,2.0,0.0
52,2023,745,745,42.28,4.03,18.79,31.54,8.72,0.67,0.67
52,2024,610,610,42.62,4.1,16.39,30.33,11.48,0.82,0.0
53,1900,2595,2595,99.23,0.0,0.0,0.77,0.0,0.0,0.0
53,1901,3035,3035,99.84,0.0,0.0,0.16,0.0,0.0,0.0
53,1902,3100,3100,99.35,0.0,0.0,0.65,0.0,0.0,0.0
53,1903,3350,3350,99.85,0.0,0.0,0.15,0.0,0.0,0.0
53,1904,3355,3355,99.55,0.0,0.0,0.45,0.0,0.0,0.0
53,1905,3475,3475,99.71,0.0,0.0,0.29,0.0,0.0,0.0
53,1906,3380,3380,99.56,0.0,0.0,0.44,0.0,0.0,0.0
53,1907,3485,3485,99.86,0.0,0.0,0.14,0.0,0.0,0.0
53,1908,3745,3745,99.33,0.0,0.0,0.67,0.0,0.0,0.0
53,1909,3855,3855,99.61,0.0,0.0,0.39,0.0,0.0,0.0
53,1910,3955,3955,99.75,0.0,0.0,0.25,0.0,0.0,0.0
53,1911,3545,3545,99.72,0.0,0.0,0.28,0.0,0.0,0.0
53,1912,4065,4065,99.88,0.0,0.0,0.12,0.0,0.0,0.0
53,1913,4260,4260,99.77,0.0,0.0,0.23,0.0,0.0,0.0
53,1914,4060,4060,99.63,0.0,0.0,0.37,0.0,0.0,0.0
53,1915,2550,2550,99.8,0.0,0.0,0.2,0.0,0.0,0.0
53,1916,1850,1850,100.0,0.0,0.0,0.0,0.0,0.0,0.0
53,1917,2100,2100,99.76,0.0,0.0,0.24,0.0,0.0,0.0
53,1918,2690,2690,100.0,0.0,0.0,0.0,0.0,0.0,0.0
53,1919,2840,2840,99.82,0.0,0.0,0.18,0.0,0.0,0.0
53,1920,4770,4770,99.69,0.0,0.0,0.31,0.0,0.0,0.0
53,1921,4375,4375,99.77,0.0,0.0,0.23,0.0,0.0,0.0
53,1922,4530,4530,99.67,0.0,0.0,0.33,0.0,0.0,0.0
53,1923,4435,4435,99.66,0.0,0.0,0.34,0.0,0.0,0.0
53,1924,4500,4500,99.67,0.0,0.0,0.33,0.0,0.0,0.0
53,1925,4565,4565,99.89,0.0,0.0,0.11,0.0,0.0,0.0
53,1926,4415,4415,99.77,0.0,0.0,0.23,0.0,0.0,0.0
53,1927,4520,4520,99.78,0.0,0.0,0.22,0.0,0.0,0.0
53,1928,4705,4705,99.79,0.0,0.0,0.21,0.0,0.0,0.0
53,1929,4435,4435,99.77,0.0,0.0,0.23,0.0,0.0,0.0
53,1930,4620,4620,99.78,0.0,0.0,0.22,0.0,0.0,0.0
53,1931,4525,4525,99.89,0.0,0.0,0.11,0.0,0.0,0.0
53,1932,4770,4770,99.9,0.0,0.0,0.1,0.0,0.0,0.0
53,1933,4565,4565,99.89,0.0,0.0,0.11,0.0,0.0,0.0
53,1934,4395,4395,99.89,0.0,0.0,0.11,0.0,0.0,0.0
53,1935,4275,4275,100.0,0.0,0.0,0.0,0.0,0.0,0.0
53,1936,4220,4220,100.0,0.0,0.0,0.0,0.0,0.0,0.0
53,1937,4215,4215,99.88,0.0,0.0,0.12,0.0,0.0,0.0
53,1938,4070,4070,100.0,0.0,0.0,0.0,0.0,0.0,0.0
53,1939,4020,4020,99.88,0.0,0.12,0.0,0.0,0.0,0.0
53,1940,3900,3900,99.74,0.13,0.0,0.13,0.0,0.0,0.0
53,1941,3150,3150,99.52,0.0,0.32,0.16,0.0,0.0,0.0
53,1942,3560,3560,99.72,0.0,0.14,0.14,0.0,0.0,0.0
53,1943,3950,3950,99.49,0.0,0.25,0.25,0.0,0.0,0.0
53,1944,4125,4125,99.76,0.0,0.24,0.0,0.0,0.0,0.0
53,1945,3865,3865,99.61,0.13,0.26,0.0,0.0,0.0,0.0
53,1946,5615,5615,99.73,0.0,0.09,0.18,0.0,0.0,0.0
53,1947,5860,5860,99.49,0.09,0.26,0.17,0.0,0.0,0.0
53,1948,6045,6045,99.26,0.0,0.58,0.17,0.0,0.0,0.0
53,1949,5790,5790,99.14,0.0,0.6,0.26,0.0,0.0,0.0
53,1950,5550,5550,99.64,0.0,0.27,0.09,0.0,0.0,0.0
53,1951,5445,5445,99.17,0.09,0.55,0.18,0.0,0.0,0.0
53,1952,5220,5220,99.04,0.1,0.67,0.19,0.1,0.0,0.0
53,1953,4980,4980,99.1,0.1,0.6,0.2,0.0,0.0,0.0
53,1954,5045,5045,99.11,0.1,0.5,0.3,0.0,0.0,0.0
53,1955,4720,4720,98.52,0.21,0.74,0.53,0.11,0.0,0.0
53,1956,4700,4700,98.19,0.32,1.06,0.43,0.0,0.0,0.0
53,1957,4750,4750,98.0,0.42,0.63,0.84,0.11,0.0,0.0
53,1958,4530,4530,98.12,0.44,0.55,0.77,0.22,0.0,0.0
53,1959,4685,4685,97.97,0.32,0.75,0.85,0.21,0.0,0.0
53,1960,4595,4595,97.61,0.76,0.65,0.87,0.33,0.0,0.0
53,1961,4490,4490,98.0,0.56,0.67,0.78,0.22,0.0,0.0
53,1962,4385,4385,97.83,0.8,0.46,0.8,0.34,0.0,0.0
53,1963,4380,4380,98.17,0.68,0.23,0.68,0.46,0.0,0.0
53,1964,4385,4385,97.38,0.8,0.57,1.03,0.46,0.0,0.0
53,1965,4290,4290,97.32,0.58,0.82,1.17,0.35,0.0,0.0
53,1966,4250,4250,97.18,0.82,0.71,1.18,0.24,0.0,0.0
53,1967,4170,4170,97.24,0.72,0.72,1.2,0.36,0.0,0.0
53,1968,4120,4120,96.0,0.97,0.73,2.06,0.36,0.0,0.0
53,1969,4240,4240,94.93,0.83,0.94,2.95,0.47,0.0,0.0
53,1970,4215,4215,94.9,1.07,0.95,2.73,0.59,0.0,0.0
53,1971,4355,4355,92.19,1.84,0.8,4.94,0.57,0.11,0.0
53,1972,4395,4395,88.85,2.39,1.48,7.05,0.68,0.0,0.0
53,1973,4235,4235,87.72,3.07,0.71,7.67,1.18,0.12,0.0
53,1974,4015,4015,86.43,3.36,0.62,9.09,0.75,0.12,0.0
53,1975,3935,3935,85.64,4.07,0.89,8.89,0.64,0.13,0.0
53,1976,3705,3705,85.02,5.13,0.4,8.91,0.67,0.13,0.0
53,1977,3595,3595,83.03,5.84,0.42,9.87,1.11,0.0,0.0
53,1978,3645,3645,82.99,6.04,0.82,9.47,1.23,0.14,0.0
53,1979,3730,3730,83.38,6.57,0.4,9.12,0.8,0.13,0.0
53,1980,3845,3845,84.53,5.33,0.39,9.1,0.78,0.13,0.0
53,1981,3790,3790,82.72,6.6,0.92,9.37,0.66,0.0,0.0
53,1982,3520,3520,82.81,6.39,0.43,9.94,0.57,0.14,0.0
53,1983,3185,3185,84.77,5.81,0.31,8.63,0.78,0.16,0.0
53,1984,3130,3130,83.39,7.19,0.48,8.79,0.32,0.0,0.0
53,1985,3075,3075,81.95,7.48,0.49,9.76,0.49,0.16,0.0
53,1986,3000,3000,83.33,6.83,0.33,9.0,0.5,0.0,0.0
53,1987,2975,2975,82.86,8.24,0.17,8.24,0.67,0.17,0.0
53,1988,2885,2885,81.8,9.01,0.52,8.67,0.17,0.0,0.0
53,1989,2790,2790,80.29,10.22,0.72,8.42,0.54,0.0,0.0
53,1990,2710,2710,78.23,10.33,1.29,9.96,0.37,0.18,0.0
53,1991,2700,2700,80.93,10.19,0.93,7.78,0.19,0.19,0.0
53,1992,2530,2530,80.04,8.89,1.58,9.49,0.2,0.0,0.0
53,1993,2470,2470,78.95,9.92,2.02,8.7,0.61,0.0,0.0
53,1994,2410,2410,79.25,9.13,2.07,9.96,0.41,0.0,0.0
53,1995,2640,2640,75.19,10.42,3.41,10.98,0.0,0.0,0.0
53,1996,2755,2755,78.4,10.34,2.18,9.07,0.18,0.0,0.0
53,1997,2530,2530,76.28,8.5,2.96,12.06,0.59,0.0,0.0
53,1998,2715,2715,76.8,8.1,2.76,12.15,1.47,0.0,0.0
53,1999,2825,2825,71.5,10.27,4.96,13.1,0.88,0.0,0.0
53,2000,3105,3105,71.34,8.86,4.67,14.98,0.64,0.16,0.0
53,2001,2910,2910,69.76,9.45,5.67,14.26,1.2,0.0,0.0
53,2002,2855,2855,64.97,8.93,5.25,18.91,3.33,0.7,0.0
53,2003,2720,2720,61.21,9.56,7.54,19.85,4.04,0.92,0.0
53,2004,2685,2685,59.22,8.38,8.94,21.97,4.28,0.56,0.0
53,2005,2760,2760,58.51,7.61,8.33,23.55,4.53,0.36,0.0
53,2006,2765,2765,55.88,6.69,11.75,22.06,6.15,0.54,0.36
53,2007,2545,2545,55.01,6.68,11.2,25.15,4.32,0.2,0.2
53,2008,2655,2655,54.99,6.03,12.43,22.41,6.4,0.56,0.56
53,2009,2520,2520,52.18,5.56,12.7,24.6,7.34,0.6,0.79
53,2010,2585,2585,48.94,6.58,16.83,23.02,7.54,0.77,0.58
53,2011,2270,2270,52.2,5.73,14.1,24.45,8.59,0.66,0.0
53,2012,2260,2260,55.09,5.09,15.04,21.68,7.3,0.66,0.44
53,2013,2270,2270,50.66,5.51,14.76,23.13,8.15,0.66,1.54
53,2014,2090,2090,52.39,5.74,15.07,22.01,7.18,1.2,0.72
53,2015,1990,1990,53.27,4.77,13.82,22.36,9.55,1.26,0.5
53,2016,1845,1845,55.01,5.42,12.74,21.68,8.94,0.81,0.54
53,2017,1715,1715,52.19,4.96,12.83,24.78,7.87,1.17,0.58
53,2018,1685,1685,52.82,5.64,11.57,23.15,10.09,1.78,0.59
53,2019,1655,1655,52.87,3.93,13.29,23.56,9.67,1.81,0.3
53,2020,1640,1640,50.91,5.18,13.72,21.95,11.89,1.83,0.61
53,2021,1635,1635,50.15,4.28,16.21,22.63,11.01,3.67,0.0
53,2022,1620,1620,49.38,4.63,14.2,23.15,9.57,3.7,0.93
53,2023,1490,1490,47.99,3.36,14.09,23.15,14.43,4.03,0.67
53,2024,1425,1425,50.53,3.86,10.88,24.91,12.63,4.21,0.35
54,1900,4625,4625,98.81,0.0,0.0,1.19,0.0,0.0,0.0
54,1901,5120,5120,99.22,0.0,0.0,0.78,0.0,0.0,0.0
54,1902,5330,5330,99.06,0.0,0.0,0.94,0.0,0.0,0.0
54,1903,5435,5435,99.17,0.0,0.09,0.74,0.09,0.0,0.0
54,1904,5660,5660,98.94,0.0,0.09,0.97,0.09,0.0,0.0
54,1905,6090,6090,99.26,0.0,0.08,0.66,0.08,0.0,0.0
54,1906,6390,6390,99.22,0.0,0.0,0.78,0.0,0.0,0.0
54,1907,6685,6685,99.18,0.0,0.0,0.82,0.0,0.0,0.0
54,1908,7020,7020,98.72,0.0,0.07,1.21,0.07,0.0,0.0
54,1909,7265,7265,98.55,0.07,0.0,1.38,0.07,0.07,0.0
54,1910,7635,7635,98.36,0.07,0.07,1.51,0.07,0.0,0.0
54,1911,7485,7485,98.46,0.0,0.07,1.47,0.07,0.0,0.0
54,1912,8320,8320,97.78,0.0,0.06,2.16,0.12,0.06,0.0
54,1913,8380,8380,97.55,0.0,0.12,2.33,0.12,0.06,0.0
54,1914,7470,7470,97.59,0.07,0.33,2.01,0.13,0.0,0.0
54,1915,3615,3615,99.31,0.0,0.14,0.55,0.14,0.0,0.0
54,1916,3050,3050,99.84,0.0,0.0,0.16,0.0,0.0,0.0
54,1917,2910,2910,99.66,0.0,0.0,0.34,0.0,0.0,0.0
54,1918,2795,2795,100.0,0.0,0.0,0.0,0.0,0.0,0.0
54,1919,4080,4080,99.63,0.0,0.0,0.37,0.0,0.0,0.0
54,1920,8005,8005,99.19,0.0,0.06,0.75,0.06,0.0,0.0
54,1921,8585,8585,98.37,0.0,0.0,1.63,0.0,0.0,0.0
54,1922,7940,7940,98.05,0.0,0.13,1.83,0.06,0.0,0.0
54,1923,8835,8835,96.21,0.06,0.23,3.51,0.11,0.0,0.0
54,1924,8965,8965,95.26,0.0,0.11,4.63,0.11,0.06,0.0
54,1925,9480,9480,95.25,0.0,0.21,4.54,0.26,0.05,0.0
54,1926,9635,9635,94.45,0.1,0.1,5.35,0.16,0.05,0.0
54,1927,9730,9730,94.96,0.1,0.26,4.68,0.21,0.05,0.0
54,1928,9790,9790,94.84,0.0,0.15,5.01,0.1,0.0,0.0
54,1929,9585,9585,95.51,0.05,0.05,4.28,0.21,0.05,0.0
54,1930,10400,10395,95.43,0.05,0.19,4.28,0.19,0.05,0.0
54,1931,10340,10340,95.6,0.0,0.15,4.11,0.24,0.05,0.0
54,1932,10275,10275,96.01,0.0,0.24,3.75,0.19,0.0,0.0
54,1933,9425,9425,97.19,0.0,0.05,2.76,0.05,0.0,0.0
54,1934,9490,9490,97.52,0.11,0.21,2.11,0.21,0.05,0.0
54,1935,8620,8620,98.03,0.0,0.17,1.8,0.06,0.0,0.0
54,1936,8785,8785,98.29,0.0,0.23,1.48,0.06,0.0,0.0
54,1937,8980,8980,98.33,0.06,0.22,1.39,0.06,0.0,0.0
54,1938,9295,9295,98.55,0.0,0.32,1.08,0.11,0.0,0.0
54,1939,8515,8515,98.71,0.06,0.23,0.94,0.06,0.0,0.0
54,1940,6470,6470,99.0,0.15,0.23,0.54,0.23,0.0,0.0
54,1941,5140,5140,98.83,0.0,0.29,0.78,0.1,0.0,0.0
54,1942,6590,6590,99.47,0.0,0.23,0.3,0.08,0.0,0.0
54,1943,6845,6845,99.27,0.07,0.15,0.44,0.07,0.0,0.0
54,1944,7905,7905,98.99,0.06,0.38,0.57,0.06,0.0,0.0
54,1945,8430,8430,99.05,0.18,0.3,0.47,0.0,0.0,0.0
54,1946,13280,13280,98.83,0.19,0.38,0.56,0.08,0.0,0.0
54,1947,13385,13385,98.99,0.15,0.41,0.41,0.07,0.0,0.0
54,1948,13120,13120,98.7,0.15,0.3,0.72,0.19,0.0,0.0
54,1949,13620,13620,98.72,0.22,0.33,0.62,0.18,0.0,0.0
54,1950,13535,13535,98.49,0.18,0.33,0.85,0.26,0.0,0.0
54,1951,13020,13020,98.35,0.35,0.46,0.69,0.19,0.0,0.0
54,1952,13210,13210,98.18,0.38,0.42,0.79,0.3,0.04,0.0
54,1953,13125,13120,98.06,0.5,0.27,0.8,0.5,0.15,0.0
54,1954,13515,13515,97.74,0.55,0.3,1.04,0.44,0.04,0.0
54,1955,13365,13365,97.34,0.86,0.34,0.94,0.71,0.11,0.0
54,1956,13140,13140,97.34,0.65,0.27,1.33,0.61,0.11,0.0
54,1957,13580,13580,96.28,1.03,0.41,1.77,0.74,0.11,0.0
54,1958,13320,13315,95.57,1.09,0.26,2.37,0.86,0.11,0.0
54,1959,13530,13530,96.19,0.89,0.26,2.03,0.85,0.15,0.0
54,1960,13295,13295,95.26,1.24,0.15,2.41,1.13,0.26,0.0
54,1961,13715,13715,95.22,1.2,0.26,2.44,1.17,0.15,0.0
54,1962,13665,13665,95.1,1.43,0.15,2.31,1.39,0.22,0.0
54,1963,13895,13895,94.53,1.37,0.32,2.73,1.33,0.11,0.0
54,1964,13740,13740,95.38,0.98,0.11,2.73,1.16,0.11,0.0
54,1965,13395,13395,95.56,0.97,0.11,1.98,1.68,0.3,0.0
54,1966,12980,12980,95.38,0.85,0.19,2.08,1.81,0.31,0.0
54,1967,12170,12170,95.23,1.19,0.16,1.89,1.89,0.33,0.0
54,1968,12435,12435,95.38,1.09,0.32,1.89,1.85,0.28,0.0
54,1969,12440,12440,95.22,0.92,0.28,1.93,2.05,0.36,0.0
54,1970,12185,12185,93.76,1.03,0.45,3.08,2.17,0.33,0.0
54,1971,12785,12785,92.57,1.64,0.43,3.09,2.62,0.35,0.0
54,1972,12445,12445,90.4,3.13,0.36,3.86,2.65,0.32,0.0
54,1973,11870,11870,89.13,3.2,0.42,4.55,3.03,0.29,0.0
54,1974,11040,11040,88.04,3.71,0.41,4.89,3.26,0.45,0.0
54,1975,10015,10015,86.22,4.69,0.4,5.84,3.25,0.4,0.0
54,1976,9590,9590,85.09,4.8,0.57,6.31,3.55,0.42,0.0
54,1977,9785,9785,82.58,6.54,0.77,6.29,4.24,0.61,0.0
54,1978,9665,9665,81.27,6.62,0.52,7.45,4.29,0.78,0.05
54,1979,9885,9885,80.27,6.88,0.51,8.5,4.05,0.61,0.0
54,1980,10075,10075,81.09,6.7,0.45,8.34,3.67,0.6,0.0
54,1981,10280,10280,78.6,7.1,0.68,9.82,4.04,0.68,0.0
54,1982,9865,9865,77.7,8.36,0.35,10.09,3.65,0.51,0.0
54,1983,8950,8950,77.99,7.77,0.61,10.22,3.52,0.39,0.0
54,1984,9015,9015,75.93,8.93,0.67,11.2,3.44,0.5,0.0
54,1985,9205,9205,74.8,8.42,0.81,13.04,3.15,0.49,0.0
54,1986,9175,9175,75.37,8.28,0.98,12.75,2.83,0.33,0.0
54,1987,8990,8990,75.86,8.95,1.0,11.96,2.39,0.33,0.06
54,1988,9115,9115,73.83,10.09,1.04,12.84,2.41,0.33,0.0
54,1989,8745,8745,73.47,9.72,1.43,13.44,2.29,0.17,0.0
54,1990,8660,8660,72.92,9.41,1.44,14.03,2.6,0.12,0.06
54,1991,8455,8455,73.51,9.28,2.07,13.25,2.25,0.06,0.0
54,1992,8170,8170,72.95,8.94,2.45,14.2,1.84,0.0,0.0
54,1993,7790,7790,69.77,11.04,3.15,14.18,2.18,0.13,0.06
54,1994,7670,7670,70.4,9.84,2.67,14.86,2.87,0.13,0.0
54,1995,7775,7775,71.13,9.2,2.83,14.98,2.32,0.06,0.06
54,1996,7865,7865,70.76,8.77,3.56,15.13,2.61,0.13,0.0
54,1997,7655,7655,70.74,8.56,3.46,15.15,2.74,0.07,0.0
54,1998,7685,7685,68.84,9.11,3.9,15.22,3.77,0.26,0.0
54,1999,7555,7555,67.11,9.86,4.77,14.89,4.43,0.33,0.0
54,2000,7935,7935,65.34,9.96,4.41,16.89,4.28,0.38,0.0
54,2001,7980,7980,62.66,9.9,5.14,18.17,5.33,0.69,0.0
54,2002,7555,7555,60.29,9.6,6.49,19.79,5.56,0.4,0.07
54,2003,7345,7345,58.48,8.85,6.94,20.56,6.94,0.41,0.07
54,2004,7600,7600,54.67,7.76,8.55,23.36,8.09,0.39,0.13
54,2005,7240,7240,53.31,6.77,9.74,24.38,8.56,0.48,0.07
54,2006,7590,7590,52.31,6.26,9.03,24.57,10.74,0.86,0.13
54,2007,7095,7095,50.18,6.98,9.58,25.51,10.64,0.49,0.14
54,2008,7325,7325,49.69,5.46,9.97,26.01,11.81,0.89,0.2
54,2009,7270,7270,48.62,5.85,11.76,23.87,13.2,0.83,0.28
54,2010,7175,7175,43.97,6.48,12.33,26.62,13.66,0.98,0.42
54,2011,7035,7035,45.91,5.61,12.3,25.44,14.14,0.57,0.28
54,2012,6975,6975,45.66,4.95,12.11,25.88,15.05,0.93,0.36
54,2013,6645,6645,44.54,5.57,13.09,26.26,14.52,1.05,0.45
54,2014,6525,6525,44.98,5.36,12.8,25.36,15.71,1.23,0.38
54,2015,6130,6130,44.86,5.3,12.48,24.55,17.13,1.31,0.49
54,2016,6055,6055,44.59,4.79,11.4,26.18,17.67,1.4,0.5
54,2017,5850,5850,44.36,4.44,12.91,26.32,16.32,1.11,0.34
54,2018,5460,5460,43.96,4.85,11.63,25.37,18.32,1.83,0.27
54,2019,5305,5305,42.79,4.43,13.76,26.77,17.72,1.13,0.38
54,2020,5185,5185,40.89,4.53,14.85,27.48,16.59,0.96,0.48
54,2021,5115,5115,40.76,4.59,15.25,27.57,16.91,1.17,0.59
54,2022,4780,4780,39.44,4.08,14.64,28.77,18.2,1.99,0.42
54,2023,4365,4360,39.45,3.44,15.25,27.29,18.35,1.95,0.69
54,2024,4170,4170,42.69,3.0,14.63,24.7,20.26,1.32,0.24
55,1900,2355,2355,98.94,0.0,0.0,1.06,0.0,0.0,0.0
55,1901,2575,2575,98.83,0.0,0.0,1.17,0.0,0.0,0.0
55,1902,2640,2640,99.43,0.0,0.0,0.57,0.0,0.0,0.0
55,1903,2755,2755,99.46,0.0,0.0,0.54,0.0,0.0,0.0
55,1904,2760,2760,99.46,0.0,0.0,0.54,0.0,0.0,0.0
55,1905,2710,2710,99.63,0.0,0.0,0.37,0.0,0.0,0.0
55,1906,2805,2805,98.93,0.0,0.0,1.07,0.0,0.0,0.0
55,1907,2880,2880,99.31,0.0,0.0,0.69,0.0,0.0,0.0
55,1908,2940,2940,99.49,0.0,0.0,0.51,0.0,0.0,0.0
55,1909,2955,2955,99.66,0.0,0.0,0.34,0.0,0.0,0.0
55,1910,3055,3055,99.35,0.0,0.0,0.65,0.0,0.0,0.0
55,1911,2930,2930,99.32,0.0,0.0,0.68,0.0,0.0,0.0
55,1912,3245,3245,99.38,0.0,0.0,0.62,0.0,0.0,0.0
55,1913,3250,3250,99.08,0.0,0.0,0.92,0.0,0.0,0.0
55,1914,2660,2660,98.87,0.0,0.0,1.13,0.0,0.0,0.0
55,1915,1285,1285,100.0,0.0,0.0,0.0,0.0,0.0,0.0
55,1916,1125,1125,100.0,0.0,0.0,0.0,0.0,0.0,0.0
55,1917,1015,1015,100.0,0.0,0.0,0.0,0.0,0.0,0.0
55,1918,1025,1025,100.0,0.0,0.0,0.0,0.0,0.0,0.0
55,1919,1405,1405,100.0,0.0,0.0,0.0,0.0,0.0,0.0
55,1920,3025,3025,99.17,0.0,0.0,0.83,0.0,0.0,0.0
55,1921,3400,3400,99.85,0.0,0.0,0.15,0.0,0.0,0.0
55,1922,3450,3450,99.13,0.0,0.0,0.72,0.14,0.0,0.0
55,1923,3770,3770,98.28,0.0,0.0,1.72,0.0,0.0,0.0
55,1924,3735,3735,97.32,0.0,0.13,2.54,0.13,0.0,0.0
55,1925,3630,3630,97.66,0.0,0.14,2.2,0.28,0.14,0.0
55,1926,3450,3450,98.26,0.0,0.0,1.74,0.0,0.0,0.0
55,1927,3405,3405,99.41,0.0,0.0,0.59,0.0,0.0,0.0
55,1928,3440,3440,98.84,0.0,0.0,1.16,0.0,0.0,0.0
55,1929,3340,3340,99.25,0.0,0.15,0.6,0.15,0.0,0.0
55,1930,3410,3410,99.27,0.0,0.0,0.73,0.0,0.0,0.0
55,1931,3505,3505,98.72,0.0,0.0,1.28,0.0,0.0,0.0
55,1932,3385,3385,99.26,0.0,0.0,0.74,0.0,0.0,0.0
55,1933,3190,3190,99.37,0.0,0.31,0.31,0.0,0.0,0.0
55,1934,3195,3195,99.22,0.0,0.0,0.78,0.0,0.0,0.0
55,1935,3185,3185,99.22,0.0,0.16,0.63,0.0,0.0,0.0
55,1936,3020,3020,99.17,0.0,0.33,0.5,0.0,0.0,0.0
55,1937,2935,2935,99.15,0.17,0.17,0.51,0.0,0.0,0.0
55,1938,3115,3115,99.2,0.0,0.32,0.48,0.0,0.0,0.0
55,1939,3020,3020,99.01,0.17,0.33,0.5,0.0,0.0,0.0
55,1940,2245,2245,99.55,0.0,0.45,0.0,0.0,0.0,0.0
55,1941,1670,1670,99.4,0.0,0.6,0.0,0.0,0.0,0.0
55,1942,2140,2140,99.07,0.0,0.47,0.47,0.0,0.0,0.0
55,1943,2400,2400,98.75,0.0,0.42,0.83,0.0,0.0,0.0
55,1944,2935,2935,98.3,0.0,0.51,1.19,0.0,0.0,0.0
55,1945,2805,2805,98.93,0.0,0.36,0.71,0.0,0.0,0.0
55,1946,4590,4590,98.47,0.22,0.65,0.54,0.11,0.0,0.0
55,1947,4630,4630,98.38,0.22,0.97,0.32,0.11,0.0,0.0
55,1948,4465,4465,98.1,0.34,0.9,0.56,0.11,0.0,0.0
55,1949,4555,4555,98.13,0.22,0.88,0.77,0.0,0.0,0.0
55,1950,4360,4360,98.17,0.23,0.92,0.57,0.11,0.0,0.0
55,1951,4150,4150,98.31,0.6,0.72,0.36,0.0,0.0,0.0
55,1952,4195,4195,97.74,0.72,0.83,0.6,0.24,0.0,0.0
55,1953,4185,4185,97.85,0.6,0.84,0.6,0.24,0.0,0.0
55,1954,4180,4180,96.77,0.84,0.84,1.56,0.12,0.0,0.0
55,1955,4200,4200,95.36,1.19,0.6,2.86,0.12,0.0,0.0
55,1956,4220,4220,94.19,1.07,0.59,4.03,0.24,0.0,0.0
55,1957,4220,4215,94.42,1.07,0.47,3.68,0.47,0.0,0.0
55,1958,4135,4135,94.68,1.21,0.36,3.51,0.24,0.0,0.12
55,1959,4075,4075,94.36,1.35,0.37,3.8,0.37,0.0,0.0
55,1960,3925,3925,93.89,1.4,0.64,3.82,0.64,0.0,0.0
55,1961,4060,4060,93.35,1.72,0.49,4.06,0.74,0.0,0.0
55,1962,4020,4020,93.28,1.99,0.25,4.23,0.62,0.0,0.0
55,1963,4025,4015,93.03,1.62,0.12,4.98,0.62,0.0,0.0
55,1964,3905,3905,94.49,1.54,0.13,3.33,0.64,0.0,0.0
55,1965,3755,3755,95.47,1.07,0.4,2.53,0.8,0.0,0.0
55,1966,3470,3470,96.54,0.72,0.14,2.45,0.43,0.0,0.0
55,1967,3135,3135,97.13,0.96,0.16,1.12,1.12,0.16,0.0
55,1968,3025,3025,97.69,0.5,0.17,0.99,0.99,0.17,0.0
55,1969,3130,3130,97.12,0.8,0.16,1.44,0.96,0.0,0.0
55,1970,2960,2960,96.28,0.84,0.34,1.86,1.01,0.17,0.0
55,1971,3025,3025,96.36,1.32,0.0,1.82,0.99,0.0,0.0
55,1972,2900,2900,93.97,1.9,0.17,3.45,0.86,0.0,0.0
55,1973,2755,2755,92.2,3.27,0.36,3.63,0.91,0.18,0.0
55,1974,2460,2460,90.45,3.46,0.41,5.08,1.02,0.0,0.0
55,1975,2240,2240,89.51,3.57,0.45,6.25,0.45,0.0,0.0
55,1976,2175,2175,85.98,6.44,0.46,6.21,1.15,0.0,0.0
55,1977,2120,2120,84.91,6.13,0.71,7.55,1.18,0.24,0.0
55,1978,2025,2025,84.69,7.65,0.0,7.41,0.49,0.0,0.0
55,1979,2090,2090,80.86,7.89,0.48,10.29,0.72,0.0,0.0
55,1980,2180,2180,81.88,6.88,0.23,10.78,0.46,0.0,0.0
55,1981,2205,2205,80.95,7.71,0.45,9.98,1.36,0.0,0.0
55,1982,2090,2090,78.47,9.33,0.24,11.48,0.72,0.24,0.0
55,1983,2025,2025,78.77,8.4,0.25,11.85,0.74,0.0,0.0
55,1984,1985,1985,77.08,9.07,0.5,12.85,0.76,0.0,0.0
55,1985,2015,2015,77.67,8.19,0.25,13.4,0.74,0.0,0.0
55,1986,1960,1960,75.51,9.69,0.51,14.29,0.26,0.0,0.0
55,1987,1820,1820,80.77,9.07,0.0,9.89,0.55,0.0,0.0
55,1988,1795,1795,75.21,10.86,0.28,13.65,0.0,0.0,0.0
55,1989,1705,1705,73.9,10.26,0.88,14.66,0.29,0.0,0.0
55,1990,1680,1680,73.81,10.42,1.19,14.58,0.0,0.0,0.0
55,1991,1720,1720,72.09,10.47,1.45,15.99,0.0,0.0,0.0
55,1992,1425,1425,74.74,8.77,2.11,14.04,0.35,0.0,0.0
55,1993,1315,1315,72.24,11.41,1.9,14.07,0.38,0.0,0.0
55,1994,1335,1335,71.54,10.11,3.0,15.36,0.0,0.0,0.0
55,1995,1400,1400,73.93,10.36,2.86,12.86,0.0,0.0,0.0
55,1996,1315,1315,73.38,10.65,4.18,11.79,0.0,0.0,0.0
55,1997,1425,1425,75.79,8.42,3.16,12.63,0.0,0.0,0.0
55,1998,1370,1370,72.63,10.22,1.09,16.06,0.0,0.0,0.0
55,1999,1390,1390,71.58,9.71,4.32,14.75,0.36,0.0,0.0
55,2000,1455,1455,72.85,9.28,3.78,14.43,0.34,0.0,0.0
55,2001,1340,1340,72.39,10.07,2.99,14.55,0.75,0.0,0.0
55,2002,1225,1225,67.35,10.2,4.08,17.55,0.82,0.0,0.0
55,2003,1125,1125,65.78,10.67,6.67,16.44,1.33,0.0,0.0
55,2004,1155,1155,61.47,9.09,6.06,22.51,2.16,0.0,0.0
55,2005,1120,1120,61.16,9.82,6.25,20.98,3.57,0.0,0.0
55,2006,1165,1165,55.79,6.44,9.44,27.9,3.43,0.0,0.0
55,2007,1165,1165,57.51,6.87,9.01,25.32,4.29,0.0,0.0
55,2008,1040,1040,56.73,9.62,9.62,23.56,4.33,0.0,0.0
55,2009,1030,1030,53.88,5.83,12.14,26.21,4.37,0.49,0.0
55,2010,1035,1035,50.24,8.21,11.59,26.57,4.83,0.0,0.48
55,2011,1065,1065,47.89,8.92,11.74,28.64,6.1,0.94,0.0
55,2012,1055,1055,48.34,6.16,12.32,30.33,6.16,0.47,0.47
55,2013,855,855,49.12,8.77,12.28,26.9,7.02,1.17,0.58
55,2014,835,835,45.51,5.99,18.56,29.34,4.79,0.6,0.0
55,2015,835,835,47.9,7.19,13.77,27.54,6.59,0.6,0.6
55,2016,800,800,51.25,5.62,15.0,25.0,6.88,0.62,0.62
55,2017,790,790,46.2,6.33,17.09,27.85,6.33,1.27,0.63
55,2018,710,710,47.89,4.93,17.61,27.46,8.45,1.41,0.0
55,2019,490,490,52.04,8.16,11.22,27.55,3.06,1.02,1.02
55,2020,365,365,53.42,6.85,15.07,23.29,4.11,0.0,0.0
55,2021,430,430,52.33,3.49,16.28,26.74,5.81,0.0,0.0
55,2022,415,415,48.19,2.41,16.87,28.92,8.43,1.2,0.0
55,2023,325,325,44.62,6.15,15.38,27.69,16.92,0.0,0.0
55,2024,265,265,41.51,0.0,20.75,32.08,7.55,0.0,1.89
56,1900,5580,5580,99.55,0.0,0.0,0.45,0.0,0.0,0.0
56,1901,6270,6270,99.44,0.0,0.16,0.4,0.0,0.0,0.0
56,1902,6380,6380,99.45,0.0,0.08,0.47,0.0,0.0,0.0
56,1903,6950,6950,99.64,0.0,0.14,0.22,0.0,0.0,0.0
56,1904,7035,7035,99.5,0.0,0.14,0.36,0.0,0.0,0.0
56,1905,7475,7475,99.53,0.0,0.07,0.4,0.0,0.0,0.0
56,1906,7475,7475,99.6,0.0,0.07,0.33,0.0,0.0,0.0
56,1907,7430,7430,99.46,0.0,0.0,0.54,0.0,0.0,0.0
56,1908,7980,7980,99.44,0.0,0.13,0.44,0.0,0.0,0.0
56,1909,8225,8225,99.39,0.0,0.12,0.49,0.0,0.0,0.0
56,1910,8505,8505,99.35,0.0,0.12,0.53,0.0,0.0,0.0
56,1911,8360,8360,99.34,0.0,0.12,0.54,0.0,0.0,0.0
56,1912,8745,8745,99.31,0.0,0.11,0.57,0.0,0.0,0.0
56,1913,8615,8615,99.48,0.0,0.06,0.46,0.0,0.0,0.0
56,1914,8830,8830,99.43,0.0,0.11,0.45,0.0,0.0,0.0
56,1915,5890,5890,99.58,0.0,0.0,0.42,0.0,0.0,0.0
56,1916,4395,4395,99.77,0.0,0.0,0.23,0.0,0.0,0.0
56,1917,4920,4920,99.59,0.0,0.0,0.41,0.0,0.0,0.0
56,1918,6095,6095,99.67,0.0,0.0,0.33,0.0,0.0,0.0
56,1919,6355,6355,99.76,0.0,0.0,0.24,0.0,0.0,0.0
56,1920,10195,10195,99.46,0.0,0.0,0.54,0.0,0.0,0.0
56,1921,10005,10005,99.6,0.0,0.0,0.4,0.0,0.0,0.0
56,1922,9670,9670,99.69,0.0,0.0,0.31,0.0,0.0,0.0
56,1923,9750,9750,99.44,0.0,0.05,0.51,0.0,0.0,0.0
56,1924,9855,9855,99.59,0.0,0.0,0.41,0.0,0.0,0.0
56,1925,9795,9795,99.64,0.0,0.05,0.31,0.05,0.0,0.0
56,1926,9670,9670,99.69,0.0,0.0,0.31,0.0,0.0,0.0
56,1927,9690,9690,99.54,0.0,0.1,0.36,0.0,0.0,0.0
56,1928,9755,9755,99.74,0.0,0.05,0.21,0.0,0.0,0.0
56,1929,9300,9295,99.78,0.0,0.0,0.22,0.0,0.0,0.0
56,1930,9615,9615,99.58,0.0,0.05,0.36,0.0,0.0,0.0
56,1931,9690,9690,99.74,0.0,0.0,0.26,0.0,0.0,0.0
56,1932,9650,9650,99.64,0.0,0.1,0.26,0.0,0.0,0.0
56,1933,9445,9445,99.58,0.0,0.05,0.37,0.0,0.0,0.0
56,1934,9610,9605,99.79,0.0,0.1,0.1,0.0,0.0,0.0
56,1935,8915,8915,99.89,0.0,0.06,0.06,0.0,0.0,0.0
56,1936,9085,9085,99.89,0.0,0.06,0.06,0.0,0.0,0.0
56,1937,8945,8945,99.78,0.0,0.06,0.17,0.0,0.0,0.0
56,1938,8230,8230,99.82,0.0,0.06,0.12,0.0,0.0,0.0
56,1939,8320,8320,99.82,0.0,0.06,0.12,0.0,0.0,0.0
56,1940,7790,7790,99.74,0.06,0.06,0.13,0.0,0.0,0.0
56,1941,5915,5915,99.83,0.0,0.08,0.08,0.0,0.0,0.0
56,1942,6965,6965,99.86,0.0,0.07,0.07,0.0,0.0,0.0
56,1943,7555,7555,99.54,0.0,0.07,0.33,0.07,0.0,0.0
56,1944,7525,7525,99.53,0.07,0.13,0.2,0.07,0.0,0.0
56,1945,7115,7115,99.72,0.0,0.14,0.14,0.0,0.0,0.0
56,1946,11150,11150,99.6,0.0,0.13,0.27,0.0,0.0,0.0
56,1947,11830,11830,99.62,0.0,0.25,0.13,0.0,0.0,0.0
56,1948,11835,11835,99.62,0.0,0.17,0.21,0.0,0.0,0.0
56,1949,11240,11240,99.47,0.13,0.22,0.18,0.0,0.0,0.0
56,1950,10925,10925,99.59,0.05,0.23,0.14,0.05,0.0,0.0
56,1951,10285,10285,99.17,0.15,0.29,0.39,0.1,0.0,0.0
56,1952,9880,9880,99.14,0.1,0.4,0.3,0.1,0.0,0.0
56,1953,9790,9790,99.13,0.2,0.41,0.2,0.05,0.0,0.0
56,1954,9705,9705,99.02,0.21,0.41,0.36,0.05,0.0,0.0
56,1955,9555,9555,98.27,0.47,0.58,0.63,0.1,0.0,0.0
56,1956,9800,9800,98.62,0.56,0.2,0.61,0.1,0.0,0.0
56,1957,9650,9650,98.45,0.57,0.31,0.62,0.16,0.0,0.0
56,1958,9775,9775,98.36,0.51,0.31,0.77,0.2,0.0,0.0
56,1959,9745,9745,97.74,0.87,0.36,0.87,0.36,0.0,0.0
56,1960,9565,9565,98.07,0.68,0.21,0.89,0.37,0.0,0.0
56,1961,9590,9590,97.65,0.94,0.36,0.94,0.42,0.0,0.0
56,1962,9190,9190,97.88,1.03,0.33,0.71,0.54,0.0,0.0
56,1963,9375,9375,97.65,0.75,0.21,1.23,0.48,0.0,0.0
56,1964,9555,9555,97.75,0.73,0.37,0.94,0.47,0.0,0.0
56,1965,9240,9240,97.73,0.7,0.38,1.08,0.54,0.0,0.0
56,1966,9085,9085,97.91,0.72,0.33,0.83,0.61,0.0,0.0
56,1967,8905,8905,97.3,0.79,0.45,1.29,0.73,0.0,0.0
56,1968,9030,9030,96.73,0.61,0.61,1.83,0.78,0.0,0.0
56,1969,9045,9045,96.13,0.83,0.77,2.16,0.66,0.0,0.0
56,1970,9235,9235,95.45,0.87,0.81,2.6,0.87,0.0,0.0
56,1971,9495,9495,94.0,1.0,1.21,3.48,0.79,0.0,0.0
56,1972,9330,9330,93.09,1.39,0.96,4.34,0.86,0.0,0.0
56,1973,9135,9130,90.69,1.97,1.37,5.59,0.77,0.11,0.0
56,1974,8425,8425,90.39,2.67,1.19,5.46,0.65,0.12,0.0
56,1975,7860,7860,87.79,4.33,1.34,6.17,0.57,0.06,0.0
56,1976,7525,7525,88.24,4.05,1.13,6.31,0.6,0.07,0.0
56,1977,7415,7415,87.53,4.52,1.35,6.47,0.4,0.0,0.0
56,1978,7740,7740,85.72,5.23,1.23,7.49,0.71,0.13,0.0
56,1979,7940,7940,85.45,5.1,1.13,7.87,0.82,0.06,0.0
56,1980,8050,8050,86.4,4.97,0.68,7.58,0.81,0.06,0.0
56,1981,8165,8165,85.92,5.02,0.73,7.9,0.8,0.06,0.0
56,1982,8000,8000,84.06,6.31,0.81,8.44,0.62,0.06,0.0
56,1983,7265,7265,84.03,6.26,0.69,8.74,0.48,0.14,0.0
56,1984,7395,7395,83.03,7.17,0.88,8.79,0.34,0.07,0.0
56,1985,7310,7310,82.97,6.7,0.82,9.3,0.27,0.07,0.0
56,1986,7720,7720,82.12,7.25,0.71,9.78,0.45,0.06,0.0
56,1987,7310,7310,81.67,7.73,1.23,9.3,0.14,0.07,0.0
56,1988,7310,7310,79.21,8.62,1.3,10.67,0.41,0.14,0.0
56,1989,7045,7045,79.21,9.01,1.63,9.87,0.43,0.0,0.0
56,1990,6970,6970,76.47,10.26,1.58,11.62,0.43,0.14,0.0
56,1991,6765,6765,77.53,9.31,1.63,11.46,0.37,0.0,0.0
56,1992,6595,6595,75.21,10.16,2.2,12.13,0.3,0.08,0.08
56,1993,6085,6085,75.1,11.01,1.97,11.75,0.33,0.08,0.0
56,1994,6150,6150,76.59,8.86,2.44,11.87,0.41,0.08,0.08
56,1995,6480,6480,75.31,8.33,3.09,13.35,0.31,0.08,0.0
56,1996,6350,6350,75.35,7.95,2.91,13.54,0.55,0.16,0.08
56,1997,6255,6255,74.82,7.59,3.68,13.51,0.72,0.16,0.0
56,1998,6190,6190,73.26,7.27,4.6,14.78,0.48,0.16,0.08
56,1999,6355,6355,71.13,8.26,5.27,14.79,1.18,0.31,0.16
56,2000,6680,6680,70.36,6.96,6.36,15.87,1.65,0.37,0.07
56,2001,6760,6760,67.16,8.43,6.73,17.01,1.7,0.37,0.07
56,2002,6690,6690,65.02,7.7,7.4,18.54,2.39,0.3,0.22
56,2003,6620,6620,61.93,7.02,8.91,20.62,2.72,0.23,0.38
56,2004,6650,6650,59.4,7.07,10.23,21.43,3.38,0.53,0.23
56,2005,6405,6405,58.63,5.54,11.48,22.95,3.83,0.39,0.08
56,2006,6565,6565,56.28,5.03,13.18,23.0,5.18,0.38,0.3
56,2007,6490,6490,54.16,5.78,12.71,24.5,5.55,0.39,0.46
56,2008,6990,6985,52.61,5.08,13.53,25.63,5.44,0.5,0.5
56,2009,6475,6475,52.97,5.02,14.29,23.94,6.41,0.54,0.39
56,2010,6305,6305,50.59,5.79,14.91,24.5,7.14,0.71,0.63
56,2011,6345,6345,50.28,5.52,15.29,25.06,7.25,0.47,0.71
56,2012,6235,6235,50.68,5.13,16.28,23.9,7.78,0.48,0.48
56,2013,6100,6100,47.95,5.49,17.13,24.67,8.11,0.57,0.49
56,2014,6010,6010,49.58,5.32,16.39,24.46,7.49,0.75,0.67
56,2015,5565,5565,51.84,4.58,15.45,24.35,6.47,0.72,0.36
56,2016,5370,5370,48.98,4.19,17.23,24.95,8.75,0.65,0.56
56,2017,5285,5285,49.48,4.26,15.89,25.64,8.51,0.85,0.66
56,2018,4990,4990,50.9,4.31,16.83,23.25,8.32,0.7,0.7
56,2019,4975,4975,48.64,4.12,15.58,26.03,9.65,0.9,0.6
56,2020,4880,4880,46.82,4.1,17.93,25.2,10.04,1.13,0.72
56,2021,5140,5140,47.67,4.28,17.61,25.19,8.66,0.88,0.58
56,2022,5060,5060,48.32,3.66,16.5,25.79,9.39,0.79,0.59
56,2023,4575,4575,47.32,3.93,17.38,24.92,10.49,1.31,0.66
56,2024,4415,4415,50.4,3.62,15.97,22.88,10.31,1.25,0.57
57,1900,7525,7525,97.54,0.07,0.2,2.13,0.33,0.0,0.0
57,1901,8405,8405,97.44,0.06,0.36,2.08,0.3,0.0,0.0
57,1902,8790,8790,96.93,0.06,0.68,2.28,0.34,0.0,0.0
57,1903,8940,8940,97.15,0.06,0.34,2.4,0.28,0.0,0.0
57,1904,9295,9295,96.83,0.05,0.38,2.74,0.27,0.0,0.0
57,1905,9985,9985,96.24,0.05,0.3,3.36,0.3,0.0,0.0
57,1906,10180,10180,96.51,0.05,0.39,3.05,0.29,0.0,0.0
57,1907,10475,10475,95.94,0.05,0.33,3.68,0.14,0.0,0.0
57,1908,10940,10940,95.29,0.09,0.32,4.2,0.32,0.0,0.0
57,1909,11225,11215,95.05,0.04,0.53,4.32,0.36,0.0,0.0
57,1910,10985,10985,94.77,0.0,0.46,4.73,0.41,0.0,0.0
57,1911,10635,10635,94.64,0.05,0.61,4.65,0.28,0.0,0.0
57,1912,11640,11640,94.59,0.04,0.47,4.85,0.3,0.0,0.0
57,1913,11535,11535,94.15,0.04,0.43,5.24,0.35,0.0,0.0
57,1914,10445,10445,94.45,0.05,0.53,4.93,0.19,0.0,0.0
57,1915,7620,7620,95.14,0.07,0.33,4.46,0.2,0.0,0.0
57,1916,5875,5875,94.55,0.0,0.34,5.11,0.17,0.0,0.0
57,1917,5365,5365,94.69,0.09,0.09,5.13,0.19,0.0,0.0
57,1918,5585,5580,94.09,0.09,0.36,5.47,0.27,0.0,0.0
57,1919,7445,7445,97.52,0.0,0.27,2.22,0.2,0.0,0.0
57,1920,10860,10860,98.07,0.0,0.14,1.8,0.14,0.0,0.0
57,1921,10880,10880,97.89,0.05,0.14,1.88,0.18,0.0,0.0
57,1922,10130,10130,97.88,0.0,0.1,1.97,0.1,0.0,0.0
57,1923,10255,10255,97.03,0.05,0.24,2.68,0.24,0.05,0.0
57,1924,10370,10370,96.96,0.0,0.14,2.89,0.19,0.05,0.0
57,1925,11035,11035,96.28,0.0,0.23,3.49,0.14,0.0,0.0
57,1926,11345,11345,96.3,0.0,0.13,3.57,0.18,0.04,0.0
57,1927,11550,11550,95.93,0.0,0.3,3.72,0.26,0.04,0.0
57,1928,11645,11645,96.22,0.0,0.17,3.56,0.13,0.0,0.0
57,1929,11250,11250,96.27,0.04,0.09,3.6,0.13,0.04,0.0
57,1930,12145,12145,96.38,0.0,0.25,3.38,0.16,0.04,0.0
57,1931,12200,12200,95.98,0.0,0.08,3.93,0.04,0.0,0.0
57,1932,11800,11800,96.91,0.0,0.25,2.84,0.13,0.04,0.0
57,1933,10930,10925,97.35,0.0,0.14,2.52,0.18,0.0,0.0
57,1934,11035,11030,97.23,0.05,0.14,2.58,0.05,0.0,0.0
57,1935,10580,10580,97.78,0.05,0.09,2.08,0.09,0.0,0.0
57,1936,10860,10860,98.07,0.09,0.09,1.75,0.09,0.0,0.0
57,1937,10990,10990,97.82,0.18,0.09,1.91,0.05,0.0,0.0
57,1938,11590,11590,98.06,0.22,0.13,1.6,0.0,0.0,0.0
57,1939,10155,10155,98.42,0.15,0.05,1.38,0.05,0.0,0.0
57,1940,6245,6245,97.52,0.0,0.08,2.4,0.08,0.0,0.0
57,1941,8030,8030,89.73,0.31,0.5,9.28,0.19,0.0,0.0
57,1942,8720,8690,86.77,0.35,0.75,11.74,0.46,0.0,0.0
57,1943,8245,8205,84.64,0.43,1.77,12.8,0.43,0.0,0.0
57,1944,7425,7400,86.82,0.14,1.22,11.28,0.54,0.0,0.0
57,1945,6735,6735,98.22,0.22,0.07,1.48,0.07,0.0,0.0
57,1946,12920,12920,98.61,0.23,0.08,1.08,0.08,0.0,0.0
57,1947,14110,14110,98.3,0.18,0.14,1.35,0.11,0.0,0.0
57,1948,15025,15025,98.14,0.23,0.17,1.33,0.17,0.03,0.0
57,1949,15765,15765,97.91,0.19,0.19,1.68,0.06,0.0,0.0
57,1950,15935,15935,97.18,0.25,0.22,2.13,0.28,0.0,0.0
57,1951,15440,15440,97.02,0.29,0.23,2.14,0.49,0.03,0.0
57,1952,16220,16220,97.29,0.31,0.15,2.0,0.37,0.06,0.0
57,1953,16360,16355,96.91,0.49,0.15,2.05,0.52,0.06,0.0
57,1954,17395,17395,96.23,0.49,0.2,2.53,0.75,0.17,0.0
57,1955,17765,17765,96.09,0.45,0.23,2.7,0.76,0.06,0.0
57,1956,18135,18135,94.9,0.66,0.17,3.53,0.94,0.11,0.0
57,1957,18300,18300,93.83,0.79,0.14,4.29,1.15,0.16,0.0
57,1958,18835,18835,93.04,0.66,0.29,5.18,1.09,0.16,0.0
57,1959,19110,19110,91.68,0.89,0.21,6.04,1.47,0.24,0.0
57,1960,19380,19380,90.76,1.06,0.23,6.71,1.52,0.21,0.0
57,1961,20345,20345,90.98,1.13,0.29,6.12,1.79,0.29,0.0
57,1962,19740,19740,89.74,1.44,0.23,7.09,1.93,0.33,0.0
57,1963,20510,20510,89.98,1.44,0.22,6.7,2.22,0.44,0.0
57,1964,20425,20425,90.53,1.25,0.2,6.02,2.59,0.44,0.0
57,1965,19555,19555,90.49,1.1,0.2,5.91,2.68,0.54,0.0
57,1966,18915,18915,90.48,1.24,0.29,5.42,3.01,0.48,0.0
57,1967,17825,17825,91.14,1.15,0.22,4.71,3.39,0.45,0.0
57,1968,16960,16960,90.95,1.06,0.27,4.89,3.33,0.62,0.0
57,1969,16930,16930,90.79,1.21,0.27,4.49,3.84,0.59,0.0
57,1970,17095,17095,90.29,1.46,0.32,4.65,3.86,0.61,0.0
57,1971,17210,17210,89.34,2.15,0.41,4.88,3.75,0.64,0.0
57,1972,16975,16975,86.57,4.12,0.5,5.27,4.21,0.59,0.0
57,1973,15915,15915,85.45,4.08,0.57,6.25,4.12,0.66,0.0
57,1974,14690,14690,85.4,3.88,0.41,6.23,4.49,0.85,0.0
57,1975,13495,13495,83.36,4.67,0.52,6.89,4.85,0.82,0.0
57,1976,13155,13155,81.68,5.59,0.46,7.15,5.51,0.95,0.0
57,1977,13605,13605,80.26,7.17,0.51,7.57,4.89,0.81,0.0
57,1978,13410,13410,78.49,7.49,0.52,8.13,5.74,0.93,0.0
57,1979,13870,13870,77.76,7.53,0.4,9.63,5.08,0.72,0.0
57,1980,14835,14835,77.45,7.68,0.64,9.74,4.85,0.57,0.0
57,1981,15360,15360,75.33,8.3,0.75,11.0,5.08,0.78,0.0
57,1982,14965,14965,73.54,8.92,0.5,11.33,6.01,1.04,0.0
57,1983,13765,13765,72.9,8.17,0.62,12.06,6.54,1.02,0.04
57,1984,14175,14175,72.52,8.32,0.63,12.77,6.0,0.92,0.0
57,1985,14355,14355,72.03,8.39,1.01,13.06,5.75,0.8,0.03
57,1986,14635,14635,72.29,8.27,0.85,13.8,5.09,0.89,0.0
57,1987,14010,14005,72.26,8.96,0.93,13.78,4.36,0.5,0.0
57,1988,13600,13600,70.0,10.48,0.88,14.19,4.6,0.62,0.07
57,1989,13045,13045,69.76,10.77,1.23,14.37,4.18,0.19,0.04
57,1990,12730,12730,68.85,9.98,1.37,15.16,5.03,0.43,0.04
57,1991,12740,12740,69.51,9.89,1.88,14.13,4.98,0.55,0.08
57,1992,11735,11735,68.13,10.52,1.53,15.34,4.81,0.38,0.0
57,1993,11055,11055,66.35,10.95,2.22,15.78,5.07,0.36,0.05
57,1994,10760,10760,66.91,10.36,2.46,15.47,5.48,0.46,0.05
57,1995,10755,10755,67.32,9.58,3.44,15.43,4.83,0.46,0.0
57,1996,10885,10885,68.31,9.23,3.03,15.34,4.73,0.32,0.05
57,1997,10440,10440,68.39,9.2,2.87,14.61,5.56,0.43,0.0
57,1998,10560,10560,66.48,8.95,3.5,16.15,5.63,0.47,0.0
57,1999,10230,10230,64.71,9.73,3.81,16.13,6.45,0.44,0.0
57,2000,10600,10600,63.3,9.72,4.01,16.56,7.36,0.47,0.0
57,2001,10545,10545,61.21,9.34,4.46,17.5,8.53,0.81,0.09
57,2002,10100,10100,58.42,9.85,5.0,18.81,9.16,0.5,0.05
57,2003,9610,9610,55.31,9.47,6.04,20.76,10.3,0.57,0.1
57,2004,9845,9845,52.31,8.13,6.5,23.16,11.58,0.61,0.1
57,2005,9735,9735,50.03,7.34,7.45,24.14,13.25,0.82,0.15
57,2006,9815,9815,48.45,6.83,9.17,24.35,13.91,0.71,0.31
57,2007,9570,9570,46.13,6.32,9.56,25.6,15.26,0.89,0.1
57,2008,9545,9545,45.05,6.13,10.21,26.56,15.19,1.05,0.16
57,2009,9320,9320,44.21,5.85,10.78,25.75,16.9,1.07,0.21
57,2010,9145,9145,43.03,6.18,11.37,26.08,17.39,1.31,0.33
57,2011,8690,8690,40.85,6.39,11.45,27.73,17.43,1.32,0.4
57,2012,8740,8740,40.85,6.12,11.44,26.83,19.05,1.14,0.29
57,2013,8605,8605,38.99,5.35,12.49,28.18,19.81,1.1,0.41
57,2014,8455,8450,39.94,5.27,12.19,28.11,18.99,1.48,0.41
57,2015,8075,8075,40.37,4.77,11.52,26.93,21.61,1.61,0.25
57,2016,8000,8000,40.25,4.5,12.25,27.19,20.94,1.31,0.44
57,2017,7715,7715,38.43,4.54,12.31,26.7,23.27,1.43,0.39
57,2018,7525,7525,38.47,4.52,12.09,27.51,22.26,1.26,0.33
57,2019,7590,7590,36.96,4.94,12.65,27.21,23.58,1.58,0.33
57,2020,6785,6785,35.45,4.27,14.22,28.59,23.14,1.99,0.37
57,2021,6955,6955,36.38,4.31,13.87,28.54,21.93,1.51,0.36
57,2022,6615,6615,35.98,3.85,13.91,28.5,22.6,2.12,0.38
57,2023,6030,6030,34.74,3.23,13.85,28.86,24.63,1.82,0.25
57,2024,5920,5915,32.88,4.06,14.71,27.64,26.29,1.86,0.42
58,1900,2805,2805,99.47,0.0,0.18,0.36,0.0,0.0,0.0
58,1901,3050,3050,99.51,0.0,0.16,0.33,0.0,0.0,0.0
58,1902,3110,3110,99.52,0.0,0.0,0.48,0.0,0.0,0.0
58,1903,3065,3065,99.35,0.0,0.16,0.49,0.0,0.0,0.0
58,1904,3180,3180,99.69,0.0,0.0,0.31,0.0,0.0,0.0
58,1905,3160,3160,99.53,0.0,0.0,0.47,0.0,0.0,0.0
58,1906,3195,3195,99.53,0.0,0.0,0.47,0.0,0.0,0.0
58,1907,2925,2925,100.0,0.0,0.0,0.0,0.0,0.0,0.0
58,1908,3220,3220,99.53,0.0,0.0,0.47,0.0,0.0,0.0
58,1909,3055,3055,99.84,0.0,0.0,0.16,0.0,0.0,0.0
58,1910,3135,3135,99.84,0.0,0.0,0.16,0.0,0.0,0.0
58,1911,2895,2895,99.83,0.0,0.0,0.17,0.0,0.0,0.0
58,1912,2945,2945,99.83,0.0,0.0,0.17,0.0,0.0,0.0
58,1913,2985,2985,99.83,0.0,0.0,0.17,0.0,0.0,0.0
58,1914,3060,3060,99.84,0.0,0.0,0.16,0.0,0.0,0.0
58,1915,1965,1965,99.75,0.0,0.0,0.25,0.0,0.0,0.0
58,1916,1595,1595,99.69,0.0,0.0,0.31,0.0,0.0,0.0
58,1917,1710,1710,100.0,0.0,0.0,0.0,0.0,0.0,0.0
58,1918,2225,2225,100.0,0.0,0.0,0.0,0.0,0.0,0.0
58,1919,1985,1985,99.75,0.0,0.0,0.25,0.0,0.0,0.0
58,1920,3535,3535,99.86,0.0,0.0,0.14,0.0,0.0,0.0
58,1921,3660,3660,99.86,0.0,0.0,0.14,0.0,0.0,0.0
58,1922,3465,3465,99.57,0.0,0.0,0.43,0.0,0.0,0.0
58,1923,3190,3190,99.53,0.0,0.0,0.47,0.0,0.0,0.0
58,1924,3165,3165,99.84,0.0,0.0,0.16,0.0,0.0,0.0
58,1925,3280,3280,99.7,0.0,0.0,0.3,0.0,0.0,0.0
58,1926,3340,3340,100.0,0.0,0.0,0.0,0.0,0.0,0.0
58,1927,3195,3195,99.37,0.0,0.0,0.63,0.0,0.0,0.0
58,1928,3170,3170,99.53,0.0,0.0,0.47,0.0,0.0,0.0
58,1929,3250,3250,100.0,0.0,0.0,0.0,0.0,0.0,0.0
58,1930,3245,3245,99.69,0.0,0.0,0.31,0.0,0.0,0.0
58,1931,3120,3120,99.36,0.0,0.0,0.64,0.0,0.0,0.0
58,1932,3115,3115,99.84,0.0,0.16,0.0,0.0,0.0,0.0
58,1933,2980,2980,99.83,0.0,0.0,0.17,0.0,0.0,0.0
58,1934,2970,2970,99.66,0.0,0.17,0.17,0.0,0.0,0.0
58,1935,2905,2905,99.66,0.0,0.0,0.34,0.0,0.0,0.0
58,1936,2785,2785,99.64,0.0,0.18,0.18,0.0,0.0,0.0
58,1937,2770,2770,99.28,0.0,0.36,0.36,0.0,0.0,0.0
58,1938,2895,2895,99.14,0.0,0.35,0.52,0.0,0.0,0.0
58,1939,3160,3160,99.21,0.0,0.16,0.63,0.0,0.0,0.0
58,1940,2895,2895,99.14,0.0,0.35,0.52,0.0,0.0,0.0
58,1941,2270,2270,99.56,0.0,0.22,0.22,0.0,0.0,0.0
58,1942,2625,2625,99.43,0.19,0.38,0.0,0.0,0.0,0.0
58,1943,2960,2960,99.49,0.0,0.34,0.17,0.0,0.0,0.0
58,1944,3545,3545,99.01,0.14,0.28,0.56,0.0,0.0,0.0
58,1945,3235,3235,98.92,0.15,0.62,0.31,0.0,0.0,0.0
58,1946,4395,4395,98.63,0.11,0.68,0.57,0.0,0.0,0.0
58,1947,4480,4480,99.11,0.11,0.45,0.33,0.0,0.0,0.0
58,1948,4545,4545,98.46,0.11,0.99,0.44,0.0,0.0,0.0
58,1949,4505,4505,98.78,0.22,0.67,0.33,0.0,0.0,0.0
58,1950,4490,4490,98.66,0.22,0.67,0.33,0.11,0.0,0.0
58,1951,4240,4240,98.47,0.59,0.59,0.35,0.0,0.0,0.0
58,1952,4225,4225,98.58,0.36,0.83,0.24,0.12,0.0,0.0
58,1953,4125,4125,98.91,0.36,0.48,0.24,0.0,0.0,0.0
58,1954,3905,3905,98.72,0.64,0.51,0.13,0.0,0.0,0.0
58,1955,3990,3990,98.25,1.0,0.5,0.13,0.25,0.0,0.0
58,1956,3845,3845,98.57,0.91,0.39,0.13,0.13,0.0,0.0
58,1957,3915,3915,97.7,1.15,0.64,0.51,0.0,0.0,0.0
58,1958,3770,3770,97.88,1.06,0.53,0.4,0.13,0.0,0.0
58,1959,3915,3915,97.32,1.4,0.51,0.64,0.13,0.0,0.0
58,1960,3700,3700,97.84,1.49,0.41,0.14,0.41,0.0,0.0
58,1961,3905,3905,97.57,1.54,0.13,0.64,0.26,0.0,0.0
58,1962,3785,3785,97.75,1.19,0.26,0.66,0.26,0.0,0.0
58,1963,3755,3755,97.47,1.46,0.4,0.53,0.27,0.0,0.0
58,1964,4015,4015,97.63,1.25,0.12,0.62,0.5,0.0,0.0
58,1965,3645,3645,98.35,0.96,0.14,0.41,0.27,0.0,0.0
58,1966,3720,3720,98.39,0.94,0.0,0.54,0.27,0.0,0.0
58,1967,3485,3485,98.28,0.86,0.29,0.43,0.43,0.0,0.0
58,1968,3445,3445,97.68,1.02,0.58,0.58,0.44,0.0,0.0
58,1969,3505,3505,96.86,0.86,1.0,1.0,0.71,0.0,0.0
58,1970,3425,3425,97.52,0.73,0.58,0.88,0.58,0.0,0.0
58,1971,3650,3650,96.71,1.23,0.41,1.37,0.55,0.14,0.0
58,1972,3650,3650,95.48,1.92,0.41,1.92,0.55,0.0,0.0
58,1973,3510,3510,93.87,2.28,0.28,2.85,0.85,0.14,0.0
58,1974,3140,3140,94.11,2.71,0.32,2.39,0.8,0.0,0.0
58,1975,2785,2785,92.82,3.23,0.54,3.05,0.54,0.0,0.0
58,1976,2650,2650,92.64,3.4,0.19,3.21,0.75,0.0,0.0
58,1977,2750,2750,90.36,5.27,0.0,4.0,0.36,0.0,0.0
58,1978,2585,2585,88.39,5.42,0.58,4.64,1.55,0.0,0.0
58,1979,2560,2560,88.87,5.08,0.39,5.08,0.98,0.0,0.0
58,1980,2735,2735,88.67,5.12,0.55,4.94,1.1,0.18,0.0
58,1981,2790,2790,86.2,6.09,0.36,6.81,0.72,0.0,0.0
58,1982,2630,2630,86.12,6.84,0.38,5.89,0.95,0.19,0.0
58,1983,2460,2460,82.72,7.93,0.0,8.74,0.61,0.2,0.0
58,1984,2515,2515,81.31,8.75,0.2,9.34,0.6,0.0,0.0
58,1985,2475,2475,82.63,6.87,0.4,9.09,1.01,0.0,0.0
58,1986,2515,2515,80.32,7.95,0.2,10.54,1.19,0.2,0.0
58,1987,2400,2400,80.83,8.12,0.21,10.42,0.42,0.0,0.0
58,1988,2370,2370,79.96,8.86,0.63,9.92,0.63,0.0,0.0
58,1989,2385,2385,75.68,10.9,0.21,13.0,0.21,0.0,0.0
58,1990,2235,2235,76.96,9.84,0.45,12.53,0.22,0.0,0.0
58,1991,2150,2150,75.35,11.16,0.0,13.02,0.47,0.0,0.0
58,1992,1995,1995,71.43,12.28,1.25,14.79,0.25,0.0,0.0
58,1993,1970,1970,75.38,10.41,1.52,11.93,0.76,0.0,0.0
58,1994,1970,1970,75.13,11.42,1.52,11.93,0.25,0.0,0.0
58,1995,1905,1905,74.02,11.29,1.84,12.86,0.0,0.0,0.0
58,1996,1795,1795,77.44,9.75,2.51,9.47,0.84,0.0,0.0
58,1997,1780,1780,75.84,9.55,1.4,12.64,0.56,0.0,0.0
58,1998,1680,1680,77.08,9.82,2.68,10.42,0.0,0.0,0.0
58,1999,1855,1855,73.32,8.09,4.04,14.56,0.27,0.0,0.0
58,2000,1675,1675,74.03,10.75,4.48,10.45,1.19,0.0,0.0
58,2001,1755,1755,70.66,11.4,3.42,14.53,0.85,0.0,0.0
58,2002,1595,1595,68.34,10.66,4.39,15.67,1.57,0.0,0.0
58,2003,1560,1560,66.03,10.26,6.41,16.67,1.92,0.0,0.0
58,2004,1700,1700,61.18,11.18,5.59,21.47,2.06,0.0,0.0
58,2005,1560,1560,61.22,9.62,7.37,20.51,3.85,0.0,0.0
58,2006,1550,1550,56.13,8.71,9.03,24.19,3.55,0.0,0.0
58,2007,1645,1645,57.75,7.29,6.99,25.53,4.56,0.3,0.0
58,2008,1425,1425,57.54,7.72,9.12,23.86,3.86,0.0,0.35
58,2009,1345,1345,55.76,4.83,10.78,26.02,6.69,0.0,0.0
58,2010,1140,1140,50.0,9.21,10.53,27.19,7.46,0.44,0.0
58,2011,1150,1150,53.04,6.09,11.74,25.22,6.96,0.43,0.43
58,2012,950,950,49.47,6.32,12.63,30.0,7.37,0.0,0.53
58,2013,970,970,47.42,7.22,11.34,29.9,8.76,0.0,0.52
58,2014,875,875,48.0,5.71,14.86,26.86,10.29,1.14,0.57
58,2015,845,845,50.89,5.33,14.79,24.85,9.47,0.59,0.59
58,2016,760,760,51.97,4.61,12.5,25.0,9.87,0.66,1.32
58,2017,720,720,50.0,5.56,13.19,27.78,6.94,0.69,0.0
58,2018,575,575,53.04,3.48,13.04,29.57,4.35,0.0,0.87
58,2019,565,565,47.79,4.42,15.04,30.09,8.85,0.88,0.88
58,2020,505,505,50.5,6.93,13.86,23.76,7.92,0.0,0.99
58,2021,560,560,41.07,5.36,15.18,35.71,10.71,0.89,0.0
58,2022,435,435,41.38,3.45,16.09,34.48,10.34,1.15,0.0
58,2023,450,450,45.56,4.44,17.78,25.56,13.33,0.0,0.0
58,2024,400,400,56.25,3.75,10.0,27.5,6.25,0.0,0.0
59,1900,20945,20945,96.51,0.0,0.29,3.06,0.14,0.0,0.0
59,1901,22100,22100,96.81,0.05,0.23,2.78,0.14,0.0,0.0
59,1902,22565,22565,96.92,0.0,0.22,2.73,0.13,0.0,0.0
59,1903,23010,23010,96.72,0.04,0.24,2.91,0.11,0.0,0.0
59,1904,23145,23145,96.87,0.04,0.17,2.83,0.11,0.0,0.0
59,1905,23460,23460,97.06,0.04,0.19,2.62,0.09,0.0,0.0
59,1906,23620,23620,97.14,0.04,0.19,2.56,0.06,0.0,0.0
59,1907,24245,24245,97.24,0.0,0.25,2.39,0.12,0.0,0.0
59,1908,25120,25120,97.27,0.02,0.26,2.37,0.08,0.0,0.0
59,1909,24830,24830,97.14,0.02,0.18,2.54,0.12,0.0,0.0
59,1910,25850,25850,97.45,0.0,0.21,2.26,0.08,0.0,0.0
59,1911,24630,24630,97.62,0.04,0.1,2.13,0.1,0.0,0.0
59,1912,26385,26385,97.27,0.04,0.19,2.39,0.13,0.0,0.0
59,1913,26110,26110,97.28,0.02,0.19,2.39,0.11,0.02,0.0
59,1914,25465,25465,97.58,0.04,0.16,2.14,0.08,0.0,0.0
59,1915,13505,13505,97.45,0.0,0.07,2.41,0.11,0.0,0.0
59,1916,7375,7375,97.83,0.0,0.07,2.03,0.07,0.0,0.0
59,1917,7375,7375,97.63,0.0,0.07,2.24,0.07,0.0,0.0
59,1918,6255,6255,98.4,0.0,0.0,1.44,0.16,0.0,0.0
59,1919,15555,15555,98.26,0.0,0.0,1.7,0.03,0.0,0.0
59,1920,34015,34015,98.27,0.0,0.06,1.62,0.06,0.0,0.0
59,1921,32605,32605,98.18,0.05,0.08,1.63,0.09,0.0,0.0
59,1922,30035,30035,98.17,0.05,0.12,1.6,0.08,0.0,0.0
59,1923,31185,31185,97.98,0.05,0.1,1.78,0.11,0.0,0.0
59,1924,31985,31985,97.39,0.05,0.17,2.34,0.08,0.0,0.0
59,1925,32040,32040,96.94,0.08,0.14,2.72,0.14,0.02,0.0
59,1926,32080,32080,97.24,0.09,0.08,2.52,0.08,0.0,0.0
59,1927,31790,31790,97.18,0.06,0.13,2.56,0.08,0.0,0.0
59,1928,31730,31730,97.59,0.05,0.13,2.13,0.11,0.02,0.0
59,1929,31620,31620,97.72,0.09,0.16,1.94,0.09,0.0,0.0
59,1930,33905,33905,97.39,0.06,0.13,2.32,0.13,0.0,0.0
59,1931,33820,33820,97.41,0.06,0.06,2.4,0.09,0.0,0.0
59,1932,32675,32675,97.69,0.05,0.09,2.11,0.09,0.0,0.0
59,1933,29730,29730,98.0,0.1,0.08,1.72,0.1,0.0,0.0
59,1934,30265,30265,97.97,0.12,0.07,1.82,0.05,0.0,0.0
59,1935,28190,28190,98.12,0.09,0.05,1.7,0.04,0.0,0.0
59,1936,27710,27705,98.34,0.14,0.11,1.35,0.07,0.0,0.0
59,1937,28205,28200,98.4,0.14,0.07,1.33,0.12,0.0,0.0
59,1938,28260,28260,98.48,0.27,0.05,1.13,0.11,0.0,0.0
59,1939,27950,27945,98.37,0.27,0.04,1.29,0.05,0.0,0.0
59,1940,22475,22475,98.31,0.24,0.11,1.27,0.09,0.0,0.0
59,1941,16285,16285,98.31,0.34,0.15,1.17,0.06,0.0,0.0
59,1942,21525,21525,98.16,0.39,0.19,1.11,0.19,0.0,0.0
59,1943,24805,24805,98.0,0.44,0.26,1.21,0.16,0.02,0.0
59,1944,26510,26505,97.77,0.53,0.3,1.28,0.19,0.02,0.0
59,1945,28705,28705,97.44,0.68,0.42,1.32,0.28,0.0,0.0
59,1946,46085,46085,97.34,0.78,0.4,1.35,0.25,0.0,0.0
59,1947,46440,46440,97.23,0.87,0.55,1.18,0.4,0.01,0.0
59,1948,46275,46270,97.08,1.06,0.53,1.2,0.37,0.0,0.0
59,1949,47650,47650,96.83,0.97,0.55,1.47,0.41,0.02,0.0
59,1950,47055,47055,96.62,1.03,0.57,1.51,0.48,0.04,0.0
59,1951,46100,46100,96.07,1.05,0.7,1.85,0.63,0.07,0.0
59,1952,45710,45710,96.02,1.15,0.59,1.75,0.8,0.09,0.0
59,1953,44910,44905,95.7,0.99,0.65,2.03,0.99,0.1,0.0
59,1954,46285,46285,95.47,1.02,0.63,1.98,1.29,0.22,0.0
59,1955,45925,45925,95.0,1.12,0.72,2.16,1.4,0.21,0.0
59,1956,45865,45865,95.04,0.99,0.64,2.05,1.71,0.27,0.0
59,1957,45635,45635,94.89,0.99,0.56,2.16,1.74,0.34,0.0
59,1958,45225,45220,94.97,0.86,0.5,2.12,1.93,0.43,0.0
59,1959,46155,46155,94.14,0.96,0.53,2.65,2.11,0.44,0.0
59,1960,46065,46065,93.82,0.9,0.48,2.97,2.17,0.49,0.0
59,1961,47030,47025,93.78,0.79,0.41,2.78,2.68,0.54,0.0
59,1962,46190,46190,93.57,0.71,0.4,3.04,2.68,0.64,0.0
59,1963,47890,47890,93.42,0.7,0.48,2.94,2.81,0.66,0.0
59,1964,47815,47810,92.9,0.65,0.48,2.92,3.41,0.78,0.0
59,1965,47420,47420,92.79,0.63,0.49,2.67,3.7,0.83,0.0
59,1966,47310,47310,91.75,0.73,0.57,2.97,4.25,1.03,0.0
59,1967,46260,46260,90.9,0.81,0.78,3.38,4.49,1.01,0.0
59,1968,46260,46260,90.37,0.98,0.82,3.56,4.5,1.04,0.01
59,1969,46710,46710,89.64,1.25,0.86,3.91,4.58,1.16,0.0
59,1970,46945,46945,89.31,1.62,0.78,4.13,4.43,1.01,0.0
59,1971,48930,48930,87.89,2.38,0.85,4.4,4.71,1.08,0.01
59,1972,48610,48610,85.69,3.48,0.71,5.72,4.64,0.94,0.01
59,1973,48565,48565,84.16,3.82,0.75,6.61,4.85,1.02,0.0
59,1974,45810,45810,83.25,3.97,0.75,7.12,5.13,1.09,0.0
59,1975,42790,42785,80.92,5.19,0.88,7.64,5.53,1.22,0.0
59,1976,40365,40365,79.73,5.69,0.78,8.39,5.66,1.2,0.0
59,1977,41270,41270,78.17,6.45,0.79,8.84,6.01,1.21,0.0
59,1978,41115,41115,76.54,6.87,0.74,9.96,6.13,1.26,0.01
59,1979,42400,42400,75.77,7.09,0.71,10.79,5.81,1.07,0.01
59,1980,44760,44760,75.59,7.07,0.79,10.89,5.82,1.12,0.0
59,1981,45505,45505,74.55,7.2,0.96,11.31,6.18,1.26,0.0
59,1982,45305,45300,72.74,7.85,0.92,12.06,6.58,1.29,0.03
59,1983,41420,41415,73.15,7.22,0.87,12.01,6.93,1.42,0.01
59,1984,42290,42290,71.66,7.37,0.83,13.53,6.77,1.44,0.01
59,1985,42655,42655,71.54,7.28,0.94,13.88,6.53,1.32,0.02
59,1986,43170,43170,72.11,7.01,1.17,13.5,6.42,1.18,0.01
59,1987,42075,42070,72.21,7.25,1.08,13.54,6.1,1.11,0.01
59,1988,41175,41175,70.84,8.23,1.26,13.86,6.05,0.96,0.0
59,1989,39515,39515,69.95,8.68,1.28,14.17,6.11,1.06,0.0
59,1990,38600,38600,69.77,8.12,1.58,14.6,6.17,0.98,0.01
59,1991,37940,37940,69.7,8.04,2.0,14.15,6.33,1.07,0.03
59,1992,36430,36430,67.97,8.18,2.31,14.8,7.01,1.06,0.01
59,1993,34395,34395,66.42,8.26,3.11,15.32,7.22,1.16,0.03
59,1994,34545,34545,66.85,7.27,3.2,15.66,7.37,1.14,0.03
59,1995,35365,35365,67.27,6.87,3.49,15.71,7.1,0.96,0.04
59,1996,35175,35175,67.68,6.97,3.85,15.41,6.48,0.85,0.03
59,1997,34660,34660,66.81,7.03,4.04,15.55,7.14,0.92,0.04
59,1998,35260,35260,66.29,7.16,4.37,15.68,7.15,0.87,0.06
59,1999,35145,35145,64.97,7.43,5.26,15.55,7.47,0.9,0.04
59,2000,36460,36460,63.43,8.01,5.12,16.13,8.06,1.08,0.05
59,2001,36075,36075,61.19,8.05,5.77,17.28,8.73,1.23,0.07
59,2002,35865,35865,58.06,8.34,6.75,18.11,10.01,1.13,0.08
59,2003,34570,34565,55.89,7.96,7.65,19.3,10.72,1.26,0.13
59,2004,34805,34805,53.01,6.91,8.4,21.43,12.02,1.22,0.14
59,2005,34310,34310,51.49,6.19,9.41,22.41,12.62,1.37,0.16
59,2006,34995,34990,48.39,6.03,10.4,23.35,14.29,1.41,0.2
59,2007,35015,35015,46.58,5.55,11.47,23.43,15.69,1.37,0.23
59,2008,34795,34795,46.46,5.07,12.21,23.21,16.04,1.45,0.32
59,2009,34555,34555,43.97,5.12,13.33,23.38,17.39,1.69,0.3
59,2010,34710,34710,42.54,5.13,13.64,23.93,18.08,1.73,0.33
59,2011,34215,34215,41.81,4.82,14.57,23.66,18.82,1.65,0.32
59,2012,33800,33800,41.42,4.57,14.64,23.59,20.0,1.91,0.34
59,2013,33475,33465,41.42,4.53,15.17,22.78,20.54,2.02,0.36
59,2014,33000,32995,40.92,4.36,15.03,22.5,21.5,2.03,0.45
59,2015,31820,31815,41.57,4.23,14.85,21.7,21.94,2.28,0.44
59,2016,30610,30610,41.36,3.77,14.34,22.23,22.67,2.22,0.47
59,2017,29270,29270,41.46,3.6,14.47,21.71,23.2,2.39,0.46
59,2018,28400,28400,40.79,3.64,14.91,21.41,23.45,2.55,0.44
59,2019,28075,28075,40.77,3.49,15.12,21.73,23.26,2.32,0.46
59,2020,27220,27220,38.96,3.32,16.0,21.93,23.99,2.5,0.57
59,2021,26970,26960,39.58,3.17,15.97,23.07,22.51,2.45,0.46
59,2022,25855,25835,38.51,3.0,16.06,22.6,24.11,2.52,0.52
59,2023,24585,24525,38.29,2.73,15.64,22.83,24.67,2.65,0.47
59,2024,23375,23315,38.41,2.85,15.76,22.39,25.07,2.85,0.51
60,1900,3675,3675,98.5,0.0,0.0,1.5,0.0,0.0,0.0
60,1901,4020,4020,98.63,0.0,0.12,1.24,0.0,0.0,0.0
60,1902,4235,4235,98.7,0.0,0.0,1.3,0.0,0.0,0.0
60,1903,4195,4195,98.69,0.0,0.0,1.31,0.0,0.0,0.0
60,1904,4250,4250,99.18,0.0,0.0,0.82,0.0,0.0,0.0
60,1905,4355,4355,98.39,0.0,0.0,1.49,0.11,0.0,0.0
60,1906,4545,4545,98.9,0.0,0.0,1.1,0.0,0.0,0.0
60,1907,4640,4640,99.03,0.0,0.0,0.97,0.0,0.0,0.0
60,1908,4700,4700,98.51,0.0,0.11,1.38,0.0,0.0,0.0
60,1909,4695,4695,99.15,0.0,0.0,0.85,0.0,0.0,0.0
60,1910,4845,4845,99.17,0.0,0.0,0.83,0.0,0.0,0.0
60,1911,4650,4650,99.14,0.0,0.0,0.86,0.0,0.0,0.0
60,1912,4990,4990,99.7,0.0,0.0,0.3,0.0,0.0,0.0
60,1913,5010,5010,99.5,0.0,0.0,0.5,0.0,0.0,0.0
60,1914,4780,4780,99.06,0.0,0.0,0.94,0.0,0.0,0.0
60,1915,3060,3060,98.53,0.0,0.33,1.14,0.0,0.0,0.0
60,1916,2780,2780,99.64,0.0,0.0,0.36,0.0,0.0,0.0
60,1917,3090,3090,99.35,0.0,0.0,0.65,0.0,0.0,0.0
60,1918,2610,2610,100.0,0.0,0.0,0.0,0.0,0.0,0.0
60,1919,3510,3510,99.57,0.0,0.0,0.43,0.0,0.0,0.0
60,1920,6215,6215,99.6,0.0,0.0,0.4,0.0,0.0,0.0
60,1921,6210,6210,99.76,0.0,0.0,0.24,0.0,0.0,0.0
60,1922,6235,6235,99.6,0.0,0.0,0.4,0.0,0.0,0.0
60,1923,5990,5990,99.58,0.0,0.0,0.42,0.0,0.0,0.0
60,1924,6020,6020,99.34,0.0,0.0,0.58,0.08,0.0,0.0
60,1925,6395,6395,99.22,0.0,0.0,0.78,0.0,0.0,0.0
60,1926,6190,6190,99.03,0.0,0.08,0.89,0.08,0.0,0.0
60,1927,6455,6455,98.99,0.0,0.08,0.85,0.08,0.0,0.0
60,1928,6375,6375,98.67,0.08,0.08,1.18,0.0,0.0,0.0
60,1929,6240,6240,99.28,0.0,0.0,0.72,0.0,0.0,0.0
60,1930,6560,6560,98.86,0.08,0.0,1.07,0.0,0.0,0.0
60,1931,6500,6500,99.08,0.0,0.15,0.77,0.0,0.0,0.0
60,1932,6460,6460,98.61,0.08,0.23,1.01,0.08,0.0,0.0
60,1933,6060,6060,98.84,0.08,0.17,0.74,0.08,0.0,0.08
60,1934,6290,6290,98.81,0.16,0.16,0.79,0.08,0.0,0.0
60,1935,5785,5785,98.88,0.26,0.17,0.61,0.09,0.0,0.0
60,1936,5690,5690,98.77,0.26,0.18,0.79,0.0,0.0,0.0
60,1937,5710,5710,98.6,0.18,0.35,0.88,0.0,0.0,0.0
60,1938,5625,5625,98.49,0.44,0.18,0.89,0.0,0.0,0.0
60,1939,5790,5790,98.19,0.26,0.35,1.04,0.17,0.0,0.0
60,1940,4585,4585,98.36,0.33,0.44,0.76,0.11,0.0,0.0
60,1941,4505,4505,98.34,0.44,0.44,0.67,0.11,0.0,0.0
60,1942,5015,5015,98.11,0.3,0.9,0.6,0.1,0.0,0.0
60,1943,5700,5700,98.16,0.35,0.7,0.61,0.18,0.0,0.0
60,1944,5980,5980,98.08,0.33,0.67,0.84,0.17,0.0,0.0
60,1945,5810,5810,97.59,0.43,1.03,0.86,0.09,0.0,0.0
60,1946,9120,9120,96.88,0.44,1.21,1.26,0.22,0.0,0.0
60,1947,9110,9110,96.98,0.38,1.43,0.93,0.33,0.0,0.0
60,1948,9325,9325,96.94,0.75,1.13,0.91,0.32,0.0,0.0
60,1949,9550,9550,96.91,0.63,1.26,1.05,0.26,0.0,0.0
60,1950,9685,9685,97.21,0.62,1.19,0.77,0.31,0.0,0.0
60,1951,9100,9100,97.14,0.55,1.1,0.99,0.33,0.0,0.0
60,1952,9085,9085,97.14,0.94,0.83,0.94,0.28,0.0,0.0
60,1953,8820,8820,97.0,0.91,0.96,0.96,0.34,0.06,0.0
60,1954,8715,8715,96.84,0.98,1.03,0.98,0.29,0.06,0.0
60,1955,8830,8830,96.38,1.08,1.02,1.3,0.4,0.06,0.0
60,1956,8595,8595,96.51,0.87,0.99,1.4,0.47,0.06,0.0
60,1957,8570,8570,96.21,1.05,0.93,1.4,0.64,0.0,0.0
60,1958,8370,8370,96.42,1.02,0.66,1.49,0.54,0.12,0.0
60,1959,8615,8615,96.81,0.81,0.58,1.33,0.64,0.12,0.0
60,1960,8620,8620,96.52,0.99,0.75,1.16,0.81,0.06,0.0
60,1961,8640,8640,96.06,0.98,0.64,1.79,0.69,0.12,0.0
60,1962,8710,8710,95.58,0.75,0.75,2.12,1.09,0.23,0.0
60,1963,9185,9185,96.35,0.71,0.54,1.52,1.14,0.27,0.0
60,1964,9275,9275,95.85,0.7,0.54,1.99,1.19,0.27,0.0
60,1965,9155,9155,96.12,0.55,0.55,1.91,1.09,0.22,0.0
60,1966,9355,9355,96.1,0.64,0.53,1.92,1.02,0.16,0.0
60,1967,9090,9090,95.76,0.66,0.55,2.15,1.16,0.11,0.0
60,1968,8880,8880,95.05,0.79,0.56,2.53,1.41,0.17,0.0
60,1969,8840,8840,94.4,0.9,0.85,2.83,1.24,0.23,0.0
60,1970,8830,8830,93.71,1.13,0.79,3.4,1.25,0.17,0.0
60,1971,9120,9120,92.43,1.54,0.71,3.73,1.81,0.38,0.0
60,1972,9010,9010,91.23,2.05,0.44,4.72,1.78,0.17,0.0
60,1973,9110,9110,88.64,2.47,0.71,6.04,2.41,0.44,0.0
60,1974,8485,8485,87.45,3.12,0.59,6.48,2.53,0.29,0.0
60,1975,7645,7645,86.66,3.4,0.33,6.61,3.14,0.72,0.0
60,1976,7265,7265,82.79,4.34,0.41,8.53,4.06,0.69,0.0
60,1977,7475,7475,82.07,5.89,0.54,7.42,4.21,0.8,0.0
60,1978,7325,7325,80.07,6.83,0.27,7.51,5.53,1.3,0.0
60,1979,7655,7655,78.71,6.73,0.52,8.88,5.36,0.85,0.0
60,1980,8005,8005,78.45,6.62,0.75,8.62,5.75,1.25,0.0
60,1981,8320,8320,77.04,7.15,0.54,9.44,5.89,1.08,0.0
60,1982,8200,8200,74.76,7.87,0.73,10.0,6.59,1.52,0.0
60,1983,7465,7465,77.03,7.17,0.27,9.98,5.56,1.67,0.0
60,1984,7695,7695,74.01,8.12,0.52,12.28,5.2,1.3,0.0
60,1985,7855,7855,74.41,8.21,0.64,12.54,4.46,0.76,0.0
60,1986,8225,8225,73.5,8.02,0.91,13.01,4.56,0.97,0.0
60,1987,8145,8145,73.6,8.59,1.23,13.2,3.5,0.86,0.0
60,1988,8295,8295,71.13,9.52,1.15,14.04,4.4,0.84,0.0
60,1989,8225,8225,70.52,9.48,1.34,14.83,3.95,0.79,0.0
60,1990,8195,8195,69.55,10.31,1.34,15.01,4.09,0.92,0.0
60,1991,7970,7970,69.51,9.97,1.69,15.06,3.95,0.69,0.0
60,1992,7890,7890,69.96,8.87,2.09,15.97,3.42,0.63,0.0
60,1993,7485,7485,70.54,9.95,2.27,14.43,3.21,0.47,0.0
60,1994,7385,7385,70.28,8.8,2.57,14.56,3.99,0.61,0.0
60,1995,7540,7540,71.35,8.16,2.59,14.72,3.65,0.6,0.07
60,1996,7560,7560,70.83,8.53,3.24,14.42,3.57,0.53,0.0
60,1997,7600,7600,70.92,7.89,3.29,14.41,4.21,0.53,0.0
60,1998,7605,7605,70.81,8.68,3.09,13.68,4.21,0.53,0.0
60,1999,7730,7730,69.73,8.21,3.75,15.14,3.82,0.32,0.0
60,2000,7830,7830,68.45,8.3,4.41,14.37,5.36,0.57,0.0
60,2001,7775,7775,65.85,8.94,5.02,15.24,5.72,0.71,0.0
60,2002,7590,7590,62.91,9.49,5.2,16.53,6.72,0.79,0.0
60,2003,7585,7585,58.27,8.9,6.59,20.7,6.59,0.86,0.13
60,2004,7375,7375,55.86,8.0,7.05,22.37,8.75,0.95,0.07
60,2005,7395,7395,55.31,6.76,7.84,21.57,10.14,1.42,0.2
60,2006,7620,7620,52.36,6.56,8.86,23.29,11.81,0.72,0.07
60,2007,7380,7380,50.14,5.96,9.69,24.93,12.4,1.08,0.2
60,2008,7540,7540,48.41,5.44,10.28,24.01,14.92,1.39,0.2
60,2009,7270,7270,47.04,6.4,10.94,24.55,14.51,1.38,0.21
60,2010,7195,7195,42.88,6.46,12.44,26.27,16.4,1.25,0.35
60,2011,7130,7130,42.92,5.75,12.41,25.95,16.97,1.54,0.49
60,2012,6845,6845,41.64,5.11,12.34,26.3,19.14,1.75,0.15
60,2013,6575,6575,40.08,5.63,12.78,25.63,20.53,2.13,0.38
60,2014,6615,6615,40.74,5.67,11.34,26.91,19.88,2.42,0.53
60,2015,6765,6765,38.14,5.62,13.01,26.24,21.95,2.22,0.44
60,2016,6310,6310,39.7,5.07,13.39,25.12,22.11,2.69,0.4
60,2017,5785,5785,39.41,4.58,13.05,24.98,23.34,3.03,0.43
60,2018,5575,5575,39.55,4.66,12.47,26.19,22.15,2.33,0.45
60,2019,5550,5550,37.93,3.96,14.32,25.68,23.6,2.88,0.27
60,2020,5190,5190,38.05,4.05,15.13,24.28,23.8,3.37,0.39
60,2021,5270,5270,36.53,3.7,15.94,24.95,24.95,3.13,0.47
60,2022,5165,5165,35.14,3.48,15.78,25.65,25.75,3.1,0.39
60,2023,4400,4400,34.32,2.95,15.8,25.0,28.07,3.98,0.45
60,2024,4490,4485,33.56,2.9,16.39,25.53,27.76,3.23,0.33
61,1900,2175,2175,99.77,0.0,0.0,0.23,0.0,0.0,0.0
61,1901,2520,2520,99.6,0.0,0.0,0.4,0.0,0.0,0.0
61,1902,2470,2470,99.39,0.0,0.0,0.61,0.0,0.0,0.0
61,1903,2710,2710,99.08,0.0,0.0,0.92,0.0,0.0,0.0
61,1904,2855,2855,99.47,0.0,0.0,0.53,0.0,0.0,0.0
61,1905,2820,2820,99.11,0.0,0.0,0.89,0.0,0.0,0.0
61,1906,2915,2915,99.49,0.0,0.0,0.51,0.0,0.0,0.0
61,1907,2970,2970,99.66,0.0,0.0,0.34,0.0,0.0,0.0
61,1908,3070,3070,99.51,0.0,0.0,0.49,0.0,0.0,0.0
61,1909,3235,3235,99.85,0.0,0.0,0.15,0.0,0.0,0.0
61,1910,3295,3295,99.54,0.0,0.0,0.46,0.0,0.0,0.0
61,1911,3225,3225,99.84,0.0,0.0,0.16,0.0,0.0,0.0
61,1912,3445,3445,99.56,0.0,0.0,0.44,0.0,0.0,0.0
61,1913,3460,3460,99.42,0.0,0.0,0.58,0.0,0.0,0.0
61,1914,3395,3395,99.71,0.0,0.0,0.29,0.0,0.0,0.0
61,1915,2195,2195,99.54,0.0,0.0,0.46,0.0,0.0,0.0
61,1916,1755,1755,100.0,0.0,0.0,0.0,0.0,0.0,0.0
61,1917,1915,1915,99.48,0.0,0.0,0.52,0.0,0.0,0.0
61,1918,2525,2525,99.8,0.0,0.0,0.2,0.0,0.0,0.0
61,1919,2610,2610,100.0,0.0,0.0,0.0,0.0,0.0,0.0
61,1920,4405,4405,99.77,0.0,0.0,0.23,0.0,0.0,0.0
61,1921,4410,4410,99.77,0.0,0.0,0.23,0.0,0.0,0.0
61,1922,4200,4200,99.52,0.0,0.0,0.48,0.0,0.0,0.0
61,1923,4175,4175,99.88,0.0,0.0,0.12,0.0,0.0,0.0
61,1924,4465,4465,99.78,0.0,0.0,0.22,0.0,0.0,0.0
61,1925,4405,4405,99.77,0.0,0.0,0.23,0.0,0.0,0.0
61,1926,4400,4400,99.66,0.0,0.0,0.34,0.0,0.0,0.0
61,1927,4420,4420,99.77,0.0,0.0,0.23,0.0,0.0,0.0
61,1928,4545,4545,99.67,0.0,0.0,0.33,0.0,0.0,0.0
61,1929,4435,4435,99.66,0.0,0.0,0.34,0.0,0.0,0.0
61,1930,4665,4665,99.79,0.0,0.0,0.21,0.0,0.0,0.0
61,1931,4580,4580,99.67,0.0,0.0,0.33,0.0,0.0,0.0
61,1932,4495,4495,99.78,0.0,0.0,0.22,0.0,0.0,0.0
61,1933,4405,4405,100.0,0.0,0.0,0.0,0.0,0.0,0.0
61,1934,4565,4565,99.78,0.0,0.11,0.11,0.0,0.0,0.0
61,1935,4185,4185,99.76,0.0,0.12,0.12,0.0,0.0,0.0
61,1936,4090,4090,99.51,0.0,0.24,0.24,0.0,0.0,0.0
61,1937,4185,4185,99.88,0.0,0.0,0.12,0.0,0.0,0.0
61,1938,4090,4090,99.63,0.0,0.24,0.12,0.0,0.0,0.0
61,1939,4125,4125,99.52,0.0,0.24,0.24,0.0,0.0,0.0
61,1940,3795,3795,99.47,0.13,0.26,0.13,0.0,0.0,0.0
61,1941,3360,3360,99.7,0.0,0.15,0.15,0.0,0.0,0.0
61,1942,3650,3650,99.45,0.14,0.27,0.14,0.0,0.0,0.0
61,1943,3985,3985,99.12,0.13,0.5,0.25,0.13,0.0,0.0
61,1944,4365,4365,99.08,0.11,0.57,0.23,0.0,0.0,0.0
61,1945,3955,3955,98.74,0.13,0.76,0.38,0.0,0.0,0.0
61,1946,6075,6075,98.77,0.25,0.66,0.25,0.16,0.0,0.0
61,1947,6265,6265,98.56,0.24,0.72,0.48,0.0,0.0,0.0
61,1948,6495,6495,98.31,0.23,1.0,0.38,0.08,0.0,0.0
61,1949,6245,6245,98.0,0.24,1.2,0.56,0.0,0.0,0.0
61,1950,6175,6175,97.98,0.4,1.13,0.49,0.0,0.0,0.0
61,1951,5985,5985,97.83,0.42,1.09,0.58,0.08,0.0,0.0
61,1952,5845,5845,97.52,0.77,1.11,0.6,0.09,0.0,0.0
61,1953,5520,5520,97.37,0.54,1.45,0.63,0.0,0.0,0.0
61,1954,5570,5570,97.22,0.63,1.26,0.81,0.18,0.0,0.0
61,1955,5470,5470,96.62,0.91,1.55,0.91,0.09,0.0,0.0
61,1956,5345,5345,97.01,0.84,1.31,0.75,0.19,0.0,0.0
61,1957,5325,5325,97.18,0.94,1.13,0.75,0.09,0.0,0.0
61,1958,5160,5160,97.29,0.78,0.87,0.97,0.1,0.0,0.0
61,1959,5225,5225,97.8,0.57,0.57,0.96,0.19,0.0,0.0
61,1960,5230,5230,97.04,1.24,0.57,1.05,0.19,0.0,0.0
61,1961,5195,5195,96.44,1.73,0.58,1.15,0.29,0.0,0.0
61,1962,5150,5150,96.41,1.55,0.58,1.36,0.19,0.0,0.0
61,1963,5380,5380,96.65,1.3,0.56,1.21,0.46,0.0,0.0
61,1964,5330,5330,96.62,1.13,0.56,1.41,0.38,0.0,0.0
61,1965,5295,5295,97.64,0.66,0.57,0.76,0.66,0.09,0.0
61,1966,5130,5130,96.88,0.88,0.68,1.17,0.58,0.0,0.0
61,1967,4970,4970,96.38,0.91,1.01,1.31,0.7,0.0,0.0
61,1968,4815,4815,95.64,1.25,1.25,1.45,0.52,0.0,0.0
61,1969,4755,4755,95.16,0.63,1.58,2.1,0.95,0.0,0.0
61,1970,4815,4815,93.56,1.14,1.77,2.91,0.93,0.1,0.0
61,1971,4680,4680,92.95,1.71,1.6,2.78,1.28,0.0,0.0
61,1972,4955,4955,90.21,2.22,1.61,4.94,1.41,0.1,0.0
61,1973,4765,4765,89.61,2.73,1.26,5.67,1.05,0.21,0.0
61,1974,4495,4495,88.43,3.11,1.22,6.9,0.56,0.0,0.0
61,1975,4075,4075,86.63,4.05,0.86,7.36,1.23,0.25,0.0
61,1976,3775,3775,84.77,3.97,1.06,9.01,1.59,0.13,0.0
61,1977,3915,3915,83.78,5.24,0.64,9.32,1.28,0.26,0.0
61,1978,3715,3715,82.77,5.65,0.54,9.96,1.35,0.27,0.0
61,1979,3835,3835,82.79,6.26,0.13,9.39,1.56,0.13,0.0
61,1980,3900,3900,83.08,5.51,0.51,10.0,1.28,0.26,0.0
61,1981,3790,3790,82.06,6.2,0.79,9.76,1.32,0.13,0.0
61,1982,3620,3620,81.91,6.77,0.55,9.53,1.38,0.28,0.0
61,1983,3390,3390,82.6,6.93,0.59,9.0,1.03,0.15,0.0
61,1984,3260,3260,80.83,6.75,0.61,10.89,1.07,0.0,0.0
61,1985,3315,3315,79.64,8.3,0.3,11.16,0.75,0.0,0.0
61,1986,3220,3220,81.06,6.99,0.31,11.18,0.62,0.0,0.0
61,1987,3110,3110,79.26,8.52,0.32,11.74,0.16,0.0,0.0
61,1988,2990,2990,79.77,9.53,0.84,9.36,0.67,0.0,0.0
61,1989,2920,2920,76.71,10.45,0.86,11.64,0.51,0.0,0.0
61,1990,2885,2885,76.08,9.71,1.04,12.65,0.69,0.0,0.0
61,1991,2880,2880,77.78,8.51,2.43,11.11,0.17,0.0,0.0
61,1992,2810,2810,74.73,10.5,1.96,12.28,0.53,0.0,0.0
61,1993,2705,2705,76.52,9.98,1.66,11.46,0.55,0.0,0.0
61,1994,2735,2735,74.59,9.51,2.56,12.43,0.91,0.0,0.0
61,1995,2805,2805,76.29,8.73,2.32,12.66,0.71,0.0,0.0
61,1996,2680,2680,76.31,8.96,2.24,11.57,0.93,0.0,0.0
61,1997,2735,2735,74.04,9.32,2.74,13.35,1.1,0.18,0.0
61,1998,2725,2725,76.15,9.72,3.3,10.46,0.92,0.0,0.0
61,1999,2710,2710,73.99,8.67,3.32,13.1,1.48,0.18,0.0
61,2000,2930,2930,69.62,9.73,4.78,14.85,1.54,0.17,0.0
61,2001,3000,3000,68.5,9.33,5.17,15.83,2.17,0.17,0.0
61,2002,2815,2815,65.01,11.37,5.33,16.52,2.31,0.0,0.0
61,2003,2815,2815,61.81,9.41,7.46,19.54,2.66,0.18,0.18
61,2004,2745,2745,60.29,8.74,8.38,21.31,3.1,0.0,0.18
61,2005,2465,2465,58.22,8.11,8.32,23.53,3.85,0.0,0.2
61,2006,2590,2590,55.21,7.53,8.88,24.52,5.41,0.19,0.39
61,2007,2565,2565,55.75,6.82,10.14,23.78,5.85,0.0,0.19
61,2008,2320,2320,55.17,6.68,11.21,22.2,6.9,0.0,0.22
61,2009,2425,2425,52.37,6.39,13.2,24.95,6.19,0.21,0.82
61,2010,2355,2355,46.5,5.94,14.65,26.75,9.13,0.42,0.42
61,2011,2110,2110,46.92,6.87,14.22,25.83,8.29,0.47,0.71
61,2012,2105,2105,48.69,5.94,15.68,24.23,8.31,0.71,0.24
61,2013,2110,2110,48.1,6.16,16.35,23.93,9.72,0.71,0.47
61,2014,2010,2010,47.76,6.22,14.93,25.87,9.2,0.75,0.5
61,2015,1870,1870,48.13,5.08,16.04,24.6,10.7,0.8,0.53
61,2016,1875,1875,50.93,5.33,13.87,24.0,10.13,1.33,0.53
61,2017,1815,1815,50.96,4.96,14.05,23.14,9.92,0.83,1.1
61,2018,1720,1720,51.74,5.23,14.24,22.38,9.88,1.16,0.29
61,2019,1745,1745,51.0,5.73,13.18,24.36,9.46,0.86,0.29
61,2020,1585,1585,49.84,6.31,16.72,24.29,6.94,0.95,0.32
61,2021,1530,1530,46.41,3.92,20.26,24.51,9.15,1.31,0.33
61,2022,1640,1640,43.6,5.49,17.38,27.44,9.76,0.91,0.91
61,2023,1385,1385,45.49,3.97,19.13,27.08,9.75,1.08,0.0
61,2024,1295,1295,48.26,3.86,16.99,25.1,10.42,1.16,0.0
62,1900,11345,11345,96.74,0.0,0.35,2.82,0.13,0.0,0.0
62,1901,12390,12390,96.73,0.0,0.24,2.87,0.16,0.0,0.0
62,1902,12920,12920,96.59,0.04,0.19,3.06,0.15,0.0,0.0
62,1903,13185,13185,96.89,0.08,0.15,2.81,0.11,0.0,0.0
62,1904,14045,14040,96.97,0.0,0.14,2.67,0.21,0.04,0.0
62,1905,14435,14435,96.92,0.0,0.28,2.67,0.14,0.0,0.0
62,1906,14725,14720,97.04,0.03,0.31,2.45,0.17,0.0,0.0
62,1907,15365,15365,97.43,0.03,0.16,2.28,0.13,0.0,0.0
62,1908,15910,15910,97.36,0.0,0.19,2.33,0.16,0.0,0.0
62,1909,16275,16275,97.33,0.0,0.22,2.4,0.06,0.0,0.0
62,1910,16375,16375,97.13,0.0,0.18,2.53,0.15,0.0,0.0
62,1911,15755,15750,97.52,0.0,0.16,2.19,0.13,0.0,0.0
62,1912,17115,17115,97.4,0.0,0.15,2.34,0.12,0.0,0.0
62,1913,17030,17030,97.59,0.0,0.12,2.11,0.18,0.0,0.0
62,1914,16855,16850,97.89,0.06,0.12,1.87,0.06,0.0,0.0
62,1915,9225,9225,98.16,0.05,0.11,1.63,0.05,0.0,0.0
62,1916,8240,8240,97.88,0.06,0.0,1.94,0.18,0.0,0.0
62,1917,8450,8450,97.93,0.06,0.06,1.83,0.12,0.0,0.0
62,1918,9095,9095,98.08,0.05,0.05,1.7,0.11,0.0,0.0
62,1919,11015,11015,98.18,0.0,0.0,1.72,0.09,0.0,0.0
62,1920,18885,18885,98.44,0.0,0.11,1.35,0.11,0.0,0.0
62,1921,18840,18840,97.82,0.03,0.05,1.99,0.11,0.0,0.0
62,1922,19490,19490,97.85,0.03,0.05,2.0,0.1,0.0,0.0
62,1923,21110,21110,97.06,0.07,0.09,2.7,0.12,0.0,0.0
62,1924,22625,22625,94.61,0.09,0.4,4.77,0.18,0.0,0.0
62,1925,23420,23415,93.94,0.11,0.47,5.4,0.15,0.0,0.0
62,1926,23050,23050,94.32,0.07,0.35,5.1,0.22,0.02,0.0
62,1927,22795,22790,94.47,0.13,0.33,4.94,0.18,0.0,0.0
62,1928,22140,22140,95.12,0.09,0.23,4.43,0.14,0.0,0.0
62,1929,21860,21860,95.15,0.05,0.3,4.39,0.11,0.0,0.0
62,1930,23405,23400,94.06,0.13,0.24,5.47,0.15,0.0,0.0
62,1931,24130,24115,94.03,0.1,0.27,5.41,0.21,0.0,0.0
62,1932,22550,22550,94.86,0.16,0.31,4.55,0.16,0.0,0.0
62,1933,20700,20700,95.6,0.07,0.12,4.11,0.14,0.0,0.0
62,1934,21025,21025,96.03,0.1,0.14,3.69,0.07,0.0,0.0
62,1935,19410,19410,97.11,0.1,0.1,2.65,0.03,0.0,0.0
62,1936,19225,19225,97.61,0.18,0.13,2.03,0.05,0.0,0.0
62,1937,19290,19290,97.62,0.18,0.08,2.05,0.1,0.0,0.0
62,1938,19355,19355,97.68,0.23,0.13,1.91,0.08,0.0,0.0
62,1939,19830,19830,97.55,0.33,0.05,1.99,0.08,0.0,0.0
62,1940,17900,17900,97.6,0.31,0.14,1.87,0.14,0.0,0.0
62,1941,12075,12075,97.93,0.29,0.12,1.57,0.12,0.0,0.0
62,1942,15320,15320,98.01,0.42,0.13,1.37,0.1,0.0,0.0
62,1943,17010,17010,97.82,0.5,0.18,1.44,0.06,0.0,0.0
62,1944,17275,17275,97.63,0.61,0.26,1.42,0.12,0.0,0.0
62,1945,18930,18930,97.28,0.77,0.34,1.53,0.16,0.0,0.0
62,1946,31315,31315,97.54,0.85,0.29,1.25,0.14,0.0,0.0
62,1947,31705,31705,97.3,0.96,0.5,1.1,0.21,0.0,0.0
62,1948,32075,32075,97.15,1.14,0.45,1.17,0.22,0.02,0.0
62,1949,32705,32705,96.7,1.15,0.55,1.47,0.29,0.02,0.0
62,1950,32380,32380,96.51,1.3,0.63,1.39,0.32,0.03,0.0
62,1951,31340,31340,96.27,1.4,0.73,1.42,0.32,0.02,0.0
62,1952,31215,31215,96.46,1.17,0.58,1.47,0.5,0.05,0.0
62,1953,30140,30140,96.42,1.29,0.78,1.26,0.41,0.03,0.0
62,1954,30425,30425,96.32,1.28,0.62,1.35,0.64,0.07,0.0
62,1955,29855,29855,96.03,1.46,0.79,1.39,0.54,0.07,0.0
62,1956,29100,29100,95.96,1.25,0.82,1.53,0.64,0.07,0.0
62,1957,28480,28480,95.73,1.28,0.68,1.84,0.65,0.09,0.0
62,1958,28670,28670,95.99,0.99,0.7,1.83,0.8,0.1,0.0
62,1959,28605,28605,95.53,1.03,0.8,2.08,0.79,0.09,0.0
62,1960,28030,28030,94.54,1.12,0.8,2.71,1.07,0.14,0.0
62,1961,28250,28250,94.64,1.06,0.78,2.71,1.1,0.18,0.0
62,1962,26595,26595,94.79,0.96,0.66,2.69,1.15,0.24,0.0
62,1963,27395,27395,94.42,1.02,0.77,2.72,1.35,0.29,0.0
62,1964,26895,26895,94.76,0.74,0.84,2.51,1.39,0.2,0.0
62,1965,26190,26190,94.35,0.82,1.11,2.41,1.53,0.34,0.0
62,1966,25800,25800,93.55,0.79,1.14,2.77,1.98,0.41,0.0
62,1967,24985,24985,93.06,0.82,1.4,3.12,1.92,0.26,0.0
62,1968,24670,24670,92.52,0.71,1.72,3.49,1.82,0.34,0.0
62,1969,24325,24325,92.0,1.07,1.89,3.66,1.58,0.33,0.0
62,1970,23950,23950,91.04,1.4,1.84,4.2,1.82,0.29,0.0
62,1971,24560,24560,90.13,2.26,1.65,4.58,1.67,0.33,0.0
62,1972,24675,24675,87.5,3.44,1.42,6.2,1.74,0.32,0.0
62,1973,23980,23980,86.74,3.59,1.29,6.94,1.63,0.25,0.0
62,1974,22730,22730,84.82,4.22,1.23,8.16,1.72,0.31,0.0
62,1975,21125,21125,82.82,5.28,1.28,9.18,1.59,0.28,0.0
62,1976,19550,19550,81.59,6.34,1.0,9.62,1.64,0.28,0.0
62,1977,20080,20080,79.26,7.1,1.17,10.86,1.89,0.22,0.0
62,1978,19700,19700,77.61,7.82,0.96,11.73,2.11,0.2,0.0
62,1979,19905,19905,77.47,7.56,0.83,12.51,1.81,0.28,0.0
62,1980,20680,20680,79.11,7.35,0.82,11.03,1.84,0.24,0.0
62,1981,21245,21245,78.56,7.48,0.85,11.39,1.81,0.35,0.0
62,1982,21150,21150,76.45,8.13,0.85,12.43,2.22,0.4,0.0
62,1983,19560,19560,75.28,8.44,0.61,12.35,3.37,0.72,0.0
62,1984,20020,20020,74.58,8.07,0.7,13.59,3.2,0.65,0.0
62,1985,20240,20240,74.04,8.15,0.96,14.08,2.87,0.47,0.0
62,1986,20460,20460,74.56,7.77,0.98,14.05,2.71,0.54,0.0
62,1987,19565,19565,74.83,8.02,1.07,13.85,2.35,0.38,0.0
62,1988,18840,18840,73.65,9.02,1.14,14.23,2.04,0.35,0.0
62,1989,18565,18565,73.23,9.21,1.24,14.76,1.59,0.3,0.0
62,1990,18140,18140,72.13,9.04,1.52,15.38,2.01,0.22,0.0
62,1991,17710,17710,72.47,8.58,1.58,15.7,1.75,0.2,0.03
62,1992,17210,17210,72.43,8.89,2.03,15.43,1.42,0.12,0.03
62,1993,16175,16175,69.95,9.3,3.25,16.14,1.58,0.09,0.03
62,1994,15855,15855,71.02,8.17,2.87,16.59,1.45,0.09,0.06
62,1995,16345,16345,71.12,7.86,3.15,16.73,1.32,0.09,0.03
62,1996,16480,16480,71.63,7.52,3.64,15.96,1.49,0.18,0.03
62,1997,15925,15925,71.37,7.1,3.83,16.61,1.35,0.09,0.0
62,1998,16385,16385,71.35,7.54,4.18,15.44,1.8,0.15,0.03
62,1999,16350,16350,69.94,8.1,4.8,15.84,1.77,0.18,0.0
62,2000,16760,16760,69.42,8.2,4.83,16.05,2.03,0.18,0.0
62,2001,16535,16535,66.62,8.89,6.17,16.81,2.15,0.27,0.06
62,2002,15885,15885,65.12,9.25,6.01,17.69,2.61,0.28,0.09
62,2003,15370,15370,61.42,9.6,7.22,19.65,3.19,0.39,0.1
62,2004,15470,15470,59.86,8.27,7.24,22.33,3.62,0.32,0.16
62,2005,15585,15585,55.95,7.41,9.11,24.61,4.49,0.22,0.16
62,2006,15815,15815,53.65,7.27,10.53,25.23,5.18,0.41,0.16
62,2007,15710,15710,52.29,6.49,11.52,25.49,6.43,0.35,0.22
62,2008,15740,15740,49.84,6.26,13.02,25.79,7.34,0.57,0.35
62,2009,15470,15470,48.22,6.46,14.8,25.92,7.72,0.68,0.36
62,2010,15465,15465,46.46,5.95,15.94,25.96,8.7,0.58,0.42
62,2011,15350,15350,45.6,5.99,16.03,26.45,9.32,0.85,0.39
62,2012,14535,14535,46.85,5.61,16.75,25.01,9.08,0.79,0.45
62,2013,14625,14625,45.4,5.47,17.95,25.57,10.09,0.96,0.48
62,2014,14375,14370,45.02,5.67,17.57,25.57,9.74,1.18,0.49
62,2015,13375,13375,46.17,5.46,17.2,24.56,10.32,1.35,0.56
62,2016,12780,12780,45.74,5.32,16.67,25.7,10.68,1.56,0.51
62,2017,12460,12455,46.37,4.62,17.3,25.21,10.12,1.2,0.4
62,2018,11595,11595,46.87,5.0,16.95,24.11,11.0,1.34,0.56
62,2019,11455,11455,46.09,4.63,17.37,25.01,10.87,1.35,0.44
62,2020,11100,11100,44.14,4.01,18.87,25.99,10.63,1.22,0.45
62,2021,11205,11205,44.36,4.46,18.92,25.52,10.31,1.38,0.36
62,2022,10840,10840,44.1,3.97,19.42,25.0,10.56,1.38,0.65
62,2023,9915,9905,43.41,3.33,19.84,26.0,11.51,1.26,0.5
62,2024,9720,9710,44.44,2.94,19.82,24.77,11.84,1.44,0.51
63,1900,4205,4205,99.05,0.0,0.24,0.71,0.0,0.0,0.0
63,1901,4670,4670,99.14,0.0,0.21,0.64,0.0,0.0,0.0
63,1902,4700,4700,99.36,0.0,0.11,0.53,0.0,0.0,0.0
63,1903,4565,4565,99.01,0.0,0.22,0.77,0.0,0.0,0.0
63,1904,4605,4605,99.46,0.0,0.11,0.43,0.0,0.0,0.0
63,1905,4930,4930,99.29,0.0,0.0,0.71,0.0,0.0,0.0
63,1906,4855,4855,99.28,0.0,0.1,0.62,0.0,0.0,0.0
63,1907,4840,4840,99.38,0.0,0.21,0.41,0.0,0.0,0.0
63,1908,5165,5165,99.23,0.0,0.1,0.68,0.0,0.0,0.0
63,1909,5085,5085,99.41,0.0,0.0,0.59,0.0,0.0,0.0
63,1910,5370,5370,99.63,0.0,0.0,0.37,0.0,0.0,0.0
63,1911,4990,4990,99.2,0.0,0.1,0.7,0.0,0.0,0.0
63,1912,5270,5270,99.62,0.0,0.09,0.28,0.0,0.0,0.0
63,1913,5360,5360,99.16,0.0,0.0,0.84,0.0,0.0,0.0
63,1914,5435,5435,99.54,0.0,0.09,0.37,0.09,0.0,0.0
63,1915,3425,3425,99.85,0.0,0.0,0.15,0.0,0.0,0.0
63,1916,2245,2245,99.78,0.0,0.0,0.22,0.0,0.0,0.0
63,1917,2690,2690,100.0,0.0,0.0,0.0,0.0,0.0,0.0
63,1918,3250,3250,99.69,0.0,0.0,0.31,0.0,0.0,0.0
63,1919,3335,3335,99.55,0.0,0.0,0.45,0.0,0.0,0.0
63,1920,6300,6300,99.68,0.0,0.0,0.32,0.0,0.0,0.0
63,1921,6550,6550,99.62,0.0,0.08,0.31,0.08,0.0,0.0
63,1922,6455,6455,99.46,0.0,0.0,0.54,0.0,0.0,0.0
63,1923,6235,6235,99.76,0.0,0.0,0.24,0.0,0.0,0.0
63,1924,6335,6335,99.61,0.0,0.0,0.39,0.0,0.0,0.0
63,1925,6510,6510,99.46,0.0,0.0,0.54,0.0,0.0,0.0
63,1926,6735,6735,99.26,0.0,0.07,0.67,0.0,0.0,0.0
63,1927,6510,6510,99.46,0.0,0.0,0.54,0.0,0.0,0.0
63,1928,6615,6615,99.47,0.0,0.0,0.53,0.0,0.0,0.0
63,1929,6270,6270,99.92,0.0,0.0,0.08,0.0,0.0,0.0
63,1930,6460,6460,99.38,0.0,0.0,0.62,0.0,0.0,0.0
63,1931,6075,6075,99.59,0.0,0.0,0.41,0.0,0.0,0.0
63,1932,6000,6000,99.67,0.0,0.0,0.33,0.0,0.0,0.0
63,1933,5870,5870,99.66,0.0,0.0,0.34,0.0,0.0,0.0
63,1934,5850,5850,99.66,0.0,0.09,0.26,0.0,0.0,0.0
63,1935,5525,5525,99.91,0.0,0.0,0.09,0.0,0.0,0.0
63,1936,5310,5310,99.44,0.0,0.19,0.38,0.09,0.0,0.0
63,1937,5150,5150,99.61,0.0,0.1,0.29,0.0,0.0,0.0
63,1938,5130,5130,99.71,0.0,0.0,0.29,0.0,0.0,0.0
63,1939,5320,5320,99.81,0.0,0.0,0.19,0.0,0.0,0.0
63,1940,5205,5205,99.62,0.1,0.1,0.19,0.0,0.0,0.0
63,1941,5090,5090,99.71,0.0,0.2,0.1,0.0,0.0,0.0
63,1942,5905,5905,99.58,0.0,0.17,0.25,0.0,0.0,0.0
63,1943,6625,6625,99.7,0.0,0.08,0.23,0.0,0.0,0.0
63,1944,6505,6505,99.54,0.08,0.08,0.31,0.0,0.0,0.0
63,1945,6150,6150,99.59,0.16,0.08,0.08,0.08,0.0,0.0
63,1946,8605,8605,99.48,0.06,0.17,0.29,0.0,0.0,0.0
63,1947,8640,8640,99.48,0.0,0.23,0.23,0.12,0.0,0.0
63,1948,8725,8725,99.43,0.06,0.23,0.23,0.06,0.0,0.0
63,1949,8615,8615,99.36,0.12,0.23,0.23,0.06,0.06,0.0
63,1950,8405,8405,99.05,0.12,0.3,0.48,0.12,0.0,0.0
63,1951,7930,7930,99.31,0.13,0.25,0.25,0.06,0.0,0.0
63,1952,7705,7705,99.35,0.19,0.19,0.26,0.06,0.0,0.0
63,1953,7375,7375,99.05,0.34,0.14,0.41,0.2,0.0,0.0
63,1954,7610,7610,99.28,0.33,0.2,0.07,0.26,0.13,0.0
63,1955,7465,7465,98.66,0.6,0.2,0.4,0.27,0.07,0.0
63,1956,7720,7720,98.38,0.65,0.19,0.32,0.58,0.13,0.0
63,1957,7515,7515,98.6,0.73,0.07,0.27,0.4,0.07,0.0
63,1958,7260,7260,98.55,0.76,0.07,0.28,0.48,0.07,0.0
63,1959,7505,7505,98.13,0.8,0.2,0.67,0.33,0.13,0.0
63,1960,7350,7350,98.03,0.95,0.07,0.54,0.61,0.07,0.0
63,1961,7545,7545,97.55,0.99,0.07,0.66,0.99,0.2,0.0
63,1962,7450,7450,97.32,0.87,0.07,0.67,1.28,0.27,0.0
63,1963,7865,7865,97.71,0.83,0.13,0.83,0.83,0.06,0.0
63,1964,7925,7925,96.97,1.01,0.19,1.01,1.2,0.19,0.0
63,1965,7725,7725,97.48,0.65,0.13,1.04,0.97,0.26,0.0
63,1966,7785,7785,96.72,0.51,0.26,1.28,1.41,0.26,0.0
63,1967,7830,7830,95.72,0.83,0.26,1.98,1.53,0.19,0.0
63,1968,7835,7835,96.04,0.51,0.51,2.04,1.28,0.19,0.0
63,1969,7885,7885,94.8,0.7,0.51,2.85,1.46,0.19,0.0
63,1970,7905,7905,94.18,0.82,0.7,3.42,1.39,0.19,0.0
63,1971,8410,8410,92.27,1.43,0.83,4.46,1.61,0.06,0.0
63,1972,8600,8600,91.22,1.98,0.87,5.23,1.22,0.12,0.0
63,1973,8225,8225,89.97,2.49,0.97,5.65,1.22,0.06,0.0
63,1974,7665,7665,89.5,2.61,0.78,6.0,1.57,0.26,0.0
63,1975,6755,6755,89.34,3.4,0.37,5.77,1.55,0.22,0.0
63,1976,6490,6490,88.75,3.85,0.54,5.39,1.69,0.31,0.0
63,1977,6685,6685,87.43,5.09,0.37,5.68,1.94,0.22,0.0
63,1978,6775,6775,86.64,4.87,0.59,6.13,2.29,0.37,0.0
63,1979,6775,6775,86.05,5.61,0.59,6.05,2.14,0.07,0.0
63,1980,7070,7070,86.35,5.23,0.35,5.87,2.48,0.07,0.0
63,1981,7135,7135,84.79,5.68,0.42,6.87,2.59,0.28,0.0
63,1982,6945,6945,83.15,6.26,0.43,7.34,3.02,0.36,0.0
63,1983,6365,6365,84.29,6.76,0.31,7.15,1.65,0.24,0.0
63,1984,6560,6560,82.24,7.32,0.69,7.32,2.67,0.46,0.0
63,1985,6225,6225,82.41,7.71,0.4,7.87,1.85,0.16,0.0
63,1986,6390,6390,80.36,7.67,0.55,9.08,2.66,0.31,0.0
63,1987,6245,6245,79.02,8.57,0.48,9.69,2.48,0.32,0.0
63,1988,6085,6085,78.47,9.2,0.66,9.78,2.22,0.0,0.0
63,1989,5940,5940,77.78,9.09,0.93,10.35,2.02,0.34,0.0
63,1990,5880,5880,75.68,9.78,1.02,12.41,1.62,0.09,0.0
63,1991,5830,5830,74.53,11.32,0.77,11.92,1.72,0.0,0.0
63,1992,5670,5670,72.84,11.02,2.12,12.17,2.2,0.0,0.09
63,1993,5220,5220,74.14,10.73,1.34,12.26,1.72,0.1,0.0
63,1994,5085,5085,75.61,9.05,2.16,11.7,1.97,0.1,0.0
63,1995,5240,5240,73.47,9.54,2.39,13.07,2.1,0.1,0.0
63,1996,5195,5195,74.98,9.53,2.31,11.93,2.02,0.1,0.0
63,1997,5215,5215,73.73,9.59,2.88,12.37,2.11,0.1,0.0
63,1998,5455,5455,71.86,8.89,3.57,13.47,2.93,0.09,0.0
63,1999,5555,5555,71.92,10.17,3.24,12.51,2.97,0.18,0.0
63,2000,5705,5705,70.82,9.2,4.03,13.5,3.33,0.26,0.0
63,2001,5745,5745,67.28,9.92,4.7,15.67,3.31,0.17,0.09
63,2002,5535,5535,65.04,8.4,5.33,17.98,4.43,0.27,0.09
63,2003,5655,5655,62.33,8.84,6.1,19.19,4.69,0.27,0.09
63,2004,5620,5620,59.7,7.65,6.94,20.82,6.49,0.27,0.18
63,2005,5585,5585,58.01,7.97,7.43,20.86,7.79,0.45,0.09
63,2006,5675,5675,56.56,5.99,9.34,22.11,7.75,0.09,0.35
63,2007,5515,5515,55.12,6.62,9.25,22.3,8.7,0.63,0.09
63,2008,5370,5370,53.35,6.61,10.8,22.16,9.22,0.37,0.28
63,2009,5250,5250,53.14,6.19,11.24,23.14,9.71,0.48,0.29
63,2010,5480,5480,51.19,6.66,10.95,24.09,10.04,0.55,0.27
63,2011,5260,5260,50.1,6.65,11.12,24.52,11.5,0.48,0.38
63,2012,5305,5305,48.92,5.47,11.4,25.64,11.88,0.47,0.66
63,2013,5135,5135,48.88,5.84,12.85,25.32,12.46,0.78,0.19
63,2014,5305,5305,48.26,5.18,12.06,26.39,12.63,0.66,0.28
63,2015,5055,5055,48.76,5.14,11.87,24.33,14.34,0.79,0.49
63,2016,4835,4835,47.67,4.96,11.58,25.96,13.75,1.03,0.52
63,2017,4865,4865,47.69,4.83,11.82,26.0,13.87,1.03,0.41
63,2018,4935,4935,46.71,4.86,12.77,25.23,15.5,1.11,0.3
63,2019,4755,4755,46.58,4.31,13.04,26.39,13.67,1.47,0.63
63,2020,4530,4530,44.92,3.75,13.47,26.71,14.46,1.43,0.66
63,2021,4710,4710,44.16,3.82,14.76,27.39,14.54,1.06,0.21
63,2022,4430,4430,44.24,4.06,14.56,24.94,16.25,1.47,0.56
63,2023,3895,3895,43.52,3.98,14.25,27.98,16.3,1.93,0.26
63,2024,3755,3755,44.07,4.13,14.65,24.9,17.18,2.66,0.13
64,1900,4940,4940,98.68,0.0,0.3,1.01,0.0,0.0,0.0
64,1901,5350,5350,99.07,0.0,0.19,0.75,0.0,0.0,0.0
64,1902,5595,5595,98.93,0.0,0.18,0.89,0.0,0.0,0.0
64,1903,5570,5570,98.74,0.0,0.27,0.9,0.09,0.0,0.0
64,1904,5780,5780,98.79,0.0,0.26,0.95,0.0,0.0,0.0
64,1905,5895,5895,98.56,0.0,0.51,0.93,0.0,0.0,0.0
64,1906,6000,6000,98.75,0.0,0.17,1.08,0.0,0.0,0.0
64,1907,5870,5870,98.3,0.0,0.34,1.36,0.0,0.0,0.0
64,1908,6460,6460,98.53,0.0,0.46,1.01,0.0,0.0,0.0
64,1909,6175,6170,98.38,0.0,0.24,1.38,0.0,0.0,0.0
64,1910,6505,6505,98.39,0.0,0.23,1.38,0.0,0.0,0.0
64,1911,6125,6125,98.53,0.0,0.16,1.31,0.0,0.0,0.0
64,1912,6495,6495,98.77,0.0,0.15,1.08,0.0,0.0,0.0
64,1913,6270,6270,98.41,0.0,0.24,1.36,0.0,0.0,0.0
64,1914,6285,6285,98.49,0.0,0.08,1.43,0.0,0.0,0.0
64,1915,4355,4355,98.62,0.0,0.46,0.92,0.0,0.0,0.0
64,1916,3150,3150,97.3,0.0,0.16,2.54,0.0,0.0,0.0
64,1917,3470,3470,97.98,0.0,0.14,1.87,0.0,0.0,0.0
64,1918,3960,3960,98.61,0.0,0.13,1.26,0.0,0.0,0.0
64,1919,4000,4000,99.0,0.0,0.12,0.88,0.0,0.0,0.0
64,1920,6120,6120,98.53,0.0,0.41,1.06,0.0,0.0,0.0
64,1921,6300,6300,99.05,0.0,0.0,0.95,0.0,0.0,0.0
64,1922,6075,6075,98.6,0.0,0.16,1.15,0.08,0.0,0.0
64,1923,6295,6295,99.13,0.0,0.08,0.79,0.0,0.0,0.0
64,1924,6385,6385,99.22,0.0,0.08,0.7,0.0,0.0,0.0
64,1925,6310,6310,98.73,0.0,0.16,1.11,0.0,0.0,0.0
64,1926,6525,6525,98.93,0.0,0.15,0.92,0.0,0.0,0.0
64,1927,6350,6350,98.35,0.0,0.08,1.57,0.0,0.0,0.0
64,1928,6540,6540,98.7,0.0,0.08,1.22,0.0,0.0,0.0
64,1929,6310,6310,98.81,0.0,0.0,1.19,0.0,0.0,0.0
64,1930,6460,6460,98.76,0.0,0.15,1.08,0.0,0.0,0.0
64,1931,6490,6490,98.77,0.0,0.15,1.08,0.0,0.0,0.0
64,1932,6370,6370,98.98,0.0,0.08,0.94,0.0,0.0,0.0
64,1933,5795,5795,99.05,0.0,0.09,0.86,0.0,0.0,0.0
64,1934,5920,5920,99.32,0.0,0.0,0.68,0.0,0.0,0.0
64,1935,5470,5470,98.99,0.09,0.0,0.91,0.0,0.0,0.0
64,1936,5555,5555,99.1,0.0,0.09,0.81,0.0,0.0,0.0
64,1937,5440,5440,98.81,0.0,0.18,1.01,0.0,0.0,0.0
64,1938,5415,5415,98.89,0.0,0.09,1.02,0.0,0.0,0.0
64,1939,5585,5585,98.21,0.09,0.18,1.52,0.0,0.0,0.0
64,1940,5315,5315,99.06,0.0,0.0,0.94,0.0,0.0,0.0
64,1941,4930,4930,98.88,0.1,0.1,0.91,0.0,0.0,0.0
64,1942,5165,5165,99.42,0.0,0.0,0.58,0.0,0.0,0.0
64,1943,5505,5505,99.36,0.09,0.09,0.45,0.0,0.0,0.0
64,1944,5475,5475,99.18,0.0,0.09,0.73,0.09,0.0,0.0
64,1945,5225,5225,99.33,0.0,0.0,0.67,0.0,0.0,0.0
64,1946,7370,7370,99.32,0.07,0.07,0.54,0.0,0.0,0.0
64,1947,7675,7675,99.09,0.07,0.13,0.65,0.07,0.0,0.0
64,1948,7905,7905,98.92,0.13,0.06,0.89,0.0,0.0,0.0
64,1949,7595,7595,99.21,0.13,0.13,0.53,0.0,0.0,0.0
64,1950,7665,7665,98.89,0.2,0.13,0.72,0.13,0.0,0.0
64,1951,7250,7250,99.03,0.07,0.28,0.55,0.07,0.0,0.0
64,1952,7015,7015,99.07,0.14,0.29,0.5,0.0,0.0,0.0
64,1953,6970,6970,99.07,0.22,0.14,0.5,0.14,0.0,0.0
64,1954,6965,6965,98.85,0.36,0.14,0.57,0.14,0.0,0.0
64,1955,7010,7010,98.86,0.29,0.07,0.71,0.14,0.0,0.0
64,1956,7010,7010,98.86,0.43,0.14,0.5,0.21,0.0,0.0
64,1957,7125,7125,98.32,0.49,0.14,1.05,0.07,0.0,0.0
64,1958,7335,7335,98.43,0.68,0.14,0.61,0.27,0.0,0.0
64,1959,7490,7490,98.2,1.07,0.07,0.6,0.13,0.0,0.0
64,1960,7880,7880,98.1,0.76,0.13,1.02,0.25,0.0,0.0
64,1961,7925,7925,97.85,0.82,0.13,1.14,0.19,0.0,0.0
64,1962,8060,8060,97.7,0.74,0.12,1.3,0.25,0.0,0.0
64,1963,8265,8265,97.52,0.97,0.18,1.21,0.3,0.0,0.0
64,1964,8455,8455,98.23,0.77,0.06,0.83,0.41,0.0,0.0
64,1965,8145,8145,97.54,0.8,0.25,1.29,0.31,0.0,0.0
64,1966,8095,8095,97.59,0.86,0.12,1.3,0.49,0.0,0.0
64,1967,7815,7810,97.57,0.83,0.13,1.28,0.58,0.0,0.0
64,1968,7625,7625,96.85,0.85,0.26,1.7,0.85,0.07,0.0
64,1969,7765,7765,96.46,0.9,0.19,2.19,0.71,0.0,0.0
64,1970,7945,7945,94.97,1.07,0.57,2.96,1.07,0.06,0.0
64,1971,8030,8030,93.71,1.62,0.68,3.61,0.87,0.12,0.0
64,1972,7730,7730,93.73,1.88,0.58,3.62,0.71,0.0,0.0
64,1973,7480,7480,92.51,2.61,0.8,3.48,1.2,0.0,0.0
64,1974,6880,6880,91.21,2.83,0.73,4.65,0.94,0.0,0.0
64,1975,6230,6230,90.29,2.97,1.04,4.98,1.12,0.0,0.0
64,1976,6125,6125,90.37,3.27,1.39,4.08,1.31,0.08,0.0
64,1977,6385,6385,88.72,4.23,1.1,5.17,1.02,0.0,0.0
64,1978,6305,6305,86.28,5.23,1.35,6.19,1.35,0.08,0.0
64,1979,6365,6365,86.49,5.34,1.41,5.97,1.34,0.0,0.0
64,1980,6865,6865,85.72,5.61,1.31,6.48,1.31,0.07,0.0
64,1981,6870,6870,84.35,5.82,1.67,7.06,1.6,0.0,0.0
64,1982,6600,6600,84.17,5.68,1.29,7.8,1.36,0.15,0.0
64,1983,6310,6310,83.6,5.78,1.19,8.48,1.27,0.32,0.0
64,1984,6375,6375,81.1,6.75,1.25,10.04,1.18,0.0,0.0
64,1985,6275,6275,80.08,7.25,1.51,10.2,1.2,0.0,0.0
64,1986,6360,6360,79.17,7.23,1.02,11.64,1.1,0.0,0.0
64,1987,6390,6390,78.79,7.43,1.25,11.82,0.86,0.0,0.0
64,1988,6350,6350,77.64,8.9,1.42,11.5,0.87,0.0,0.0
64,1989,6320,6320,74.37,8.86,1.74,14.24,1.03,0.08,0.0
64,1990,6290,6290,74.4,9.22,1.67,14.15,0.79,0.0,0.0
64,1991,6220,6215,74.42,9.81,1.69,13.68,0.72,0.0,0.0
64,1992,6085,6085,72.97,9.53,2.47,14.38,0.99,0.0,0.0
64,1993,5775,5775,72.55,10.74,2.51,13.51,1.21,0.0,0.0
64,1994,5845,5840,71.66,9.08,2.74,15.92,0.86,0.0,0.09
64,1995,5980,5980,72.16,9.53,2.59,15.13,1.17,0.0,0.0
64,1996,5990,5990,69.7,9.93,3.51,16.53,1.0,0.0,0.0
64,1997,6045,6045,71.63,8.52,3.39,16.05,1.08,0.0,0.0
64,1998,6165,6165,67.72,9.25,3.89,18.57,1.38,0.08,0.0
64,1999,6305,6305,67.57,9.52,4.36,17.21,2.14,0.32,0.0
64,2000,6640,6640,65.21,9.34,5.35,18.67,2.11,0.15,0.08
64,2001,6270,6270,62.76,9.25,5.42,21.13,3.03,0.24,0.0
64,2002,6175,6175,60.89,9.31,5.67,22.11,3.4,0.16,0.0
64,2003,6215,6215,55.75,8.61,7.72,25.34,4.51,0.24,0.24
64,2004,6045,6045,53.68,7.61,8.93,27.13,5.38,0.25,0.17
64,2005,6075,6075,51.77,6.91,9.3,29.3,5.19,0.41,0.25
64,2006,6280,6275,49.72,6.22,10.6,30.36,6.29,0.16,0.16
64,2007,5915,5915,49.2,5.33,12.68,29.42,7.19,0.42,0.17
64,2008,6055,6055,47.56,5.78,11.56,30.72,7.6,0.17,0.25
64,2009,6280,6275,46.06,5.98,13.78,29.88,8.45,0.4,0.4
64,2010,6185,6185,43.57,5.82,15.04,30.8,9.05,0.32,0.49
64,2011,6020,6015,43.56,5.82,13.72,31.26,9.73,0.42,0.5
64,2012,5905,5900,45.85,5.51,13.9,30.0,8.39,0.42,0.51
64,2013,5790,5790,44.56,5.35,14.51,31.61,9.24,0.35,0.17
64,2014,5835,5835,44.13,5.14,15.08,31.71,8.83,0.6,0.34
64,2015,5655,5640,43.88,5.67,15.34,30.14,10.28,0.89,0.35
64,2016,5505,5505,45.14,4.63,14.53,31.06,8.72,0.36,0.45
64,2017,5305,5305,43.83,4.9,15.46,31.29,9.43,0.57,0.28
64,2018,5245,5240,42.84,4.58,15.55,31.58,10.21,0.67,0.38
64,2019,5260,5260,43.54,5.04,14.73,32.32,8.84,0.76,0.29
64,2020,5320,5315,41.2,4.8,15.99,32.64,9.69,0.75,0.56
64,2021,5525,5520,40.4,4.17,17.66,32.7,9.42,0.63,0.36
64,2022,5385,5375,40.28,4.37,16.47,33.3,10.14,0.47,0.37
64,2023,5010,5005,41.46,4.4,14.99,33.57,9.69,0.8,0.5
64,2024,4850,4850,42.99,4.02,16.19,32.47,8.25,0.62,0.31
65,1900,1690,1690,99.7,0.0,0.0,0.3,0.0,0.0,0.0
65,1901,1925,1925,98.18,0.0,0.52,1.3,0.0,0.0,0.0
65,1902,2030,2030,98.03,0.0,0.25,1.72,0.0,0.0,0.0
65,1903,1975,1975,98.23,0.0,0.51,1.27,0.0,0.0,0.0
65,1904,1900,1900,98.95,0.0,0.26,0.79,0.0,0.0,0.0
65,1905,1940,1940,99.23,0.0,0.26,0.52,0.0,0.0,0.0
65,1906,2070,2070,98.55,0.0,0.24,0.97,0.24,0.0,0.0
65,1907,2090,2090,98.8,0.0,0.24,0.96,0.0,0.0,0.0
65,1908,2150,2150,98.6,0.0,0.23,1.16,0.0,0.0,0.0
65,1909,2170,2170,99.08,0.0,0.0,0.92,0.0,0.0,0.0
65,1910,2195,2195,98.41,0.0,0.0,1.37,0.23,0.0,0.0
65,1911,2130,2130,97.18,0.0,0.47,2.11,0.23,0.0,0.0
65,1912,2115,2115,99.05,0.0,0.0,0.95,0.0,0.0,0.0
65,1913,2145,2145,98.6,0.0,0.0,1.17,0.23,0.0,0.0
65,1914,2145,2145,99.07,0.0,0.0,0.93,0.0,0.0,0.0
65,1915,1490,1490,98.99,0.0,0.0,1.01,0.0,0.0,0.0
65,1916,1140,1140,98.25,0.0,0.0,1.75,0.0,0.0,0.0
65,1917,1325,1325,99.25,0.0,0.0,0.75,0.0,0.0,0.0
65,1918,1555,1555,99.36,0.0,0.0,0.64,0.0,0.0,0.0
65,1919,1445,1445,98.96,0.0,0.0,1.04,0.0,0.0,0.0
65,1920,2375,2375,99.37,0.0,0.0,0.63,0.0,0.0,0.0
65,1921,2405,2405,98.75,0.0,0.0,1.25,0.0,0.0,0.0
65,1922,2520,2520,98.61,0.0,0.0,1.39,0.0,0.0,0.0
65,1923,2375,2375,98.95,0.0,0.0,1.05,0.0,0.0,0.0
65,1924,2455,2455,98.78,0.0,0.0,1.22,0.0,0.0,0.0
65,1925,2455,2455,99.19,0.0,0.2,0.61,0.0,0.0,0.0
65,1926,2410,2410,98.96,0.0,0.0,1.04,0.0,0.0,0.0
65,1927,2440,2440,98.98,0.0,0.0,1.02,0.0,0.0,0.0
65,1928,2395,2395,99.79,0.0,0.0,0.21,0.0,0.0,0.0
65,1929,2430,2430,99.18,0.0,0.0,0.82,0.0,0.0,0.0
65,1930,2540,2540,99.02,0.0,0.0,0.98,0.0,0.0,0.0
65,1931,2605,2605,98.66,0.0,0.0,1.34,0.0,0.0,0.0
65,1932,2380,2380,99.16,0.0,0.21,0.63,0.0,0.0,0.0
65,1933,2260,2260,99.12,0.0,0.0,0.88,0.0,0.0,0.0
65,1934,2365,2365,99.58,0.0,0.0,0.42,0.0,0.0,0.0
65,1935,2225,2225,99.33,0.0,0.0,0.67,0.0,0.0,0.0
65,1936,2190,2190,99.54,0.0,0.0,0.46,0.0,0.0,0.0
65,1937,2065,2065,99.76,0.0,0.0,0.24,0.0,0.0,0.0
65,1938,2165,2165,100.0,0.0,0.0,0.0,0.0,0.0,0.0
65,1939,2200,2200,99.32,0.0,0.0,0.68,0.0,0.0,0.0
65,1940,2200,2200,99.32,0.0,0.0,0.68,0.0,0.0,0.0
65,1941,2290,2290,99.13,0.22,0.22,0.44,0.0,0.0,0.0
65,1942,2360,2360,99.58,0.0,0.0,0.42,0.0,0.0,0.0
65,1943,2600,2600,100.0,0.0,0.0,0.0,0.0,0.0,0.0
65,1944,2450,2450,98.78,0.0,0.2,1.02,0.0,0.0,0.0
65,1945,2375,2375,99.79,0.0,0.0,0.21,0.0,0.0,0.0
65,1946,3320,3320,99.85,0.0,0.0,0.15,0.0,0.0,0.0
65,1947,3465,3465,98.99,0.14,0.0,0.87,0.0,0.0,0.0
65,1948,3440,3440,98.84,0.0,0.15,0.87,0.15,0.0,0.0
65,1949,3575,3575,99.44,0.14,0.14,0.28,0.0,0.0,0.0
65,1950,3530,3530,99.01,0.14,0.0,0.85,0.0,0.0,0.0
65,1951,3345,3345,98.8,0.3,0.3,0.6,0.0,0.0,0.0
65,1952,3370,3370,98.66,0.45,0.15,0.74,0.0,0.0,0.0
65,1953,3365,3365,99.41,0.45,0.15,0.0,0.15,0.0,0.0
65,1954,3220,3220,99.07,0.31,0.0,0.47,0.31,0.0,0.0
65,1955,3155,3155,98.89,0.79,0.0,0.16,0.32,0.0,0.0
65,1956,3135,3135,99.2,0.8,0.0,0.0,0.16,0.0,0.0
65,1957,3185,3185,98.12,1.41,0.0,0.47,0.16,0.0,0.0
65,1958,3105,3105,98.55,1.13,0.0,0.16,0.32,0.0,0.0
65,1959,3120,3120,97.92,1.28,0.0,0.64,0.48,0.0,0.0
65,1960,3220,3220,97.52,1.4,0.0,0.93,0.31,0.0,0.0
65,1961,3255,3255,98.16,1.38,0.0,0.46,0.31,0.0,0.0
65,1962,3225,3225,98.14,1.4,0.0,0.47,0.31,0.0,0.0
65,1963,3500,3500,98.0,1.29,0.0,0.71,0.43,0.0,0.0
65,1964,3510,3510,98.01,1.14,0.0,0.57,0.57,0.0,0.0
65,1965,3435,3435,98.54,0.87,0.0,0.58,0.29,0.0,0.0
65,1966,3310,3310,98.04,1.06,0.0,0.76,0.6,0.0,0.0
65,1967,3185,3185,97.96,0.78,0.0,1.1,0.63,0.0,0.0
65,1968,3270,3270,98.78,0.76,0.0,0.46,0.46,0.0,0.0
65,1969,3100,3100,97.9,1.13,0.16,0.48,0.81,0.0,0.0
65,1970,3235,3235,97.68,1.24,0.0,0.93,1.24,0.0,0.0
65,1971,3155,3155,96.67,1.74,0.16,1.11,1.11,0.16,0.0
65,1972,3120,3120,95.83,2.24,0.48,1.28,0.8,0.0,0.0
65,1973,2850,2850,93.86,2.81,0.53,2.46,1.05,0.0,0.0
65,1974,2420,2420,93.39,3.31,0.62,2.48,1.03,0.0,0.0
65,1975,2110,2110,93.84,2.84,0.0,2.61,0.95,0.0,0.0
65,1976,2175,2175,93.1,3.68,0.46,2.53,0.69,0.0,0.0
65,1977,2075,2075,91.57,5.54,0.48,1.69,1.2,0.0,0.0
65,1978,2060,2060,89.08,6.07,0.24,4.37,0.73,0.0,0.0
65,1979,2010,2010,88.81,6.72,0.5,3.48,0.75,0.0,0.0
65,1980,2220,2220,88.96,6.31,0.45,3.38,1.35,0.0,0.0
65,1981,2185,2185,88.56,6.64,0.46,3.89,0.69,0.0,0.0
65,1982,2205,2205,86.62,7.26,0.23,5.67,0.68,0.23,0.0
65,1983,2135,2135,86.65,7.73,0.0,5.15,0.7,0.0,0.0
65,1984,2070,2070,84.78,8.45,0.48,6.28,0.24,0.0,0.0
65,1985,2060,2060,83.98,8.25,0.24,7.52,0.49,0.0,0.0
65,1986,2060,2060,83.98,7.28,0.24,7.77,0.97,0.0,0.0
65,1987,2025,2025,81.73,8.4,0.0,9.88,0.0,0.0,0.0
65,1988,2125,2125,80.71,7.76,0.71,10.82,0.0,0.0,0.0
65,1989,1970,1970,77.66,10.91,0.25,10.66,0.76,0.0,0.0
65,1990,2035,2035,75.92,11.3,0.49,11.79,0.74,0.25,0.0
65,1991,1955,1955,76.73,12.02,0.51,10.74,0.26,0.0,0.0
65,1992,1905,1905,75.33,11.02,0.79,12.86,0.52,0.0,0.0
65,1993,1765,1765,77.34,10.48,1.7,10.48,0.28,0.0,0.0
65,1994,1735,1735,77.23,11.53,1.15,10.09,0.29,0.0,0.0
65,1995,1765,1765,75.92,11.61,1.7,10.48,0.28,0.0,0.0
65,1996,1830,1830,74.04,11.75,1.37,12.3,1.09,0.0,0.0
65,1997,1810,1810,73.2,11.6,3.04,11.88,1.1,0.0,0.0
65,1998,1830,1830,74.04,10.11,2.73,13.11,1.09,0.0,0.0
65,1999,1880,1880,72.07,11.17,3.46,12.77,0.8,0.27,0.27
65,2000,1775,1775,72.39,10.42,3.66,13.24,1.41,0.0,0.0
65,2001,1925,1925,68.31,11.95,4.42,14.29,1.3,0.26,0.0
65,2002,1720,1720,62.79,11.63,5.23,19.19,2.62,0.0,0.0
65,2003,1610,1610,61.49,10.56,5.59,20.5,3.11,0.0,0.0
65,2004,1705,1705,61.0,10.56,5.57,20.82,3.23,0.29,0.0
65,2005,1580,1580,59.18,9.18,6.33,23.1,4.43,0.63,0.0
65,2006,1585,1585,56.78,6.94,7.57,27.13,4.1,0.0,0.32
65,2007,1600,1600,56.56,6.88,10.94,22.5,5.62,0.31,0.31
65,2008,1370,1370,51.09,7.3,11.68,27.01,5.84,0.73,0.36
65,2009,1430,1430,56.99,8.04,9.09,22.73,5.94,0.0,0.35
65,2010,1325,1325,52.83,6.79,12.83,24.91,9.06,0.0,0.0
65,2011,1220,1220,52.05,7.79,12.3,25.41,6.15,0.0,0.0
65,2012,1315,1315,50.95,5.32,11.79,26.62,9.51,0.0,0.38
65,2013,1275,1275,51.76,5.88,10.2,28.24,7.45,0.39,0.39
65,2014,1215,1215,50.62,5.76,12.35,27.57,7.0,1.23,0.82
65,2015,1100,1100,52.73,6.36,12.27,25.91,9.55,0.45,0.0
65,2016,1050,1050,50.0,7.62,11.9,27.14,9.05,0.48,0.0
65,2017,1055,1055,54.03,5.21,9.48,27.49,6.64,0.0,0.47
65,2018,900,900,51.67,6.67,10.56,29.44,6.11,0.0,0.0
65,2019,875,875,43.43,5.71,13.14,32.57,10.86,0.57,0.0
65,2020,950,950,46.32,6.32,12.63,31.05,7.37,1.05,0.0
65,2021,995,995,42.21,6.03,15.08,34.17,10.05,0.0,0.0
65,2022,905,905,44.75,6.08,14.92,29.83,9.39,1.1,1.1
65,2023,805,805,43.48,3.73,15.53,32.92,9.32,0.62,0.0
65,2024,690,690,47.83,3.62,15.22,31.88,8.7,0.72,0.0
66,1900,2310,2305,99.57,0.0,0.0,0.43,0.0,0.0,0.0
66,1901,2410,2410,99.17,0.0,0.41,0.41,0.0,0.0,0.0
66,1902,2445,2445,99.39,0.0,0.0,0.61,0.0,0.0,0.0
66,1903,2445,2445,99.18,0.0,0.0,0.82,0.0,0.0,0.0
66,1904,2545,2545,99.21,0.0,0.39,0.39,0.0,0.0,0.0
66,1905,2695,2695,99.26,0.0,0.0,0.74,0.0,0.0,0.0
66,1906,2750,2750,99.09,0.0,0.0,0.91,0.0,0.0,0.0
66,1907,2485,2485,99.6,0.0,0.0,0.4,0.0,0.0,0.0
66,1908,2815,2815,99.29,0.0,0.18,0.53,0.0,0.0,0.0
66,1909,2730,2730,99.08,0.0,0.0,0.92,0.0,0.0,0.0
66,1910,2735,2735,99.09,0.0,0.18,0.73,0.0,0.0,0.0
66,1911,2650,2650,99.25,0.0,0.0,0.75,0.0,0.0,0.0
66,1912,2845,2845,99.65,0.0,0.0,0.35,0.0,0.0,0.0
66,1913,2830,2830,98.76,0.0,0.35,0.88,0.0,0.0,0.0
66,1914,2615,2615,99.43,0.0,0.19,0.38,0.0,0.0,0.0
66,1915,1775,1775,99.15,0.0,0.0,0.85,0.0,0.0,0.0
66,1916,1220,1220,99.18,0.0,0.0,0.82,0.0,0.0,0.0
66,1917,1430,1430,98.6,0.0,0.0,1.4,0.0,0.0,0.0
66,1918,1810,1810,98.62,0.0,0.28,1.1,0.0,0.0,0.0
66,1919,2005,2005,99.5,0.0,0.0,0.5,0.0,0.0,0.0
66,1920,3360,3360,99.4,0.0,0.0,0.6,0.0,0.0,0.0
66,1921,3260,3260,99.85,0.0,0.0,0.15,0.0,0.0,0.0
66,1922,2885,2885,99.31,0.0,0.0,0.69,0.0,0.0,0.0
66,1923,2885,2885,99.31,0.0,0.0,0.69,0.0,0.0,0.0
66,1924,2840,2840,99.65,0.0,0.0,0.35,0.0,0.0,0.0
66,1925,2750,2750,99.45,0.0,0.18,0.36,0.0,0.0,0.0
66,1926,2825,2825,99.47,0.0,0.0,0.53,0.0,0.0,0.0
66,1927,2755,2755,98.55,0.0,0.18,1.09,0.18,0.0,0.0
66,1928,2750,2750,99.27,0.0,0.0,0.73,0.0,0.0,0.0
66,1929,2840,2840,98.94,0.0,0.18,0.88,0.0,0.0,0.0
66,1930,2775,2775,99.1,0.0,0.36,0.54,0.0,0.0,0.0
66,1931,2760,2760,98.73,0.0,0.0,1.27,0.0,0.0,0.0
66,1932,2755,2755,98.55,0.0,0.0,1.45,0.0,0.0,0.0
66,1933,2600,2600,99.04,0.0,0.0,0.96,0.0,0.0,0.0
66,1934,2445,2445,99.18,0.0,0.0,0.82,0.0,0.0,0.0
66,1935,2410,2410,98.96,0.0,0.41,0.62,0.0,0.0,0.0
66,1936,2340,2340,99.36,0.0,0.0,0.64,0.0,0.0,0.0
66,1937,2170,2170,99.54,0.0,0.0,0.46,0.0,0.0,0.0
66,1938,2055,2055,99.76,0.0,0.0,0.24,0.0,0.0,0.0
66,1939,2270,2270,98.46,0.0,0.0,1.54,0.0,0.0,0.0
66,1940,2170,2170,97.24,0.0,0.0,2.76,0.0,0.0,0.0
66,1941,2275,2275,96.26,0.0,0.0,3.74,0.0,0.0,0.0
66,1942,2370,2370,98.31,0.0,0.0,1.69,0.0,0.0,0.0
66,1943,2475,2475,98.18,0.0,0.0,1.82,0.0,0.0,0.0
66,1944,2350,2350,99.36,0.0,0.0,0.64,0.0,0.0,0.0
66,1945,2485,2485,98.79,0.0,0.0,1.21,0.0,0.0,0.0
66,1946,3990,3990,99.37,0.0,0.13,0.5,0.0,0.0,0.0
66,1947,4105,4105,99.27,0.0,0.0,0.73,0.0,0.0,0.0
66,1948,3755,3755,98.54,0.0,0.13,1.2,0.27,0.0,0.0
66,1949,3680,3680,98.91,0.14,0.27,0.68,0.14,0.0,0.0
66,1950,3380,3380,98.52,0.15,0.15,1.04,0.3,0.0,0.0
66,1951,3255,3255,99.08,0.0,0.15,0.61,0.15,0.0,0.0
66,1952,3185,3185,98.9,0.0,0.0,1.1,0.16,0.0,0.0
66,1953,3085,3085,99.19,0.16,0.0,0.65,0.16,0.0,0.0
66,1954,3000,3000,98.67,0.67,0.0,0.5,0.33,0.17,0.0
66,1955,2875,2875,98.78,0.52,0.0,0.35,0.35,0.0,0.0
66,1956,2915,2915,97.94,0.86,0.0,0.69,0.69,0.17,0.0
66,1957,2970,2970,98.15,0.84,0.0,0.51,0.67,0.0,0.0
66,1958,3085,3085,97.08,0.81,0.0,1.13,0.97,0.16,0.0
66,1959,3295,3295,96.05,1.06,0.0,1.52,1.52,0.15,0.0
66,1960,3230,3230,96.9,1.08,0.0,1.08,1.08,0.15,0.0
66,1961,3305,3305,95.92,1.06,0.0,1.06,2.27,0.3,0.0
66,1962,3635,3635,93.54,1.1,0.0,2.06,3.71,0.55,0.0
66,1963,4070,4070,88.7,0.86,0.0,2.09,8.6,2.09,0.0
66,1964,3895,3895,93.45,0.64,0.0,1.8,4.49,0.9,0.0
66,1965,3740,3740,94.79,0.67,0.0,3.07,1.6,0.4,0.0
66,1966,3715,3715,93.81,0.67,0.0,3.63,2.02,0.54,0.0
66,1967,3730,3730,93.16,0.8,0.0,3.75,2.68,0.54,0.0
66,1968,3450,3450,93.91,0.72,0.0,3.19,2.46,0.43,0.0
66,1969,3545,3545,92.38,1.27,0.0,4.65,2.12,0.28,0.0
66,1970,3610,3610,94.32,0.97,0.0,2.63,2.63,0.42,0.0
66,1971,3470,3470,92.65,2.02,0.14,2.74,2.88,0.43,0.0
66,1972,3545,3545,91.96,2.12,0.14,3.39,2.96,0.42,0.0
66,1973,3275,3275,90.23,3.21,0.61,3.82,2.44,0.61,0.0
66,1974,3080,3080,91.4,2.76,0.16,3.57,2.6,0.49,0.0
66,1975,2870,2870,90.07,3.66,0.7,2.96,2.96,0.35,0.0
66,1976,2825,2825,89.91,3.89,0.35,4.07,2.12,0.53,0.0
66,1977,2990,2990,86.96,4.68,0.33,5.85,2.51,0.17,0.0
66,1978,2930,2930,85.32,6.83,0.51,5.12,2.56,0.51,0.0
66,1979,3095,3095,84.33,5.98,0.48,6.62,2.91,0.48,0.0
66,1980,3435,3435,83.41,6.4,0.44,6.84,3.35,0.29,0.0
66,1981,3445,3445,81.71,7.11,0.29,7.84,3.48,0.44,0.0
66,1982,3355,3355,79.88,7.15,0.3,9.24,3.87,0.45,0.0
66,1983,3270,3270,80.58,6.42,0.15,9.48,3.98,0.46,0.0
66,1984,3280,3280,77.9,8.08,0.46,10.37,3.66,0.61,0.0
66,1985,3430,3430,77.99,7.29,0.44,10.79,4.37,0.44,0.0
66,1986,3520,3520,75.99,9.09,0.43,11.79,2.98,0.14,0.0
66,1987,3405,3405,75.77,8.66,0.88,12.04,2.94,0.29,0.0
66,1988,3350,3350,72.39,10.45,0.75,13.73,2.99,0.3,0.0
66,1989,3400,3400,73.68,10.29,1.32,11.62,3.53,0.15,0.0
66,1990,3375,3375,72.59,10.81,0.89,12.74,3.11,0.15,0.0
66,1991,3405,3405,70.63,10.43,1.47,14.24,3.52,0.29,0.0
66,1992,3345,3345,67.86,10.61,1.49,16.89,3.59,0.15,0.0
66,1993,3265,3265,67.69,10.41,1.68,16.08,4.44,0.46,0.0
66,1994,3090,3090,68.28,11.0,2.43,14.72,4.21,0.49,0.0
66,1995,3355,3355,68.7,9.69,2.83,14.61,4.77,0.6,0.0
66,1996,3305,3305,70.2,9.83,2.57,14.22,3.48,0.15,0.0
66,1997,3185,3185,68.6,10.36,3.14,15.7,2.98,0.0,0.0
66,1998,3300,3300,65.76,9.55,3.79,16.97,4.7,0.76,0.0
66,1999,3435,3435,63.03,11.06,3.64,17.9,5.24,0.73,0.0
66,2000,3690,3690,61.38,10.98,4.2,17.34,7.05,0.54,0.14
66,2001,3585,3585,60.11,11.16,5.3,17.43,6.97,0.42,0.0
66,2002,3500,3500,58.0,9.57,5.43,20.0,7.71,0.71,0.14
66,2003,3455,3455,54.85,9.7,5.93,23.44,7.81,0.43,0.0
66,2004,3415,3415,52.12,7.76,7.32,26.06,8.93,0.59,0.15
66,2005,3455,3455,51.23,7.81,7.38,25.04,10.42,0.87,0.14
66,2006,3600,3600,50.42,5.69,8.61,26.67,10.56,0.83,0.28
66,2007,3455,3455,48.19,5.5,9.12,26.19,13.31,0.72,0.14
66,2008,3555,3555,45.85,6.33,10.13,28.83,11.81,0.56,0.14
66,2009,3635,3635,42.5,6.05,12.52,27.1,16.23,0.55,0.28
66,2010,3620,3620,41.57,5.66,10.77,29.97,15.47,0.83,0.41
66,2011,3520,3520,40.06,5.82,11.79,28.84,16.48,0.99,0.28
66,2012,3600,3600,39.72,6.11,10.97,29.03,18.33,1.39,0.14
66,2013,3370,3370,37.54,6.23,11.57,30.12,19.58,0.74,0.45
66,2014,3260,3260,40.03,5.67,13.5,30.67,16.1,1.38,0.31
66,2015,3250,3250,40.46,5.38,11.23,30.77,17.08,0.92,0.46
66,2016,3040,3040,39.14,4.77,10.36,31.91,19.24,0.99,0.49
66,2017,2940,2940,40.14,5.44,12.24,29.08,18.71,1.02,0.34
66,2018,2840,2840,36.27,5.28,14.26,31.16,18.31,1.41,0.7
66,2019,2825,2820,38.48,4.61,12.06,29.96,19.68,1.6,0.35
66,2020,2860,2860,34.62,5.07,13.64,31.82,19.06,2.1,0.52
66,2021,2910,2910,36.08,4.3,15.46,32.65,17.01,1.03,0.52
66,2022,2820,2820,35.82,4.26,15.25,30.32,18.97,1.42,0.71
66,2023,2645,2645,32.89,4.35,16.64,32.33,20.04,0.95,0.19
66,2024,2545,2545,29.86,4.91,15.91,33.99,21.22,0.98,0.0
67,1900,8745,8745,96.97,0.0,0.34,2.69,0.17,0.0,0.0
67,1901,9480,9480,96.62,0.11,0.47,2.69,0.47,0.0,0.0
67,1902,9725,9725,96.45,0.0,0.46,2.93,0.51,0.0,0.0
67,1903,9625,9625,95.64,0.16,0.78,3.38,0.42,0.0,0.0
67,1904,10265,10265,96.25,0.1,0.68,2.92,0.39,0.0,0.0
67,1905,10565,10565,96.69,0.05,0.47,2.74,0.52,0.0,0.0
67,1906,10700,10700,96.03,0.05,0.7,3.08,0.75,0.0,0.0
67,1907,11070,11070,95.21,0.14,0.9,3.57,0.81,0.0,0.0
67,1908,10985,10985,95.36,0.09,0.86,3.55,0.77,0.0,0.0
67,1909,10845,10845,95.53,0.05,1.11,3.23,0.88,0.0,0.0
67,1910,10660,10660,94.79,0.09,1.03,3.94,1.17,0.0,0.0
67,1911,9965,9960,94.68,0.05,1.56,3.61,0.95,0.0,0.0
67,1912,10205,10200,94.56,0.15,1.37,3.82,0.98,0.0,0.0
67,1913,10075,10070,94.64,0.05,1.24,4.02,0.94,0.0,0.0
67,1914,9835,9835,93.9,0.0,1.22,4.78,1.02,0.0,0.0
67,1915,7285,7285,94.99,0.0,0.82,4.05,0.82,0.0,0.0
67,1916,5315,5315,93.51,0.0,1.32,4.99,1.03,0.0,0.0
67,1917,4850,4845,92.47,0.21,1.55,5.78,0.93,0.0,0.0
67,1918,5070,5070,93.69,0.0,0.69,5.52,0.69,0.0,0.0
67,1919,7570,7570,97.82,0.0,0.4,1.72,0.46,0.0,0.0
67,1920,10715,10715,97.76,0.0,0.65,1.54,0.65,0.0,0.0
67,1921,10720,10720,97.81,0.0,0.79,1.31,0.79,0.0,0.0
67,1922,9920,9920,97.93,0.0,0.45,1.51,0.55,0.0,0.0
67,1923,9760,9760,97.85,0.0,0.61,1.49,0.67,0.0,0.0
67,1924,9645,9645,98.13,0.0,0.67,1.14,0.52,0.0,0.0
67,1925,10365,10365,97.73,0.0,0.63,1.59,0.48,0.0,0.0
67,1926,10750,10750,97.35,0.05,0.7,1.81,0.65,0.0,0.0
67,1927,10980,10980,97.59,0.0,0.77,1.59,0.59,0.0,0.0
67,1928,11130,11130,97.75,0.04,0.58,1.62,0.4,0.0,0.0
67,1929,10830,10830,97.97,0.05,0.42,1.52,0.46,0.0,0.0
67,1930,11160,11160,97.31,0.04,0.45,2.11,0.36,0.0,0.0
67,1931,11050,11050,97.83,0.0,0.5,1.63,0.41,0.0,0.0
67,1932,11160,11160,97.36,0.09,0.58,1.97,0.49,0.0,0.0
67,1933,10580,10580,97.5,0.24,0.47,1.75,0.38,0.0,0.0
67,1934,10875,10875,97.56,0.32,0.28,1.84,0.18,0.0,0.0
67,1935,10340,10340,97.24,0.48,0.39,1.89,0.24,0.0,0.0
67,1936,10010,10010,96.85,0.45,0.5,2.15,0.35,0.0,0.0
67,1937,10155,10155,97.1,0.69,0.34,1.87,0.3,0.0,0.0
67,1938,9980,9980,96.64,0.75,0.25,2.3,0.2,0.0,0.0
67,1939,8795,8795,97.33,0.63,0.4,1.65,0.23,0.0,0.0
67,1940,6045,6045,95.37,0.33,0.17,4.14,0.17,0.0,0.0
67,1941,9450,9450,90.16,1.01,0.85,7.88,0.42,0.0,0.0
67,1942,9565,9560,89.54,1.52,0.89,7.85,0.42,0.0,0.0
67,1943,9095,9075,89.26,0.99,1.32,8.15,0.5,0.0,0.0
67,1944,7650,7640,90.64,0.59,0.98,7.46,0.46,0.07,0.0
67,1945,6475,6475,96.91,0.54,0.15,2.32,0.15,0.0,0.0
67,1946,12010,12010,97.38,0.42,0.5,1.71,0.17,0.0,0.0
67,1947,12405,12405,96.69,0.48,0.24,2.58,0.08,0.0,0.0
67,1948,13095,13095,96.68,0.34,0.42,2.56,0.11,0.0,0.0
67,1949,13520,13520,96.34,0.26,0.48,2.85,0.18,0.0,0.0
67,1950,13930,13930,96.23,0.36,0.5,2.91,0.11,0.0,0.0
67,1951,13525,13525,95.82,0.41,0.67,3.07,0.15,0.0,0.0
67,1952,13725,13725,95.59,0.44,0.69,3.24,0.15,0.0,0.0
67,1953,13580,13580,95.4,0.44,0.81,3.31,0.18,0.0,0.0
67,1954,14025,14025,94.94,0.29,1.14,3.49,0.32,0.04,0.0
67,1955,13910,13910,94.82,0.32,1.08,3.67,0.29,0.0,0.0
67,1956,13925,13925,94.61,0.32,1.11,3.84,0.18,0.0,0.0
67,1957,14150,14150,95.3,0.39,1.1,2.97,0.39,0.04,0.0
67,1958,14395,14395,95.42,0.45,1.08,2.95,0.28,0.03,0.0
67,1959,14280,14280,94.92,0.49,1.16,3.33,0.21,0.0,0.0
67,1960,14485,14485,94.37,0.59,1.52,3.24,0.55,0.07,0.0
67,1961,14990,14990,94.26,0.6,1.3,3.54,0.53,0.07,0.0
67,1962,14770,14770,94.25,0.85,1.42,3.28,0.58,0.0,0.0
67,1963,15465,15465,94.34,1.03,1.13,3.1,0.68,0.03,0.0
67,1964,15570,15565,94.19,1.06,1.25,3.24,0.58,0.06,0.0
67,1965,15015,15015,94.71,0.9,0.97,2.86,0.93,0.1,0.0
67,1966,14845,14845,93.77,1.04,0.88,3.54,1.08,0.07,0.0
67,1967,13970,13970,93.27,1.57,0.72,3.69,1.18,0.11,0.0
67,1968,14070,14070,92.82,1.63,0.5,4.12,1.35,0.14,0.0
67,1969,14200,14200,92.32,1.76,0.6,4.23,1.55,0.14,0.0
67,1970,13755,13755,91.31,2.54,0.62,4.43,1.74,0.18,0.0
67,1971,13980,13980,90.02,3.0,0.46,4.94,2.25,0.29,0.0
67,1972,13950,13950,87.74,4.37,0.5,5.7,2.33,0.29,0.0
67,1973,12975,12975,86.86,4.24,0.46,6.24,2.74,0.27,0.0
67,1974,11875,11875,86.19,4.17,0.46,6.15,3.54,0.34,0.0
67,1975,10875,10875,84.64,4.37,0.46,6.99,3.95,0.46,0.0
67,1976,10430,10430,83.56,4.89,0.53,6.42,5.08,0.53,0.0
67,1977,10720,10720,81.86,5.78,0.42,6.81,5.69,0.84,0.0
67,1978,10780,10780,81.68,5.94,0.28,6.68,5.89,0.83,0.0
67,1979,11200,11200,80.98,5.76,0.36,7.68,5.71,0.62,0.0
67,1980,12020,12020,80.7,5.7,0.42,7.82,5.74,0.62,0.04
67,1981,12170,12170,79.25,6.16,0.41,8.71,5.96,0.66,0.04
67,1982,12030,12030,77.85,7.07,0.33,9.73,5.4,0.46,0.0
67,1983,10975,10975,77.95,7.11,0.27,8.75,6.29,0.68,0.0
67,1984,11300,11300,76.77,7.12,0.27,10.71,5.49,0.58,0.0
67,1985,11600,11600,76.42,7.16,0.52,11.08,5.17,0.69,0.0
67,1986,11650,11650,75.92,6.82,0.73,11.33,5.41,0.52,0.04
67,1987,11640,11640,76.03,7.22,0.64,11.81,4.6,0.43,0.09
67,1988,12120,12120,74.79,8.0,0.62,12.33,4.62,0.33,0.0
67,1989,11835,11835,74.06,8.24,0.76,12.63,4.56,0.3,0.08
67,1990,12150,12150,71.81,8.93,1.07,13.54,5.1,0.29,0.04
67,1991,12030,12030,71.86,8.89,1.25,13.05,5.28,0.5,0.08
67,1992,11995,11995,69.78,9.5,1.83,13.59,5.71,0.25,0.0
67,1993,11375,11375,68.79,9.93,1.67,14.37,5.54,0.35,0.09
67,1994,11085,11085,69.6,8.89,2.26,13.62,6.27,0.18,0.05
67,1995,11575,11575,68.6,9.03,2.59,13.87,6.39,0.3,0.0
67,1996,11325,11325,68.83,8.74,2.3,13.95,6.98,0.57,0.0
67,1997,11305,11305,67.58,9.24,1.86,14.6,7.34,0.44,0.04
67,1998,11540,11540,67.85,9.14,2.3,13.95,7.45,0.35,0.0
67,1999,11800,11800,66.57,8.98,3.05,14.15,8.05,0.47,0.0
67,2000,12280,12280,64.41,9.45,3.38,14.74,9.0,0.65,0.04
67,2001,11665,11665,62.28,9.0,3.99,15.39,10.33,0.64,0.13
67,2002,11125,11125,60.81,8.81,4.27,16.36,11.1,0.81,0.04
67,2003,11020,11020,57.71,8.85,5.04,17.56,12.3,0.64,0.23
67,2004,10910,10910,55.64,7.56,5.36,19.07,13.89,0.64,0.14
67,2005,11220,11220,53.25,6.91,6.55,20.37,15.06,0.58,0.13
67,2006,11275,11275,52.42,6.56,7.36,21.11,14.72,0.89,0.09
67,2007,11045,11045,50.57,6.2,7.83,21.41,16.48,0.81,0.14
67,2008,11055,11055,49.12,5.83,8.5,21.71,17.41,0.72,0.27
67,2009,10920,10920,48.44,5.72,8.7,21.84,18.13,0.82,0.32
67,2010,10975,10975,46.7,5.42,9.61,22.23,19.18,1.0,0.36
67,2011,10340,10340,47.29,5.66,9.38,22.78,18.91,0.87,0.29
67,2012,10280,10280,46.45,5.45,10.21,21.98,20.28,1.36,0.29
67,2013,10470,10470,44.89,5.73,10.46,22.92,20.44,1.0,0.33
67,2014,10665,10665,45.85,5.16,10.08,22.74,20.25,1.41,0.42
67,2015,9920,9920,45.16,5.14,10.13,22.58,21.67,1.41,0.45
67,2016,9775,9775,44.91,4.96,9.51,22.92,22.46,1.38,0.51
67,2017,9735,9735,45.45,4.62,9.5,23.27,21.78,1.23,0.36
67,2018,9520,9520,45.43,4.04,11.5,22.06,21.9,1.47,0.32
67,2019,9395,9395,43.59,4.52,11.76,23.63,21.34,1.54,0.21
67,2020,9310,9310,42.21,4.24,12.03,24.54,21.75,1.56,0.27
67,2021,9160,9155,43.15,3.77,11.2,24.74,21.41,1.64,0.33
67,2022,8630,8630,42.35,3.82,12.69,24.33,21.9,2.14,0.23
67,2023,8130,8125,39.82,3.38,12.25,25.23,23.82,2.34,0.49
67,2024,7815,7805,41.96,3.59,11.6,23.51,23.77,1.86,0.32
68,1900,6650,6650,97.82,0.0,0.75,1.35,0.75,0.0,0.0
68,1901,7055,7055,97.94,0.0,0.5,1.56,0.5,0.0,0.0
68,1902,6895,6895,97.17,0.0,0.51,2.32,0.36,0.0,0.0
68,1903,7040,7040,97.59,0.07,0.5,1.85,0.5,0.0,0.0
68,1904,7335,7330,97.48,0.07,0.61,1.84,0.55,0.0,0.0
68,1905,7350,7350,97.48,0.07,0.48,1.9,0.48,0.0,0.0
68,1906,7635,7635,97.77,0.0,0.39,1.83,0.33,0.0,0.0
68,1907,7360,7360,97.35,0.07,0.61,1.97,0.48,0.0,0.0
68,1908,7395,7395,97.43,0.0,0.47,2.03,0.54,0.0,0.0
68,1909,7425,7425,97.64,0.0,0.4,1.95,0.4,0.0,0.0
68,1910,7210,7210,97.23,0.0,0.42,2.36,0.35,0.0,0.0
68,1911,6550,6550,96.87,0.0,0.46,2.67,0.38,0.0,0.0
68,1912,6950,6950,97.48,0.0,0.43,2.09,0.43,0.0,0.0
68,1913,6585,6585,97.04,0.0,0.61,2.35,0.53,0.0,0.0
68,1914,6225,6225,97.75,0.0,0.32,1.93,0.32,0.0,0.0
68,1915,4025,4025,97.64,0.0,0.37,1.99,0.37,0.0,0.0
68,1916,2840,2840,97.89,0.0,0.35,1.76,0.35,0.0,0.0
68,1917,2340,2340,98.08,0.0,0.43,1.5,0.43,0.0,0.0
68,1918,2375,2375,97.68,0.0,0.21,2.11,0.21,0.0,0.0
68,1919,4415,4415,99.43,0.0,0.23,0.34,0.23,0.0,0.0
68,1920,6930,6930,99.06,0.0,0.22,0.72,0.22,0.0,0.0
68,1921,7160,7160,99.02,0.0,0.28,0.7,0.28,0.0,0.0
68,1922,6725,6725,98.88,0.0,0.3,0.82,0.3,0.0,0.0
68,1923,6860,6860,98.98,0.0,0.22,0.8,0.22,0.0,0.0
68,1924,6700,6700,98.96,0.0,0.15,0.9,0.15,0.0,0.0
68,1925,7020,7020,98.86,0.0,0.28,0.85,0.21,0.0,0.0
68,1926,7255,7255,98.9,0.0,0.14,0.96,0.14,0.0,0.0
68,1927,7670,7670,99.09,0.0,0.13,0.78,0.13,0.0,0.0
68,1928,7900,7900,98.86,0.0,0.13,1.01,0.19,0.0,0.0
68,1929,7870,7870,98.54,0.0,0.19,1.27,0.19,0.0,0.0
68,1930,8205,8205,97.99,0.0,0.12,1.89,0.12,0.0,0.0
68,1931,8195,8195,97.8,0.0,0.06,2.07,0.12,0.0,0.0
68,1932,7820,7820,98.15,0.0,0.19,1.66,0.13,0.0,0.0
68,1933,7265,7265,98.42,0.0,0.21,1.38,0.07,0.0,0.0
68,1934,7330,7330,98.91,0.07,0.07,0.95,0.07,0.0,0.0
68,1935,6690,6690,98.8,0.07,0.22,0.9,0.07,0.0,0.0
68,1936,6720,6720,98.51,0.22,0.07,1.19,0.0,0.0,0.0
68,1937,6290,6290,98.57,0.32,0.08,1.03,0.08,0.0,0.0
68,1938,6410,6410,98.44,0.16,0.08,1.33,0.08,0.0,0.0
68,1939,6235,6235,98.56,0.16,0.16,1.12,0.16,0.0,0.0
68,1940,5220,5220,97.7,0.19,0.1,2.01,0.1,0.0,0.0
68,1941,5815,5815,95.53,0.17,0.17,4.13,0.09,0.0,0.0
68,1942,6035,6035,94.95,0.33,0.25,4.39,0.08,0.0,0.0
68,1943,5690,5690,93.76,0.26,0.44,5.27,0.26,0.0,0.0
68,1944,5440,5425,93.36,0.28,0.65,5.53,0.18,0.0,0.0
68,1945,4725,4725,98.62,0.11,0.0,1.27,0.11,0.0,0.0
68,1946,7845,7845,98.47,0.13,0.19,1.21,0.06,0.0,0.0
68,1947,8325,8325,98.38,0.24,0.06,1.26,0.12,0.0,0.0
68,1948,8760,8760,98.34,0.11,0.11,1.43,0.0,0.0,0.0
68,1949,9270,9270,97.84,0.16,0.11,1.89,0.05,0.0,0.0
68,1950,9465,9465,97.62,0.21,0.16,2.01,0.11,0.0,0.0
68,1951,9455,9455,96.93,0.16,0.32,2.38,0.32,0.05,0.0
68,1952,9615,9615,97.19,0.16,0.21,2.24,0.31,0.0,0.0
68,1953,9475,9475,96.73,0.16,0.26,2.64,0.32,0.05,0.0
68,1954,9370,9370,96.58,0.21,0.21,2.83,0.27,0.05,0.0
68,1955,9500,9500,96.68,0.26,0.32,2.53,0.37,0.05,0.0
68,1956,9530,9530,96.27,0.21,0.37,2.78,0.47,0.05,0.0
68,1957,9715,9715,96.14,0.15,0.26,3.04,0.57,0.05,0.0
68,1958,9490,9490,95.73,0.37,0.26,3.06,0.79,0.11,0.0
68,1959,9510,9510,95.32,0.37,0.21,3.58,0.74,0.11,0.0
68,1960,9540,9540,95.02,0.42,0.31,3.3,1.31,0.1,0.0
68,1961,9760,9760,94.72,0.56,0.31,3.33,1.59,0.2,0.0
68,1962,9680,9680,94.73,0.88,0.15,3.51,1.08,0.26,0.0
68,1963,9905,9905,93.64,0.86,0.35,4.14,1.46,0.15,0.0
68,1964,10050,10050,94.53,0.7,0.45,3.63,1.19,0.15,0.0
68,1965,9925,9925,93.8,1.01,0.4,3.68,1.51,0.25,0.0
68,1966,9735,9735,93.48,0.98,0.46,3.29,2.31,0.36,0.0
68,1967,9335,9335,93.36,1.02,0.32,3.43,2.46,0.27,0.0
68,1968,9320,9315,92.27,1.4,0.32,3.92,2.79,0.59,0.0
68,1969,9080,9080,92.02,1.49,0.5,3.8,2.7,0.39,0.0
68,1970,9165,9165,90.94,1.85,0.33,4.53,2.84,0.27,0.0
68,1971,9435,9435,89.93,2.28,0.32,4.82,3.44,0.42,0.0
68,1972,9250,9250,87.24,4.43,0.27,5.46,3.14,0.43,0.0
68,1973,8925,8925,84.71,3.87,0.34,7.39,4.09,0.56,0.0
68,1974,8670,8670,84.03,3.81,0.17,6.98,5.48,1.04,0.0
68,1975,7735,7735,82.81,4.2,0.39,7.18,5.95,0.97,0.0
68,1976,7520,7520,81.45,4.52,0.13,7.31,6.98,1.26,0.0
68,1977,7630,7630,80.6,5.57,0.26,6.88,7.34,1.05,0.0
68,1978,7630,7630,80.14,4.91,0.2,6.75,8.52,1.05,0.0
68,1979,7920,7920,80.18,5.87,0.44,7.2,6.82,0.76,0.0
68,1980,8420,8420,80.11,5.82,0.24,7.13,7.24,1.25,0.06
68,1981,8595,8595,77.31,5.93,0.35,8.78,7.85,1.28,0.0
68,1982,8595,8595,78.24,5.93,0.41,8.61,7.33,1.05,0.0
68,1983,8055,8055,77.59,6.33,0.31,9.12,7.14,1.06,0.0
68,1984,8255,8255,76.62,7.39,0.18,9.51,6.54,0.73,0.0
68,1985,8305,8305,76.22,6.38,0.48,10.9,6.38,0.96,0.0
68,1986,8345,8345,76.27,6.95,0.54,10.84,5.75,0.48,0.0
68,1987,8285,8285,75.26,7.42,0.97,11.95,4.71,0.48,0.0
68,1988,8610,8610,74.97,8.48,0.87,11.79,4.24,0.29,0.0
68,1989,8395,8395,73.56,8.93,0.95,12.27,4.59,0.54,0.06
68,1990,8340,8340,72.18,8.63,1.5,12.89,5.28,0.42,0.0
68,1991,8210,8210,70.16,9.07,1.4,14.49,5.36,0.3,0.06
68,1992,8025,8025,69.84,9.47,1.81,13.96,5.48,0.31,0.0
68,1993,7565,7565,68.94,10.38,2.05,13.88,5.49,0.13,0.0
68,1994,7530,7530,68.26,9.76,2.19,13.81,6.64,0.46,0.0
68,1995,7715,7715,68.57,9.07,3.37,14.26,5.38,0.26,0.0
68,1996,7615,7615,69.93,9.52,2.76,12.54,6.04,0.2,0.0
68,1997,7545,7545,69.18,9.41,2.45,13.32,6.63,0.46,0.0
68,1998,7455,7455,67.4,9.79,2.95,14.35,6.37,0.4,0.0
68,1999,7485,7485,65.2,9.75,3.21,14.96,8.02,0.53,0.0
68,2000,7730,7730,63.07,9.96,4.33,15.72,8.02,0.52,0.06
68,2001,7640,7640,60.67,9.49,4.25,15.97,11.06,0.72,0.0
68,2002,7170,7170,60.04,9.41,4.53,16.32,11.3,0.84,0.0
68,2003,7320,7320,56.01,9.43,5.4,18.58,12.02,0.75,0.07
68,2004,7130,7130,53.51,7.29,6.24,20.69,14.87,0.91,0.14
68,2005,7000,7000,51.14,7.07,6.36,22.0,16.21,0.71,0.29
68,2006,7230,7230,48.96,6.78,7.61,21.58,17.63,0.69,0.21
68,2007,6900,6900,47.54,6.67,7.75,21.52,19.49,0.94,0.29
68,2008,6820,6820,46.48,6.45,8.72,23.31,18.7,0.73,0.29
68,2009,6800,6800,45.22,5.88,9.56,22.43,21.18,1.25,0.29
68,2010,6970,6970,42.61,5.52,10.19,23.96,21.45,1.15,0.36
68,2011,6630,6630,42.01,5.88,9.65,25.04,20.97,1.06,0.38
68,2012,6575,6575,39.39,5.48,11.63,24.71,23.04,1.14,0.46
68,2013,6515,6515,40.45,5.37,10.67,25.4,22.95,1.3,0.31
68,2014,6370,6370,41.13,4.95,10.91,24.73,23.78,1.41,0.39
68,2015,6320,6320,39.72,5.46,10.68,23.89,25.0,1.66,0.47
68,2016,5925,5925,41.27,4.89,10.55,24.64,24.14,1.43,0.42
68,2017,5750,5750,40.0,4.0,11.22,25.04,24.43,1.65,0.43
68,2018,5690,5690,38.49,4.48,11.69,25.22,25.4,1.32,0.35
68,2019,5495,5495,38.49,4.09,11.83,26.02,25.02,0.91,0.64
68,2020,5235,5235,37.82,4.39,11.65,25.69,25.31,0.96,0.48
68,2021,5255,5255,37.77,3.9,13.7,25.98,24.17,1.62,0.38
68,2022,5005,5005,36.66,3.4,13.49,26.27,26.07,1.3,0.7
68,2023,4410,4405,37.91,3.75,13.05,26.56,24.18,1.7,0.34
68,2024,4440,4435,35.17,3.72,13.87,26.94,26.61,1.58,0.79
69,1900,6165,6165,98.22,0.0,0.0,1.78,0.0,0.0,0.0
69,1901,6885,6885,98.11,0.0,0.0,1.89,0.0,0.0,0.0
69,1902,7095,7095,98.24,0.0,0.07,1.69,0.07,0.0,0.0
69,1903,7400,7400,98.24,0.0,0.07,1.69,0.0,0.0,0.0
69,1904,7225,7225,97.92,0.0,0.07,2.01,0.0,0.0,0.0
69,1905,7575,7575,98.02,0.07,0.2,1.72,0.0,0.0,0.0
69,1906,7685,7685,97.92,0.07,0.0,2.02,0.0,0.0,0.0
69,1907,7770,7770,98.13,0.06,0.0,1.8,0.0,0.0,0.0
69,1908,8515,8515,98.06,0.06,0.0,1.88,0.0,0.0,0.0
69,1909,8395,8395,98.09,0.06,0.12,1.73,0.0,0.0,0.0
69,1910,8815,8815,98.41,0.06,0.0,1.53,0.0,0.0,0.0
69,1911,8170,8170,98.47,0.06,0.06,1.41,0.0,0.0,0.0
69,1912,8915,8915,98.26,0.06,0.06,1.63,0.0,0.0,0.0
69,1913,9040,9040,98.73,0.0,0.0,1.27,0.0,0.0,0.0
69,1914,9165,9165,98.25,0.05,0.11,1.58,0.0,0.0,0.0
69,1915,5485,5485,98.63,0.0,0.0,1.37,0.0,0.0,0.0
69,1916,5005,5005,98.9,0.0,0.0,1.1,0.0,0.0,0.0
69,1917,5860,5860,98.55,0.0,0.0,1.45,0.0,0.0,0.0
69,1918,6530,6530,98.77,0.0,0.0,1.23,0.0,0.0,0.0
69,1919,7245,7245,98.96,0.07,0.07,0.9,0.0,0.0,0.0
69,1920,12135,12135,98.72,0.04,0.0,1.24,0.0,0.0,0.0
69,1921,11905,11905,98.53,0.0,0.0,1.47,0.0,0.0,0.0
69,1922,11160,11160,98.88,0.04,0.0,1.08,0.04,0.0,0.0
69,1923,11255,11255,98.71,0.0,0.04,1.24,0.0,0.0,0.0
69,1924,11515,11515,98.39,0.0,0.04,1.56,0.04,0.0,0.0
69,1925,12160,12160,98.48,0.0,0.04,1.48,0.04,0.0,0.0
69,1926,12650,12650,98.46,0.0,0.08,1.46,0.08,0.0,0.0
69,1927,12275,12275,98.41,0.0,0.04,1.55,0.0,0.0,0.0
69,1928,12480,12480,98.64,0.04,0.04,1.28,0.04,0.0,0.0
69,1929,12685,12685,98.34,0.0,0.0,1.66,0.0,0.0,0.0
69,1930,13530,13525,98.41,0.04,0.07,1.48,0.0,0.0,0.0
69,1931,13125,13125,98.51,0.0,0.04,1.41,0.08,0.0,0.0
69,1932,12525,12525,98.88,0.0,0.16,0.96,0.04,0.0,0.0
69,1933,11990,11990,99.08,0.0,0.08,0.83,0.0,0.0,0.0
69,1934,11890,11890,98.7,0.0,0.25,1.05,0.04,0.0,0.0
69,1935,11235,11235,98.8,0.0,0.22,0.98,0.04,0.0,0.0
69,1936,10995,10995,98.86,0.0,0.23,0.91,0.0,0.0,0.0
69,1937,11100,11100,99.05,0.05,0.14,0.77,0.0,0.0,0.0
69,1938,10960,10960,99.04,0.05,0.23,0.68,0.0,0.0,0.0
69,1939,10750,10750,98.88,0.05,0.37,0.7,0.05,0.0,0.0
69,1940,10395,10395,99.18,0.05,0.34,0.43,0.05,0.0,0.0
69,1941,12500,12500,99.32,0.04,0.28,0.36,0.04,0.0,0.0
69,1942,13250,13250,99.36,0.11,0.26,0.26,0.04,0.0,0.0
69,1943,13600,13600,99.38,0.04,0.26,0.29,0.07,0.0,0.0
69,1944,13510,13510,99.26,0.11,0.3,0.33,0.07,0.0,0.0
69,1945,13925,13925,99.43,0.07,0.29,0.22,0.04,0.0,0.0
69,1946,18595,18595,99.14,0.05,0.32,0.46,0.11,0.0,0.0
69,1947,19670,19670,99.08,0.08,0.41,0.38,0.13,0.0,0.0
69,1948,19230,19230,99.12,0.13,0.34,0.36,0.16,0.0,0.0
69,1949,19135,19135,99.14,0.16,0.18,0.42,0.24,0.0,0.0
69,1950,18880,18880,98.99,0.05,0.29,0.5,0.29,0.03,0.0
69,1951,17450,17450,98.91,0.14,0.26,0.54,0.29,0.03,0.0
69,1952,17410,17410,98.68,0.2,0.32,0.46,0.6,0.11,0.0
69,1953,17120,17120,98.48,0.18,0.29,0.47,0.73,0.12,0.0
69,1954,17600,17600,98.32,0.26,0.26,0.51,0.94,0.17,0.0
69,1955,17370,17370,97.75,0.35,0.29,0.46,1.38,0.35,0.0
69,1956,17540,17540,97.15,0.31,0.31,0.51,1.94,0.43,0.0
69,1957,18255,18255,96.55,0.44,0.22,0.58,2.52,0.52,0.0
69,1958,18505,18505,96.06,0.43,0.16,0.86,2.81,0.62,0.0
69,1959,19320,19320,95.83,0.57,0.23,0.96,2.82,0.6,0.0
69,1960,19385,19385,93.99,0.85,0.13,1.57,3.87,0.7,0.0
69,1961,20370,20370,93.42,0.88,0.32,1.64,4.2,0.93,0.0
69,1962,20540,20540,93.01,0.88,0.19,1.73,4.58,0.88,0.0
69,1963,22080,22080,92.96,0.86,0.16,2.04,4.3,0.84,0.0
69,1964,23040,23040,92.6,0.72,0.41,2.06,4.58,0.95,0.0
69,1965,23090,23090,92.2,0.74,0.3,2.19,4.96,0.91,0.0
69,1966,22900,22900,91.31,0.85,0.44,2.25,5.5,1.2,0.0
69,1967,22555,22555,90.58,0.82,0.67,2.31,6.21,1.33,0.0
69,1968,22950,22950,90.11,0.68,0.83,2.53,6.32,1.2,0.0
69,1969,23400,23400,89.19,0.98,1.13,2.69,6.41,1.39,0.02
69,1970,23160,23160,87.8,1.12,1.45,3.15,6.87,1.49,0.0
69,1971,24255,24255,87.38,1.55,1.18,3.42,6.89,1.36,0.0
69,1972,24120,24120,85.99,2.05,1.22,4.25,7.01,1.37,0.0
69,1973,23500,23500,84.49,2.57,1.17,4.49,7.68,1.38,0.02
69,1974,21815,21815,81.66,3.05,1.21,5.71,8.92,1.6,0.0
69,1975,20460,20460,81.35,3.59,0.95,5.5,9.04,1.54,0.02
69,1976,20110,20110,81.28,4.1,0.87,5.62,8.48,1.47,0.02
69,1977,20830,20830,79.43,5.45,0.96,5.78,8.79,1.51,0.0
69,1978,21005,21000,78.62,5.71,1.02,6.31,8.76,1.62,0.0
69,1979,21615,21615,77.21,6.08,0.97,7.03,9.21,1.67,0.0
69,1980,23140,23140,77.77,5.81,0.84,6.85,9.18,1.45,0.04
69,1981,23345,23345,74.98,6.49,0.99,8.16,9.79,1.54,0.02
69,1982,23245,23245,74.62,6.54,0.86,8.22,10.09,1.7,0.06
69,1983,21780,21780,74.33,6.5,0.96,8.75,9.89,1.63,0.05
69,1984,21920,21920,73.06,6.71,0.94,9.97,9.74,1.37,0.05
69,1985,22375,22375,72.63,6.82,1.14,10.97,8.85,1.25,0.04
69,1986,22645,22645,72.42,7.49,1.35,10.75,8.39,1.06,0.02
69,1987,22225,22225,72.22,7.58,1.55,11.63,7.29,0.9,0.09
69,1988,22840,22840,70.36,8.65,1.8,12.04,7.55,1.23,0.07
69,1989,22740,22740,68.95,9.15,1.85,12.53,8.05,0.97,0.04
69,1990,22735,22735,68.64,8.91,2.16,13.17,7.63,0.9,0.07
69,1991,23115,23115,68.01,8.98,2.27,13.37,7.92,0.8,0.02
69,1992,22755,22755,66.73,9.05,2.55,13.87,8.55,0.83,0.07
69,1993,21525,21525,66.67,9.43,2.86,13.12,8.64,0.81,0.05
69,1994,21640,21640,66.22,8.76,2.98,13.96,8.78,0.9,0.02
69,1995,22150,22150,66.41,7.92,3.7,13.97,8.85,0.9,0.02
69,1996,22480,22480,65.73,7.94,3.58,14.7,9.01,0.78,0.04
69,1997,22420,22420,64.3,7.85,4.17,14.88,9.77,0.91,0.07
69,1998,22625,22625,64.13,7.18,4.11,15.2,10.39,1.02,0.04
69,1999,22420,22420,62.36,7.56,4.66,15.5,11.24,1.03,0.04
69,2000,23300,23300,60.15,7.6,4.89,16.48,12.3,1.12,0.06
69,2001,23095,23095,56.72,7.12,5.89,18.06,13.83,1.3,0.06
69,2002,23000,23000,55.13,6.78,6.54,18.33,14.96,1.2,0.13
69,2003,22820,22820,51.95,6.35,7.38,19.68,16.72,1.38,0.18
69,2004,22830,22830,50.18,5.58,7.91,20.3,18.59,1.42,0.18
69,2005,22990,22990,47.63,5.35,8.57,20.92,20.4,1.63,0.28
69,2006,23160,23160,46.72,4.88,9.59,20.79,21.11,1.47,0.19
69,2007,22660,22660,44.2,4.77,9.58,21.25,23.46,1.65,0.2
69,2008,23280,23280,44.03,4.3,10.12,21.33,23.67,1.85,0.26
69,2009,23390,23390,42.8,4.4,10.56,21.25,24.69,1.67,0.34
69,2010,23910,23910,41.24,4.41,10.96,21.85,25.26,2.01,0.29
69,2011,23310,23310,40.39,3.97,11.11,22.07,26.64,1.69,0.3
69,2012,23850,23850,40.19,3.84,11.15,22.03,27.32,1.87,0.36
69,2013,23630,23630,38.81,3.94,11.4,22.41,28.42,2.03,0.3
69,2014,24585,24580,39.34,3.74,11.37,21.24,28.97,2.28,0.28
69,2015,23975,23975,38.64,3.5,10.82,22.38,29.34,2.25,0.33
69,2016,23895,23890,38.15,3.73,11.28,22.37,29.55,2.16,0.42
69,2017,23360,23360,37.61,3.3,11.88,22.17,30.27,2.46,0.39
69,2018,23265,23265,37.83,3.31,12.1,22.37,29.27,2.47,0.43
69,2019,22860,22860,36.42,3.57,12.82,22.29,30.36,2.34,0.33
69,2020,22105,22105,36.67,3.46,13.21,22.73,28.91,2.33,0.38
69,2021,22255,22255,36.37,3.21,13.44,23.46,27.95,2.54,0.56
69,2022,20945,20940,35.67,3.2,12.99,23.83,29.37,2.75,0.36
69,2023,19695,19665,34.99,2.82,12.61,23.57,30.94,3.31,0.38
69,2024,19595,19560,34.46,2.76,12.04,23.31,31.7,3.53,0.33
70,1900,2420,2420,98.97,0.0,0.0,1.03,0.0,0.0,0.0
70,1901,2680,2680,99.25,0.0,0.0,0.75,0.0,0.0,0.0
70,1902,2740,2740,99.09,0.0,0.0,0.91,0.0,0.0,0.0
70,1903,2900,2900,99.48,0.0,0.0,0.52,0.0,0.0,0.0
70,1904,2885,2885,99.31,0.0,0.0,0.69,0.0,0.0,0.0
70,1905,2885,2885,99.48,0.0,0.0,0.52,0.0,0.0,0.0
70,1906,3035,3035,99.01,0.0,0.0,0.99,0.0,0.0,0.0
70,1907,3030,3025,99.34,0.0,0.0,0.66,0.0,0.0,0.0
70,1908,3085,3085,99.51,0.0,0.0,0.49,0.0,0.0,0.0
70,1909,3095,3095,99.52,0.0,0.0,0.48,0.0,0.0,0.0
70,1910,3195,3195,99.53,0.0,0.0,0.47,0.0,0.0,0.0
70,1911,2985,2985,99.16,0.0,0.0,0.84,0.0,0.0,0.0
70,1912,3145,3145,99.68,0.0,0.16,0.16,0.16,0.0,0.0
70,1913,3190,3190,99.53,0.0,0.0,0.47,0.0,0.0,0.0
70,1914,3090,3090,99.68,0.0,0.0,0.32,0.0,0.0,0.0
70,1915,1810,1810,99.72,0.0,0.0,0.28,0.0,0.0,0.0
70,1916,1530,1530,100.0,0.0,0.0,0.0,0.0,0.0,0.0
70,1917,1685,1685,99.7,0.0,0.0,0.3,0.0,0.0,0.0
70,1918,2200,2200,99.77,0.0,0.0,0.23,0.0,0.0,0.0
70,1919,2055,2055,99.03,0.0,0.24,0.73,0.24,0.0,0.0
70,1920,3535,3535,99.72,0.0,0.0,0.28,0.0,0.0,0.0
70,1921,3360,3360,99.85,0.0,0.0,0.15,0.0,0.0,0.0
70,1922,3305,3305,99.85,0.0,0.0,0.15,0.0,0.0,0.0
70,1923,3180,3180,99.37,0.0,0.0,0.63,0.0,0.0,0.0
70,1924,3020,3020,99.67,0.0,0.0,0.33,0.0,0.0,0.0
70,1925,3330,3330,99.7,0.0,0.0,0.3,0.0,0.0,0.0
70,1926,3270,3270,99.69,0.0,0.0,0.31,0.0,0.0,0.0
70,1927,3350,3350,99.7,0.0,0.0,0.3,0.0,0.0,0.0
70,1928,3220,3220,99.84,0.0,0.0,0.16,0.0,0.0,0.0
70,1929,3140,3140,99.68,0.0,0.0,0.32,0.0,0.0,0.0
70,1930,3305,3305,99.7,0.0,0.0,0.3,0.0,0.0,0.0
70,1931,3200,3200,99.84,0.0,0.0,0.16,0.0,0.0,0.0
70,1932,3195,3195,99.69,0.0,0.0,0.31,0.0,0.0,0.0
70,1933,2975,2975,100.0,0.0,0.0,0.0,0.0,0.0,0.0
70,1934,2975,2975,99.83,0.0,0.0,0.17,0.0,0.0,0.0
70,1935,2940,2940,99.83,0.0,0.0,0.17,0.0,0.0,0.0
70,1936,2945,2945,99.66,0.0,0.0,0.34,0.0,0.0,0.0
70,1937,2775,2775,99.28,0.18,0.0,0.54,0.0,0.0,0.0
70,1938,2805,2805,99.29,0.18,0.0,0.53,0.0,0.0,0.0
70,1939,3120,3120,99.52,0.0,0.16,0.32,0.0,0.0,0.0
70,1940,2810,2810,99.47,0.0,0.0,0.53,0.0,0.0,0.0
70,1941,2130,2130,99.53,0.0,0.23,0.23,0.0,0.0,0.0
70,1942,2560,2560,99.22,0.0,0.0,0.78,0.0,0.0,0.0
70,1943,2795,2795,98.93,0.0,0.18,0.89,0.0,0.0,0.0
70,1944,3320,3320,98.95,0.0,0.15,0.9,0.0,0.0,0.0
70,1945,3195,3195,98.9,0.0,0.47,0.63,0.0,0.0,0.0
70,1946,4460,4460,98.99,0.11,0.22,0.67,0.0,0.0,0.0
70,1947,4800,4800,98.65,0.1,0.31,0.94,0.0,0.0,0.0
70,1948,4620,4620,98.92,0.11,0.43,0.54,0.0,0.0,0.0
70,1949,4635,4635,98.38,0.22,0.32,0.97,0.11,0.0,0.0
70,1950,4465,4465,98.54,0.11,0.45,0.9,0.0,0.0,0.0
70,1951,4430,4430,98.53,0.23,0.23,1.02,0.0,0.0,0.0
70,1952,4160,4160,98.2,0.36,0.6,0.84,0.0,0.0,0.0
70,1953,3975,3975,98.24,0.38,0.38,1.01,0.13,0.0,0.0
70,1954,4190,4190,98.09,0.48,0.36,1.07,0.12,0.0,0.0
70,1955,3930,3930,98.22,0.76,0.51,0.51,0.0,0.0,0.0
70,1956,3850,3850,98.44,0.52,0.26,0.78,0.13,0.0,0.0
70,1957,3880,3880,98.2,0.64,0.26,0.9,0.13,0.0,0.0
70,1958,3635,3635,98.35,0.69,0.28,0.69,0.14,0.0,0.0
70,1959,3730,3730,97.72,1.47,0.13,0.67,0.27,0.0,0.0
70,1960,3620,3620,97.79,0.97,0.28,0.83,0.41,0.0,0.0
70,1961,3580,3580,97.63,1.12,0.28,0.84,0.28,0.14,0.0
70,1962,3365,3365,97.47,1.34,0.15,0.59,0.74,0.0,0.0
70,1963,3480,3480,97.84,1.15,0.14,0.72,0.43,0.0,0.0
70,1964,3505,3505,97.43,0.86,0.43,0.86,0.71,0.14,0.0
70,1965,3435,3435,97.38,1.16,0.58,0.44,0.58,0.0,0.0
70,1966,3135,3135,97.77,1.44,0.16,0.48,0.48,0.0,0.0
70,1967,3080,3080,97.4,0.97,0.32,0.97,0.97,0.0,0.0
70,1968,3065,3065,97.39,0.65,0.16,1.47,1.14,0.0,0.0
70,1969,3045,3045,97.54,0.66,0.33,0.49,1.31,0.0,0.0
70,1970,3015,3015,97.35,0.66,0.33,1.33,0.83,0.17,0.0
70,1971,2715,2715,96.5,0.55,0.37,1.66,1.47,0.18,0.0
70,1972,2715,2715,94.29,2.03,0.55,2.39,1.47,0.0,0.0
70,1973,2630,2630,91.63,3.04,0.0,3.61,2.09,0.0,0.0
70,1974,2465,2465,91.08,3.25,0.2,4.06,1.62,0.0,0.0
70,1975,2105,2105,92.4,2.61,0.24,3.09,1.9,0.0,0.0
70,1976,1920,1920,86.98,3.65,0.26,6.51,2.86,0.0,0.0
70,1977,1890,1890,85.45,5.82,0.26,5.29,3.7,0.26,0.0
70,1978,1865,1865,85.52,5.36,0.27,6.17,2.95,0.27,0.0
70,1979,1785,1785,86.83,6.16,0.28,4.48,2.8,0.0,0.0
70,1980,2000,2000,86.25,5.25,0.25,5.5,3.0,0.0,0.0
70,1981,1905,1905,83.73,6.04,0.26,6.82,3.41,0.0,0.0
70,1982,1875,1875,83.2,5.87,0.27,7.47,3.47,0.53,0.0
70,1983,1620,1620,83.64,5.86,0.31,6.48,3.7,0.62,0.0
70,1984,1675,1675,80.9,6.57,0.0,7.76,5.07,0.9,0.0
70,1985,1570,1570,82.8,5.73,0.32,7.96,3.18,0.64,0.0
70,1986,1525,1525,81.97,7.21,0.33,8.52,2.62,0.33,0.0
70,1987,1510,1510,79.8,7.62,0.33,8.94,3.31,0.99,0.0
70,1988,1515,1515,77.89,9.24,0.33,10.23,2.64,0.33,0.0
70,1989,1480,1480,77.03,9.46,0.68,10.81,2.36,0.0,0.0
70,1990,1305,1305,71.65,13.41,1.15,13.03,0.77,0.0,0.0
70,1991,1265,1265,75.49,10.67,0.4,12.25,1.19,0.0,0.0
70,1992,1285,1285,72.37,11.28,0.39,14.4,1.56,0.0,0.0
70,1993,1185,1185,73.0,12.24,2.53,9.7,3.38,0.0,0.0
70,1994,1070,1070,76.64,10.28,1.87,11.21,0.47,0.0,0.0
70,1995,1270,1270,73.23,12.6,2.36,10.24,1.57,0.0,0.0
70,1996,1265,1265,71.54,12.25,3.16,12.25,0.79,0.0,0.0
70,1997,1125,1125,77.33,9.78,1.78,11.11,0.89,0.0,0.0
70,1998,1200,1200,71.25,12.92,2.08,12.5,1.25,0.0,0.0
70,1999,1090,1090,72.02,11.01,2.29,14.68,1.38,0.0,0.0
70,2000,1270,1270,72.05,9.45,3.94,14.17,0.39,0.0,0.0
70,2001,1135,1135,71.37,11.01,3.96,12.78,2.2,0.0,0.0
70,2002,1050,1050,67.14,12.86,5.71,14.29,0.95,0.0,0.0
70,2003,780,780,66.67,10.9,4.49,17.31,1.92,0.0,0.0
70,2004,840,840,66.07,10.12,4.17,16.67,5.95,0.0,0.0
70,2005,790,790,56.33,10.76,10.13,20.25,6.33,0.0,0.0
70,2006,890,890,53.93,8.99,8.99,26.4,6.18,0.0,0.0
70,2007,800,800,58.13,8.75,8.12,21.25,5.62,0.0,0.0
70,2008,715,715,55.94,7.69,9.79,20.98,8.39,0.0,0.7
70,2009,755,755,53.64,5.3,13.91,21.19,10.6,0.0,0.0
70,2010,595,595,48.74,9.24,10.92,26.89,8.4,0.0,0.84
70,2011,735,735,54.42,6.12,11.56,26.53,6.12,0.0,0.0
70,2012,640,640,48.44,8.59,14.06,25.0,9.38,0.78,0.0
70,2013,580,580,47.41,5.17,15.52,25.86,11.21,0.86,0.0
70,2014,605,605,47.93,5.79,10.74,29.75,9.09,0.83,0.0
70,2015,610,610,47.54,7.38,12.3,27.05,9.02,0.82,0.82
70,2016,475,475,49.47,5.26,15.79,26.32,9.47,1.05,0.0
70,2017,525,525,46.67,7.62,16.19,22.86,12.38,0.0,0.0
70,2018,525,525,48.57,4.76,14.29,26.67,9.52,0.0,0.95
70,2019,485,485,40.21,7.22,10.31,38.14,9.28,0.0,0.0
70,2020,460,460,44.57,5.43,14.13,31.52,6.52,1.09,0.0
70,2021,495,495,51.52,6.06,10.1,31.31,4.04,0.0,0.0
70,2022,425,425,31.76,5.88,15.29,38.82,17.65,0.0,0.0
70,2023,420,420,47.62,4.76,14.29,29.76,8.33,0.0,0.0
70,2024,365,365,41.1,5.48,12.33,32.88,12.33,0.0,0.0
71,1900,6200,6200,99.27,0.0,0.16,0.56,0.0,0.0,0.0
71,1901,6975,6975,99.57,0.0,0.07,0.36,0.0,0.0,0.0
71,1902,7010,7010,99.43,0.0,0.14,0.43,0.0,0.0,0.0
71,1903,7025,7025,99.07,0.0,0.28,0.64,0.0,0.0,0.0
71,1904,7125,7125,99.37,0.0,0.14,0.49,0.0,0.0,0.0
71,1905,7075,7075,99.58,0.0,0.07,0.35,0.0,0.0,0.0
71,1906,7375,7375,99.25,0.0,0.14,0.61,0.0,0.0,0.0
71,1907,7065,7065,99.36,0.0,0.21,0.42,0.0,0.0,0.0
71,1908,7650,7650,99.54,0.0,0.07,0.39,0.0,0.0,0.0
71,1909,7630,7630,99.41,0.0,0.07,0.52,0.0,0.0,0.0
71,1910,7480,7480,99.47,0.0,0.0,0.53,0.0,0.0,0.0
71,1911,7065,7065,99.5,0.0,0.07,0.42,0.0,0.0,0.0
71,1912,7350,7350,99.59,0.0,0.0,0.41,0.0,0.0,0.0
71,1913,7425,7425,99.46,0.0,0.0,0.54,0.0,0.0,0.0
71,1914,7475,7475,99.53,0.0,0.0,0.47,0.0,0.0,0.0
71,1915,4415,4415,99.66,0.0,0.0,0.34,0.0,0.0,0.0
71,1916,3770,3770,99.6,0.0,0.0,0.4,0.0,0.0,0.0
71,1917,4185,4185,99.52,0.0,0.0,0.48,0.0,0.0,0.0
71,1918,5165,5165,99.71,0.0,0.0,0.29,0.0,0.0,0.0
71,1919,4975,4975,99.7,0.0,0.0,0.3,0.0,0.0,0.0
71,1920,8605,8605,99.65,0.0,0.0,0.35,0.0,0.0,0.0
71,1921,8540,8540,99.53,0.0,0.0,0.47,0.0,0.0,0.0
71,1922,8220,8220,99.51,0.0,0.06,0.43,0.06,0.0,0.0
71,1923,7820,7820,99.36,0.0,0.06,0.58,0.06,0.0,0.0
71,1924,7750,7750,98.77,0.0,0.06,1.16,0.06,0.0,0.0
71,1925,8145,8145,98.1,0.0,0.06,1.84,0.06,0.0,0.0
71,1926,7875,7875,98.03,0.06,0.13,1.78,0.06,0.0,0.0
71,1927,7670,7670,98.83,0.0,0.07,1.11,0.0,0.0,0.0
71,1928,7790,7790,99.04,0.0,0.0,0.96,0.0,0.0,0.0
71,1929,7525,7525,99.07,0.0,0.0,0.93,0.0,0.0,0.0
71,1930,7820,7820,98.66,0.0,0.0,1.34,0.0,0.0,0.0
71,1931,7700,7700,98.64,0.0,0.06,1.3,0.13,0.0,0.0
71,1932,7410,7410,98.85,0.0,0.07,1.08,0.07,0.0,0.0
71,1933,7105,7105,98.87,0.0,0.0,1.13,0.0,0.0,0.0
71,1934,7145,7145,99.23,0.0,0.21,0.56,0.0,0.0,0.0
71,1935,6670,6665,99.55,0.0,0.15,0.3,0.0,0.0,0.0
71,1936,6530,6530,99.23,0.08,0.08,0.61,0.0,0.0,0.0
71,1937,6550,6550,99.24,0.0,0.15,0.61,0.0,0.0,0.0
71,1938,6380,6380,99.45,0.0,0.31,0.24,0.0,0.0,0.0
71,1939,6620,6620,98.64,0.0,0.6,0.76,0.08,0.0,0.0
71,1940,6100,6100,99.51,0.0,0.25,0.25,0.0,0.0,0.0
71,1941,5540,5540,99.46,0.0,0.27,0.27,0.0,0.0,0.0
71,1942,6005,6005,99.67,0.0,0.25,0.08,0.0,0.0,0.0
71,1943,6660,6660,99.62,0.0,0.23,0.15,0.0,0.0,0.0
71,1944,7190,7190,99.24,0.0,0.42,0.35,0.0,0.0,0.0
71,1945,6900,6900,99.28,0.0,0.43,0.29,0.0,0.0,0.0
71,1946,9730,9730,99.33,0.05,0.36,0.26,0.0,0.0,0.0
71,1947,10025,10025,99.4,0.0,0.45,0.15,0.0,0.0,0.0
71,1948,9720,9720,99.23,0.0,0.57,0.21,0.0,0.0,0.0
71,1949,9845,9845,99.19,0.0,0.61,0.2,0.05,0.0,0.0
71,1950,9630,9630,99.22,0.0,0.62,0.16,0.05,0.0,0.0
71,1951,9285,9285,98.76,0.11,0.86,0.27,0.0,0.0,0.0
71,1952,9220,9220,98.86,0.11,0.65,0.38,0.05,0.0,0.0
71,1953,8975,8975,99.0,0.22,0.56,0.17,0.11,0.0,0.0
71,1954,8920,8920,98.6,0.22,0.78,0.34,0.11,0.0,0.0
71,1955,8825,8825,98.75,0.23,0.57,0.28,0.23,0.0,0.0
71,1956,8655,8655,98.67,0.35,0.58,0.29,0.17,0.06,0.0
71,1957,8640,8640,98.44,0.41,0.41,0.46,0.41,0.06,0.0
71,1958,8650,8650,98.03,0.69,0.52,0.58,0.23,0.0,0.0
71,1959,8460,8460,97.87,0.71,0.35,0.89,0.3,0.0,0.0
71,1960,8460,8460,97.34,1.18,0.24,1.06,0.24,0.06,0.0
71,1961,8645,8645,97.05,1.21,0.23,1.33,0.35,0.06,0.0
71,1962,8705,8705,96.96,1.32,0.11,1.26,0.52,0.06,0.0
71,1963,9000,9000,96.22,1.56,0.11,1.67,0.61,0.0,0.0
71,1964,8995,8995,96.61,1.33,0.11,1.61,0.5,0.06,0.0
71,1965,8800,8800,96.88,1.02,0.11,1.42,0.74,0.06,0.0
71,1966,8785,8785,96.47,1.37,0.17,1.48,0.74,0.06,0.0
71,1967,8380,8380,96.96,1.07,0.24,1.19,0.84,0.12,0.0
71,1968,8645,8645,96.3,0.93,0.23,1.68,1.21,0.06,0.0
71,1969,8370,8370,96.65,0.78,0.36,1.67,0.9,0.12,0.0
71,1970,8335,8335,95.32,1.14,0.36,2.28,1.14,0.06,0.0
71,1971,8515,8515,94.42,1.35,0.35,2.94,1.35,0.29,0.0
71,1972,8205,8205,93.05,2.07,0.49,3.53,1.28,0.12,0.0
71,1973,7890,7890,92.59,2.34,0.44,3.61,1.39,0.13,0.0
71,1974,7395,7395,91.48,2.23,0.47,3.79,2.37,0.34,0.0
71,1975,6810,6810,90.9,2.94,0.29,4.04,2.28,0.07,0.0
71,1976,6410,6410,89.7,3.51,0.47,3.98,2.65,0.31,0.0
71,1977,6485,6485,88.51,4.32,0.39,4.01,3.24,0.31,0.0
71,1978,6360,6360,86.87,4.8,0.47,5.82,2.44,0.24,0.0
71,1979,6490,6490,86.06,5.01,0.62,5.08,3.62,0.54,0.0
71,1980,6715,6715,86.15,4.99,0.37,6.03,2.76,0.3,0.0
71,1981,6725,6725,84.16,5.72,0.45,6.47,3.49,0.74,0.0
71,1982,6450,6450,84.26,5.74,0.47,6.12,3.64,0.85,0.0
71,1983,5940,5940,83.16,6.14,0.34,7.58,3.03,0.34,0.0
71,1984,5905,5905,82.3,6.52,0.42,8.81,2.2,0.34,0.0
71,1985,5570,5570,80.97,7.36,0.36,8.17,3.32,0.45,0.0
71,1986,5810,5810,79.69,7.4,0.52,10.41,2.15,0.09,0.0
71,1987,5630,5630,78.51,8.44,0.36,10.57,2.22,0.18,0.0
71,1988,5465,5465,76.94,9.06,0.55,11.53,2.01,0.27,0.0
71,1989,5555,5555,76.78,10.08,0.72,11.16,1.44,0.09,0.0
71,1990,5355,5355,75.26,10.74,0.65,11.67,1.77,0.0,0.0
71,1991,5275,5275,73.46,11.18,1.42,11.94,2.37,0.0,0.0
71,1992,4905,4905,71.97,11.42,1.33,13.46,2.04,0.0,0.0
71,1993,4765,4765,71.35,11.75,2.31,13.01,1.68,0.0,0.0
71,1994,4910,4910,72.91,10.79,2.85,12.22,1.63,0.0,0.0
71,1995,4920,4920,71.95,9.86,3.35,13.01,2.13,0.1,0.0
71,1996,4885,4885,72.16,9.93,2.66,13.31,2.46,0.1,0.0
71,1997,4795,4795,72.58,9.49,3.55,12.62,2.29,0.0,0.0
71,1998,4800,4800,71.67,9.27,3.54,13.75,3.02,0.1,0.0
71,1999,4820,4820,69.29,9.96,3.73,15.04,2.59,0.31,0.0
71,2000,4935,4935,67.48,10.03,3.75,15.5,3.85,0.3,0.0
71,2001,4950,4950,65.76,10.3,5.15,16.06,3.54,0.1,0.0
71,2002,4470,4470,63.31,9.4,6.04,17.56,4.92,0.11,0.0
71,2003,4635,4635,59.22,9.82,7.12,20.06,4.96,0.32,0.11
71,2004,4480,4480,58.48,8.48,7.14,21.65,6.03,0.22,0.0
71,2005,4590,4590,56.54,7.95,7.3,22.98,7.19,0.11,0.11
71,2006,4620,4620,52.71,7.25,8.55,24.24,9.31,0.32,0.22
71,2007,4360,4360,51.15,7.0,9.86,24.43,10.55,0.34,0.11
71,2008,4295,4295,51.57,6.29,10.83,23.98,9.55,0.35,0.23
71,2009,4360,4360,48.39,6.77,11.81,23.85,12.27,0.57,0.34
71,2010,4355,4355,46.15,6.66,12.4,25.49,12.06,0.46,0.34
71,2011,4240,4240,44.34,6.96,12.03,27.12,12.97,0.71,0.35
71,2012,4050,4050,45.31,6.54,11.73,25.31,15.06,1.23,0.25
71,2013,3805,3805,44.68,6.57,12.22,26.28,13.8,0.79,0.39
71,2014,3830,3830,43.21,6.79,12.14,26.76,15.27,1.17,0.52
71,2015,3760,3760,44.15,6.12,11.84,26.2,16.09,1.06,0.66
71,2016,3305,3305,42.66,6.05,12.41,27.08,16.49,1.66,0.3
71,2017,3380,3380,45.27,4.44,13.02,26.78,15.38,1.48,0.15
71,2018,3115,3115,44.46,4.49,13.32,25.68,15.73,1.12,0.64
71,2019,3025,3025,41.65,5.62,13.88,25.95,16.86,0.99,0.33
71,2020,2865,2865,41.54,5.24,13.26,26.88,17.28,0.87,0.17
71,2021,2965,2965,43.0,4.05,14.0,26.81,16.69,1.18,0.67
71,2022,2760,2760,41.67,3.8,14.49,27.9,17.03,1.27,0.18
71,2023,2505,2505,38.72,3.39,16.17,27.94,17.76,1.2,0.4
71,2024,2160,2160,44.44,3.7,11.57,25.93,17.82,1.16,0.23
72,1900,3560,3560,99.02,0.0,0.0,0.98,0.0,0.0,0.0
72,1901,4055,4055,99.26,0.0,0.0,0.74,0.0,0.0,0.0
72,1902,4035,4035,99.5,0.0,0.0,0.5,0.0,0.0,0.0
72,1903,4400,4400,99.2,0.0,0.0,0.8,0.0,0.0,0.0
72,1904,4325,4325,98.96,0.0,0.0,1.04,0.0,0.0,0.0
72,1905,4430,4430,99.21,0.0,0.0,0.79,0.0,0.0,0.0
72,1906,4520,4520,99.23,0.0,0.0,0.77,0.0,0.0,0.0
72,1907,4685,4685,99.25,0.0,0.0,0.75,0.0,0.0,0.0
72,1908,4795,4795,99.17,0.0,0.0,0.83,0.0,0.0,0.0
72,1909,5005,5005,99.3,0.0,0.0,0.7,0.0,0.0,0.0
72,1910,5125,5120,99.12,0.0,0.0,0.88,0.0,0.0,0.0
72,1911,4585,4585,99.35,0.0,0.0,0.65,0.0,0.0,0.0
72,1912,5340,5340,98.97,0.0,0.09,0.94,0.0,0.0,0.0
72,1913,5530,5530,99.46,0.0,0.0,0.54,0.0,0.0,0.0
72,1914,5390,5390,99.07,0.0,0.0,0.93,0.0,0.0,0.0
72,1915,3470,3470,99.28,0.0,0.0,0.72,0.0,0.0,0.0
72,1916,2790,2790,99.46,0.0,0.0,0.54,0.0,0.0,0.0
72,1917,3175,3175,99.37,0.0,0.0,0.63,0.0,0.0,0.0
72,1918,4080,4080,99.26,0.0,0.0,0.74,0.0,0.0,0.0
72,1919,3895,3895,99.23,0.0,0.0,0.77,0.0,0.0,0.0
72,1920,6865,6865,99.34,0.0,0.0,0.66,0.0,0.0,0.0
72,1921,6290,6290,99.6,0.0,0.0,0.4,0.0,0.0,0.0
72,1922,6070,6070,99.67,0.0,0.0,0.33,0.0,0.0,0.0
72,1923,6320,6320,99.45,0.0,0.0,0.55,0.0,0.0,0.0
72,1924,6195,6195,99.68,0.0,0.0,0.32,0.0,0.0,0.0
72,1925,6430,6430,99.61,0.0,0.0,0.39,0.0,0.0,0.0
72,1926,6380,6380,99.45,0.0,0.0,0.55,0.0,0.0,0.0
72,1927,6320,6320,99.84,0.0,0.0,0.16,0.0,0.0,0.0
72,1928,6430,6430,99.77,0.0,0.0,0.23,0.0,0.0,0.0
72,1929,6290,6290,99.68,0.0,0.0,0.32,0.0,0.0,0.0
72,1930,6690,6690,99.55,0.0,0.0,0.45,0.0,0.0,0.0
72,1931,6405,6405,99.69,0.0,0.0,0.31,0.0,0.0,0.0
72,1932,6575,6575,99.7,0.0,0.0,0.3,0.0,0.0,0.0
72,1933,6445,6445,99.77,0.0,0.0,0.23,0.0,0.0,0.0
72,1934,6595,6595,99.62,0.0,0.08,0.3,0.0,0.0,0.0
72,1935,6420,6420,99.84,0.0,0.0,0.16,0.0,0.0,0.0
72,1936,6290,6290,99.68,0.0,0.16,0.16,0.0,0.0,0.0
72,1937,6320,6320,99.6,0.0,0.16,0.24,0.0,0.0,0.0
72,1938,6080,6080,99.51,0.08,0.08,0.33,0.0,0.0,0.0
72,1939,6395,6395,99.45,0.08,0.23,0.23,0.0,0.0,0.0
72,1940,6135,6135,99.27,0.08,0.33,0.33,0.0,0.0,0.0
72,1941,5520,5520,99.09,0.09,0.63,0.18,0.09,0.0,0.0
72,1942,5860,5860,99.32,0.09,0.34,0.26,0.0,0.0,0.0
72,1943,6660,6660,99.1,0.0,0.68,0.23,0.0,0.0,0.0
72,1944,6670,6670,98.58,0.15,0.82,0.45,0.0,0.0,0.0
72,1945,6535,6535,98.16,0.08,1.38,0.38,0.0,0.0,0.0
72,1946,9310,9310,97.64,0.11,1.77,0.43,0.11,0.0,0.0
72,1947,9925,9925,97.28,0.1,1.96,0.65,0.0,0.0,0.0
72,1948,9910,9910,97.17,0.25,1.97,0.5,0.1,0.05,0.0
72,1949,9840,9840,97.36,0.2,1.88,0.56,0.0,0.0,0.0
72,1950,9710,9710,97.12,0.15,2.06,0.62,0.1,0.0,0.0
72,1951,9030,9030,96.73,0.33,2.1,0.72,0.11,0.0,0.0
72,1952,9515,9515,96.69,0.47,1.89,0.79,0.21,0.0,0.0
72,1953,8975,8975,96.32,0.56,2.17,0.89,0.11,0.0,0.0
72,1954,9230,9230,95.72,0.81,2.17,1.19,0.16,0.0,0.0
72,1955,9110,9110,95.44,1.1,2.09,1.21,0.27,0.05,0.0
72,1956,8960,8960,95.7,1.12,1.45,1.45,0.33,0.0,0.0
72,1957,9190,9190,96.03,0.82,1.41,1.52,0.33,0.05,0.0
72,1958,8940,8940,95.75,1.23,1.4,1.4,0.34,0.0,0.0
72,1959,8955,8955,95.09,1.17,1.34,2.12,0.34,0.0,0.0
72,1960,8865,8865,94.92,1.3,1.3,2.31,0.23,0.0,0.0
72,1961,8995,8995,95.5,1.28,0.78,2.06,0.44,0.0,0.0
72,1962,8870,8870,95.1,1.63,0.73,2.14,0.51,0.0,0.0
72,1963,9000,9000,96.5,1.11,0.39,1.67,0.5,0.0,0.0
72,1964,9260,9260,96.92,0.92,0.27,1.51,0.49,0.0,0.0
72,1965,8945,8945,96.93,0.84,0.28,1.57,0.56,0.06,0.0
72,1966,8775,8775,96.35,0.97,0.4,1.88,0.51,0.06,0.0
72,1967,8350,8350,95.15,1.08,0.6,2.63,0.66,0.0,0.0
72,1968,8430,8430,94.48,1.01,1.01,2.97,0.65,0.06,0.0
72,1969,8425,8425,93.41,1.19,1.01,3.92,0.65,0.06,0.0
72,1970,8640,8640,92.3,1.68,1.04,4.4,0.69,0.06,0.0
72,1971,8840,8840,90.61,2.26,0.68,6.11,0.51,0.06,0.0
72,1972,8715,8715,86.98,3.21,0.75,8.26,1.15,0.17,0.0
72,1973,8210,8210,85.26,4.08,0.73,9.07,1.1,0.12,0.0
72,1974,7810,7810,84.25,3.84,0.77,10.31,1.09,0.19,0.0
72,1975,7145,7145,82.65,4.97,0.56,10.85,1.05,0.14,0.0
72,1976,6705,6705,81.51,5.22,0.6,11.78,1.12,0.22,0.0
72,1977,6555,6555,79.63,7.02,0.84,11.21,1.45,0.38,0.0
72,1978,6555,6555,80.55,6.79,0.53,11.06,1.37,0.15,0.0
72,1979,6560,6560,80.41,6.55,0.38,11.59,1.37,0.15,0.0
72,1980,7015,7015,81.04,5.56,0.71,11.48,1.35,0.21,0.0
72,1981,7005,7005,80.51,6.57,0.64,11.13,1.36,0.07,0.0
72,1982,6885,6885,80.25,6.83,0.73,11.47,0.94,0.07,0.0
72,1983,6365,6365,79.34,7.7,0.24,12.18,0.63,0.08,0.0
72,1984,6510,6510,79.11,7.6,0.46,12.29,0.61,0.0,0.0
72,1985,6565,6565,77.76,8.3,0.84,12.49,0.84,0.15,0.0
72,1986,6560,6560,78.51,7.93,0.76,12.5,0.38,0.08,0.0
72,1987,6510,6510,77.42,8.99,1.31,11.83,0.54,0.0,0.0
72,1988,6405,6405,76.58,9.68,1.17,12.18,0.55,0.08,0.0
72,1989,6085,6085,74.45,9.94,0.82,14.3,0.58,0.08,0.0
72,1990,6180,6180,75.49,9.71,1.13,13.35,0.49,0.0,0.0
72,1991,6230,6230,74.0,9.95,1.85,13.96,0.32,0.0,0.0
72,1992,6045,6045,72.62,10.34,2.07,14.14,0.99,0.08,0.0
72,1993,5490,5490,72.68,10.56,2.73,13.75,0.55,0.0,0.0
72,1994,5680,5680,74.03,9.42,2.82,13.47,0.53,0.0,0.0
72,1995,5655,5655,72.06,9.2,3.71,15.03,0.44,0.0,0.0
72,1996,5765,5765,74.33,8.76,3.04,13.44,0.78,0.09,0.0
72,1997,5525,5525,73.21,8.05,4.25,14.3,0.45,0.0,0.0
72,1998,5595,5595,72.3,8.58,3.57,14.75,1.25,0.09,0.0
72,1999,5550,5550,70.18,9.28,4.23,15.68,1.08,0.09,0.0
72,2000,5740,5740,69.25,9.58,4.53,15.77,1.74,0.09,0.0
72,2001,5550,5550,66.31,9.64,5.41,18.02,1.44,0.09,0.09
72,2002,5550,5550,64.86,9.55,5.86,18.56,2.34,0.0,0.0
72,2003,5360,5360,59.79,8.49,8.21,20.8,4.2,0.19,0.28
72,2004,5420,5415,57.62,7.66,8.13,23.55,4.62,0.09,0.09
72,2005,5230,5230,59.18,6.6,9.08,21.32,5.64,0.1,0.29
72,2006,5425,5425,54.38,6.91,10.32,24.24,6.36,0.55,0.28
72,2007,5115,5115,52.88,5.96,11.73,24.44,7.33,0.49,0.2
72,2008,5080,5080,52.36,6.4,11.91,24.31,8.07,0.3,0.39
72,2009,4925,4925,51.98,6.6,12.49,23.05,9.04,0.61,0.41
72,2010,5005,5005,47.55,6.29,14.09,24.58,10.19,0.9,0.6
72,2011,4795,4795,47.97,5.94,14.18,24.92,10.11,0.94,0.73
72,2012,4710,4710,49.58,5.41,13.8,24.52,10.83,0.64,0.42
72,2013,4580,4580,47.05,5.35,15.28,26.42,11.24,1.09,0.11
72,2014,4640,4640,49.89,4.85,13.15,24.89,11.1,1.4,0.54
72,2015,4190,4190,48.81,5.25,14.92,23.87,10.98,0.72,0.6
72,2016,4135,4135,48.97,4.35,15.24,23.22,12.58,1.09,0.48
72,2017,3905,3905,49.42,4.61,15.11,22.54,12.42,1.28,0.51
72,2018,3705,3705,47.64,4.86,15.25,22.94,12.55,1.89,0.67
72,2019,3775,3775,45.03,4.11,15.36,25.17,14.3,1.19,0.53
72,2020,3620,3620,45.44,4.28,17.13,24.45,12.85,1.52,0.55
72,2021,3720,3720,45.97,3.76,15.05,24.33,14.65,1.88,0.94
72,2022,3455,3455,44.72,3.62,16.21,24.89,14.76,1.45,0.43
72,2023,3270,3270,43.73,3.21,18.65,23.55,14.83,2.29,0.46
72,2024,3040,3040,46.55,3.29,15.46,24.18,14.47,2.14,0.49
73,1900,2380,2380,98.74,0.0,0.42,0.84,0.0,0.0,0.0
73,1901,2695,2695,98.14,0.0,0.0,1.86,0.0,0.0,0.0
73,1902,2570,2570,97.86,0.0,0.19,1.95,0.0,0.0,0.0
73,1903,2615,2615,98.28,0.0,0.19,1.53,0.0,0.0,0.0
73,1904,2725,2725,98.53,0.0,0.0,1.47,0.0,0.0,0.0
73,1905,2735,2735,98.35,0.0,0.18,1.46,0.18,0.0,0.0
73,1906,2745,2745,98.54,0.0,0.18,1.28,0.0,0.0,0.0
73,1907,2690,2690,98.7,0.0,0.19,1.12,0.19,0.0,0.0
73,1908,2845,2845,98.59,0.0,0.0,1.41,0.0,0.0,0.0
73,1909,2865,2865,98.6,0.0,0.0,1.4,0.0,0.0,0.0
73,1910,2970,2970,98.65,0.0,0.0,1.35,0.0,0.0,0.0
73,1911,2855,2855,97.55,0.0,0.18,2.28,0.18,0.0,0.0
73,1912,2960,2960,98.48,0.0,0.0,1.52,0.0,0.0,0.0
73,1913,3115,3115,98.39,0.0,0.16,1.44,0.16,0.0,0.0
73,1914,3035,3035,98.52,0.0,0.0,1.48,0.0,0.0,0.0
73,1915,1890,1890,99.21,0.0,0.0,0.79,0.0,0.0,0.0
73,1916,1505,1505,98.34,0.0,0.0,1.66,0.0,0.0,0.0
73,1917,1590,1590,98.74,0.0,0.0,1.26,0.0,0.0,0.0
73,1918,1885,1885,99.47,0.0,0.0,0.53,0.0,0.0,0.0
73,1919,2020,2020,98.27,0.0,0.0,1.73,0.0,0.0,0.0
73,1920,3425,3425,98.98,0.0,0.15,0.88,0.15,0.0,0.0
73,1921,3315,3315,98.64,0.0,0.15,1.21,0.15,0.0,0.0
73,1922,3245,3245,98.15,0.0,0.15,1.69,0.15,0.0,0.0
73,1923,3315,3315,98.49,0.0,0.3,1.21,0.3,0.0,0.0
73,1924,3250,3250,98.0,0.0,0.31,1.69,0.31,0.0,0.0
73,1925,3330,3330,98.65,0.0,0.15,1.2,0.15,0.0,0.0
73,1926,3420,3420,98.54,0.0,0.15,1.32,0.15,0.0,0.0
73,1927,3405,3405,98.09,0.0,0.29,1.62,0.15,0.0,0.0
73,1928,3485,3485,98.57,0.0,0.14,1.29,0.14,0.0,0.0
73,1929,3415,3415,98.83,0.0,0.29,0.88,0.29,0.0,0.0
73,1930,3320,3320,98.19,0.0,0.0,1.81,0.0,0.0,0.0
73,1931,3290,3290,98.18,0.0,0.15,1.67,0.15,0.0,0.0
73,1932,3470,3470,98.85,0.0,0.14,1.01,0.14,0.0,0.0
73,1933,3185,3185,99.06,0.0,0.16,0.78,0.16,0.0,0.0
73,1934,3275,3275,98.78,0.0,0.15,1.07,0.15,0.0,0.0
73,1935,3095,3095,98.71,0.0,0.0,1.29,0.0,0.0,0.0
73,1936,3150,3150,99.05,0.0,0.16,0.79,0.16,0.0,0.0
73,1937,2930,2930,99.49,0.0,0.0,0.51,0.0,0.0,0.0
73,1938,3005,3005,98.67,0.0,0.17,1.16,0.17,0.0,0.0
73,1939,2955,2955,99.49,0.0,0.17,0.34,0.0,0.0,0.0
73,1940,2955,2955,99.66,0.0,0.0,0.34,0.0,0.0,0.0
73,1941,3180,3180,99.37,0.0,0.16,0.47,0.0,0.0,0.0
73,1942,3510,3510,99.29,0.0,0.14,0.57,0.0,0.0,0.0
73,1943,3695,3695,99.32,0.0,0.27,0.41,0.0,0.0,0.0
73,1944,3665,3665,99.45,0.0,0.14,0.41,0.0,0.0,0.0
73,1945,3585,3585,99.44,0.0,0.28,0.28,0.14,0.0,0.0
73,1946,4520,4520,99.45,0.0,0.22,0.33,0.0,0.0,0.0
73,1947,4705,4705,99.36,0.0,0.21,0.43,0.0,0.0,0.0
73,1948,4765,4765,98.85,0.0,0.52,0.63,0.0,0.0,0.0
73,1949,4795,4795,98.96,0.1,0.52,0.42,0.1,0.0,0.0
73,1950,4930,4930,99.09,0.2,0.3,0.41,0.0,0.0,0.0
73,1951,4690,4690,98.83,0.21,0.43,0.53,0.21,0.0,0.0
73,1952,4790,4790,98.96,0.1,0.42,0.42,0.21,0.0,0.0
73,1953,4560,4560,98.46,0.44,0.33,0.66,0.22,0.0,0.0
73,1954,4440,4440,98.76,0.11,0.45,0.68,0.11,0.0,0.0
73,1955,4185,4185,98.69,0.24,0.6,0.48,0.24,0.0,0.0
73,1956,4395,4395,98.75,0.46,0.34,0.34,0.23,0.0,0.0
73,1957,4495,4495,98.44,0.44,0.22,0.78,0.22,0.0,0.0
73,1958,4375,4375,98.29,0.69,0.34,0.46,0.34,0.0,0.0
73,1959,4605,4605,98.15,0.65,0.33,0.76,0.33,0.0,0.0
73,1960,4375,4375,97.14,0.91,0.34,1.14,0.57,0.11,0.0
73,1961,4510,4510,96.12,1.22,0.44,1.55,0.89,0.11,0.0
73,1962,4250,4250,96.24,1.53,0.24,1.29,1.06,0.0,0.0
73,1963,4710,4710,96.18,1.17,0.32,1.8,0.85,0.0,0.0
73,1964,4500,4500,96.89,0.89,0.11,1.22,1.22,0.22,0.0
73,1965,4480,4480,96.65,0.89,0.11,1.0,1.56,0.11,0.0
73,1966,4420,4420,96.83,0.79,0.23,1.47,1.13,0.0,0.0
73,1967,4455,4455,96.63,0.79,0.22,1.01,1.68,0.22,0.0
73,1968,4470,4470,95.08,0.89,0.45,1.9,2.13,0.34,0.0
73,1969,4330,4330,95.27,0.69,0.58,1.62,2.31,0.35,0.0
73,1970,4390,4390,94.76,1.25,0.68,1.25,2.62,0.23,0.0
73,1971,4480,4480,94.08,1.56,0.78,1.79,2.12,0.11,0.0
73,1972,4440,4440,92.12,2.03,0.79,2.82,2.7,0.23,0.0
73,1973,4300,4300,90.23,3.02,0.7,3.02,3.37,0.58,0.0
73,1974,3885,3885,89.7,3.6,0.13,3.86,2.96,0.26,0.0
73,1975,3750,3750,89.73,4.4,0.67,3.07,2.4,0.4,0.0
73,1976,3590,3590,88.16,5.43,0.42,3.9,2.51,0.42,0.0
73,1977,3775,3775,86.75,5.56,0.93,4.37,2.91,0.26,0.0
73,1978,3690,3690,86.45,6.37,0.27,5.83,1.76,0.0,0.0
73,1979,3845,3845,85.7,5.98,0.91,5.59,2.47,0.13,0.0
73,1980,4050,4050,84.81,6.79,0.49,5.56,2.84,0.25,0.0
73,1981,3985,3985,83.44,6.9,0.38,7.28,2.38,0.38,0.0
73,1982,4010,4010,82.29,7.73,0.5,7.36,2.37,0.25,0.0
73,1983,3675,3675,82.31,7.07,0.54,6.94,3.4,0.41,0.0
73,1984,3690,3690,80.08,8.13,0.54,8.4,3.25,0.27,0.0
73,1985,3675,3675,80.14,7.76,0.54,9.39,2.45,0.0,0.0
73,1986,3705,3705,78.95,8.23,0.67,10.8,1.48,0.13,0.0
73,1987,3680,3680,77.99,8.97,0.54,11.01,1.9,0.14,0.0
73,1988,3880,3880,77.19,9.41,0.77,11.34,1.55,0.13,0.0
73,1989,3920,3920,75.13,10.2,1.4,11.86,1.53,0.0,0.0
73,1990,3785,3785,72.92,11.1,1.98,12.81,1.32,0.13,0.0
73,1991,3820,3820,72.64,10.99,1.96,12.43,2.36,0.13,0.0
73,1992,3810,3810,70.08,11.15,1.97,14.96,2.1,0.13,0.0
73,1993,3555,3555,70.46,12.66,1.83,13.64,1.83,0.0,0.0
73,1994,3420,3420,71.05,10.96,2.19,14.47,1.61,0.0,0.15
73,1995,3545,3545,69.96,11.28,3.24,13.54,2.4,0.0,0.0
73,1996,3705,3705,69.23,10.93,3.1,15.25,2.43,0.13,0.0
73,1997,3570,3570,68.35,10.08,3.22,16.11,2.94,0.14,0.14
73,1998,3705,3705,69.64,10.12,3.64,14.98,2.83,0.13,0.0
73,1999,3740,3740,66.84,10.56,4.01,16.44,3.07,0.13,0.0
73,2000,3805,3805,63.6,11.3,4.2,17.87,4.2,0.26,0.0
73,2001,3780,3780,63.76,9.26,4.89,17.99,5.29,0.4,0.13
73,2002,3750,3750,59.47,10.0,5.87,20.0,6.27,0.53,0.0
73,2003,3665,3665,58.66,8.46,6.55,21.15,7.09,0.14,0.14
73,2004,3600,3600,56.39,8.47,7.5,23.06,6.11,0.56,0.0
73,2005,3620,3620,52.49,7.6,7.87,26.8,8.29,0.69,0.14
73,2006,3655,3655,53.35,7.39,8.07,25.03,9.71,0.41,0.27
73,2007,3845,3845,51.24,6.76,8.58,25.75,10.01,0.52,0.26
73,2008,3605,3605,51.04,6.8,9.02,26.49,9.57,0.83,0.28
73,2009,3645,3645,50.21,5.76,11.52,25.1,11.25,0.69,0.27
73,2010,3715,3715,49.13,7.27,10.77,25.71,10.23,0.54,0.54
73,2011,3480,3480,48.13,5.6,11.35,26.29,12.36,0.57,0.29
73,2012,3470,3470,48.41,5.62,11.38,26.37,11.96,0.72,0.72
73,2013,3395,3395,46.69,6.33,11.49,26.07,13.55,1.47,0.59
73,2014,3395,3395,44.48,5.3,11.63,30.19,12.22,0.44,0.44
73,2015,3235,3235,48.38,5.41,11.59,27.36,11.59,0.46,0.62
73,2016,3160,3160,45.57,5.54,12.03,27.22,13.61,0.63,0.32
73,2017,3170,3170,46.69,4.1,11.67,27.76,13.56,0.95,0.32
73,2018,3155,3155,43.9,4.75,11.57,30.27,13.31,0.79,0.32
73,2019,2995,2995,42.9,4.67,12.19,28.88,14.86,1.0,0.17
73,2020,2875,2875,45.22,5.22,12.7,28.35,13.04,1.04,0.35
73,2021,2915,2915,42.37,4.46,13.38,30.87,13.04,0.86,0.34
73,2022,2875,2875,42.43,3.65,13.57,30.43,14.43,0.52,0.17
73,2023,2540,2540,43.11,4.33,13.19,29.33,13.19,0.59,0.39
73,2024,2685,2685,43.58,4.28,12.85,30.91,13.97,0.93,0.19
74,1900,2585,2585,98.07,0.0,0.19,1.74,0.19,0.0,0.0
74,1901,2710,2710,97.6,0.0,0.37,2.03,0.18,0.0,0.0
74,1902,2695,2695,97.77,0.0,0.37,1.86,0.37,0.0,0.0
74,1903,2770,2770,97.83,0.0,0.36,1.81,0.36,0.0,0.0
74,1904,2880,2880,97.92,0.0,0.0,2.08,0.0,0.0,0.0
74,1905,3025,3025,97.52,0.0,0.33,2.15,0.17,0.0,0.0
74,1906,3000,3000,97.83,0.0,0.0,2.0,0.17,0.0,0.0
74,1907,2925,2925,96.92,0.0,0.34,2.74,0.34,0.0,0.0
74,1908,3265,3265,96.94,0.0,0.31,2.76,0.31,0.0,0.0
74,1909,3180,3180,97.33,0.0,0.16,2.52,0.16,0.0,0.0
74,1910,3250,3250,97.38,0.0,0.31,2.31,0.15,0.0,0.0
74,1911,3055,3055,97.87,0.0,0.16,1.96,0.16,0.0,0.0
74,1912,3275,3275,97.25,0.0,0.31,2.44,0.31,0.0,0.0
74,1913,3325,3325,97.44,0.0,0.3,2.26,0.3,0.0,0.0
74,1914,3340,3340,97.75,0.0,0.15,2.1,0.15,0.0,0.0
74,1915,2075,2075,98.07,0.0,0.24,1.69,0.24,0.0,0.0
74,1916,1650,1650,98.18,0.0,0.3,1.52,0.3,0.0,0.0
74,1917,1835,1835,98.64,0.0,0.27,1.09,0.27,0.0,0.0
74,1918,2125,2125,98.59,0.0,0.24,1.18,0.24,0.0,0.0
74,1919,2205,2205,98.64,0.0,0.23,1.13,0.23,0.0,0.0
74,1920,3625,3625,98.07,0.0,0.41,1.52,0.28,0.0,0.0
74,1921,3525,3525,97.73,0.0,0.28,1.99,0.28,0.0,0.0
74,1922,3620,3620,98.2,0.0,0.14,1.66,0.14,0.0,0.0
74,1923,3545,3545,98.03,0.0,0.28,1.69,0.28,0.0,0.0
74,1924,3505,3505,97.86,0.0,0.29,1.85,0.29,0.0,0.0
74,1925,3755,3755,98.0,0.0,0.4,1.6,0.4,0.0,0.0
74,1926,3585,3585,98.19,0.0,0.28,1.53,0.28,0.0,0.0
74,1927,3630,3630,98.9,0.0,0.14,0.96,0.14,0.0,0.0
74,1928,3555,3555,98.45,0.0,0.14,1.41,0.14,0.0,0.0
74,1929,3640,3640,98.21,0.0,0.27,1.51,0.14,0.0,0.0
74,1930,3520,3520,98.86,0.0,0.14,0.99,0.14,0.0,0.0
74,1931,3585,3585,98.05,0.0,0.42,1.53,0.42,0.0,0.0
74,1932,3645,3645,98.63,0.0,0.0,1.37,0.0,0.0,0.0
74,1933,3610,3610,98.34,0.0,0.28,1.39,0.28,0.0,0.0
74,1934,3585,3585,99.16,0.0,0.0,0.84,0.0,0.0,0.0
74,1935,3455,3455,98.26,0.0,0.43,1.3,0.14,0.0,0.0
74,1936,3435,3435,98.84,0.0,0.29,0.87,0.15,0.0,0.0
74,1937,3420,3420,98.98,0.0,0.15,0.88,0.15,0.0,0.0
74,1938,3475,3475,98.71,0.0,0.29,1.01,0.14,0.0,0.0
74,1939,3475,3475,98.99,0.14,0.14,0.72,0.0,0.0,0.0
74,1940,3590,3590,99.58,0.0,0.0,0.42,0.0,0.0,0.0
74,1941,3885,3885,98.97,0.0,0.26,0.77,0.0,0.0,0.0
74,1942,4260,4260,99.53,0.0,0.0,0.47,0.0,0.0,0.0
74,1943,4505,4505,99.45,0.0,0.33,0.22,0.0,0.0,0.0
74,1944,4565,4565,99.12,0.11,0.11,0.66,0.0,0.0,0.0
74,1945,4465,4465,99.1,0.0,0.22,0.56,0.11,0.0,0.0
74,1946,5365,5365,99.07,0.19,0.19,0.47,0.09,0.0,0.0
74,1947,5695,5695,99.21,0.09,0.26,0.44,0.0,0.0,0.0
74,1948,5695,5695,98.95,0.18,0.35,0.53,0.09,0.0,0.0
74,1949,5560,5560,98.92,0.18,0.36,0.54,0.0,0.0,0.0
74,1950,5475,5475,99.0,0.18,0.46,0.37,0.09,0.0,0.0
74,1951,5230,5230,98.95,0.29,0.29,0.48,0.29,0.0,0.0
74,1952,5415,5415,98.98,0.37,0.28,0.37,0.09,0.0,0.0
74,1953,5300,5300,98.77,0.38,0.19,0.66,0.09,0.0,0.0
74,1954,5395,5395,98.89,0.37,0.19,0.56,0.28,0.0,0.0
74,1955,5440,5440,98.53,0.64,0.18,0.55,0.37,0.0,0.0
74,1956,5475,5475,98.36,0.73,0.27,0.55,0.27,0.0,0.0
74,1957,5605,5605,98.39,0.62,0.27,0.54,0.36,0.0,0.0
74,1958,5490,5490,98.09,0.73,0.27,0.82,0.36,0.0,0.0
74,1959,5735,5735,97.65,0.87,0.17,1.13,0.44,0.0,0.0
74,1960,5785,5785,97.23,0.86,0.26,1.38,0.43,0.0,0.0
74,1961,6065,6065,97.11,0.99,0.25,1.4,0.58,0.08,0.0
74,1962,6335,6335,96.69,1.1,0.08,1.58,1.1,0.08,0.0
74,1963,6595,6595,97.04,1.14,0.15,1.14,0.99,0.08,0.0
74,1964,6690,6690,96.86,0.97,0.22,1.35,0.97,0.22,0.0
74,1965,6860,6860,96.28,0.87,0.15,1.97,1.09,0.15,0.0
74,1966,6865,6865,96.36,0.95,0.22,1.6,1.17,0.07,0.0
74,1967,6665,6665,95.35,0.98,0.15,2.4,1.65,0.08,0.0
74,1968,6835,6835,95.46,0.95,0.29,1.98,1.83,0.29,0.0
74,1969,6715,6715,94.86,1.04,0.6,2.01,1.94,0.3,0.0
74,1970,6850,6850,93.8,1.24,0.58,3.07,1.68,0.29,0.0
74,1971,7170,7170,92.47,2.3,0.42,3.49,1.81,0.14,0.0
74,1972,7030,7030,91.11,3.34,0.36,4.05,1.71,0.14,0.0
74,1973,6900,6900,90.0,3.41,0.36,4.42,2.1,0.22,0.0
74,1974,6500,6500,87.69,3.85,0.46,5.62,2.69,0.46,0.0
74,1975,6030,6030,86.73,4.56,0.25,5.31,3.48,0.25,0.0
74,1976,6005,6005,87.18,5.16,0.25,4.83,2.83,0.17,0.0
74,1977,6270,6270,85.81,5.02,0.72,5.02,3.83,0.72,0.0
74,1978,6185,6185,83.75,5.42,0.4,5.98,4.77,0.81,0.0
74,1979,6535,6535,82.94,6.04,0.38,6.5,4.36,0.61,0.0
74,1980,6895,6895,81.0,6.53,0.44,7.98,4.42,0.8,0.0
74,1981,6915,6915,80.62,6.72,0.65,7.45,4.77,0.43,0.0
74,1982,6955,6955,79.15,7.33,0.36,7.91,5.54,0.79,0.0
74,1983,6800,6800,78.01,7.72,0.66,8.6,5.29,0.44,0.0
74,1984,6925,6925,76.75,7.58,0.72,10.69,4.62,0.58,0.0
74,1985,6890,6890,76.78,7.84,0.8,10.6,4.21,0.44,0.0
74,1986,7185,7185,76.62,7.93,0.97,11.06,3.69,0.28,0.0
74,1987,7140,7140,75.21,8.89,0.91,11.83,3.29,0.14,0.0
74,1988,7395,7395,74.04,9.33,1.35,12.91,2.5,0.14,0.0
74,1989,7365,7365,73.39,9.64,1.56,13.1,2.85,0.07,0.07
74,1990,8025,8025,72.21,9.6,1.68,13.4,3.24,0.31,0.0
74,1991,7970,7970,69.76,10.54,2.01,15.06,3.01,0.25,0.06
74,1992,7705,7705,69.24,10.25,2.4,15.06,3.44,0.13,0.13
74,1993,7425,7425,68.55,10.44,2.02,15.56,3.91,0.27,0.07
74,1994,7370,7370,69.2,9.57,3.12,15.81,2.85,0.14,0.0
74,1995,7680,7680,69.14,9.9,3.52,15.04,3.19,0.26,0.0
74,1996,7885,7885,67.79,9.64,3.55,15.73,4.06,0.32,0.06
74,1997,7310,7310,69.02,9.64,3.56,15.05,3.63,0.14,0.07
74,1998,7560,7560,67.66,9.13,4.23,15.48,4.37,0.33,0.0
74,1999,7525,7525,64.72,9.37,4.52,17.74,4.92,0.27,0.07
74,2000,8095,8095,62.2,9.14,5.06,18.9,5.62,0.56,0.12
74,2001,7710,7710,60.7,9.21,5.32,19.46,6.49,0.39,0.0
74,2002,7680,7680,57.68,9.44,6.25,20.51,7.49,0.33,0.0
74,2003,7725,7725,57.02,7.38,7.25,21.49,8.35,0.32,0.13
74,2004,7670,7670,53.39,7.69,7.76,23.4,9.71,0.39,0.2
74,2005,7735,7735,52.04,6.27,7.89,24.69,10.92,0.39,0.19
74,2006,7815,7815,49.65,6.27,9.47,25.08,11.9,0.45,0.38
74,2007,7515,7515,49.83,5.79,10.18,24.02,12.84,0.47,0.2
74,2008,7860,7860,47.71,6.3,10.56,25.32,13.42,0.45,0.38
74,2009,7920,7920,47.41,5.05,11.24,25.44,14.08,0.82,0.38
74,2010,8140,8140,44.84,5.22,11.79,25.8,15.97,1.04,0.49
74,2011,8065,8065,45.63,5.33,11.78,24.86,15.62,0.81,0.56
74,2012,8330,8330,44.42,4.68,11.94,25.87,16.75,1.26,0.54
74,2013,8310,8310,44.28,5.72,11.37,26.41,16.97,1.08,0.42
74,2014,8500,8500,42.88,5.18,12.59,26.82,17.29,1.29,0.53
74,2015,8610,8610,43.32,4.99,12.54,26.6,17.31,1.28,0.41
74,2016,8350,8350,43.65,4.67,12.1,27.25,17.31,1.32,0.42
74,2017,8175,8175,41.53,4.04,12.6,28.2,17.98,1.22,0.73
74,2018,8340,8340,41.31,4.74,11.45,27.94,18.53,1.56,0.36
74,2019,8300,8300,40.18,4.52,13.25,27.83,19.04,1.33,0.54
74,2020,8265,8265,39.56,5.02,13.37,27.28,18.94,1.57,0.54
74,2021,8335,8335,39.53,3.84,13.74,29.03,18.24,1.8,0.48
74,2022,8095,8095,38.23,3.89,13.84,29.34,19.64,1.67,0.49
74,2023,7390,7390,37.14,3.65,12.65,29.57,21.72,1.76,0.54
74,2024,7245,7240,38.19,3.66,13.12,27.21,22.79,1.8,0.48
75,1900,35430,35430,99.01,0.03,0.08,0.86,0.04,0.0,0.0
75,1901,38630,38630,99.15,0.03,0.03,0.79,0.03,0.0,0.0
75,1902,39895,39895,99.02,0.0,0.04,0.93,0.03,0.0,0.0
75,1903,39435,39435,99.14,0.01,0.03,0.82,0.01,0.0,0.0
75,1904,39960,39960,99.16,0.01,0.03,0.79,0.03,0.0,0.0
75,1905,40125,40125,99.18,0.01,0.05,0.76,0.04,0.0,0.0
75,1906,41995,41995,99.13,0.01,0.04,0.81,0.05,0.0,0.0
75,1907,43105,43105,99.0,0.02,0.07,0.88,0.06,0.0,0.0
75,1908,44480,44480,99.06,0.01,0.06,0.88,0.04,0.0,0.0
75,1909,44340,44340,99.03,0.02,0.03,0.9,0.07,0.0,0.0
75,1910,45490,45490,98.89,0.03,0.07,0.99,0.07,0.0,0.0
75,1911,45630,45630,98.99,0.02,0.04,0.91,0.07,0.0,0.0
75,1912,47720,47720,98.78,0.02,0.04,1.11,0.07,0.0,0.0
75,1913,49360,49360,98.92,0.02,0.04,1.02,0.04,0.01,0.0
75,1914,47020,47020,98.83,0.0,0.05,1.11,0.04,0.0,0.0
75,1915,30660,30660,99.09,0.02,0.05,0.83,0.03,0.0,0.0
75,1916,28445,28445,98.96,0.0,0.05,0.98,0.04,0.0,0.0
75,1917,33925,33925,99.01,0.03,0.03,0.91,0.04,0.0,0.0
75,1918,32125,32125,98.91,0.03,0.03,1.0,0.08,0.0,0.0
75,1919,41280,41280,99.09,0.04,0.04,0.81,0.04,0.0,0.0
75,1920,62765,62765,99.04,0.02,0.02,0.89,0.04,0.0,0.0
75,1921,59330,59330,99.06,0.03,0.04,0.84,0.04,0.0,0.0
75,1922,55540,55540,99.05,0.03,0.05,0.86,0.04,0.0,0.0
75,1923,55510,55510,98.9,0.01,0.05,1.02,0.06,0.0,0.0
75,1924,56395,56395,98.59,0.04,0.08,1.26,0.07,0.0,0.0
75,1925,58795,58795,98.51,0.04,0.06,1.34,0.09,0.0,0.0
75,1926,60000,60000,98.31,0.04,0.07,1.52,0.12,0.01,0.0
75,1927,60670,60670,98.5,0.04,0.07,1.34,0.08,0.01,0.0
75,1928,59125,59125,98.61,0.05,0.06,1.26,0.06,0.01,0.0
75,1929,60385,60385,98.48,0.05,0.08,1.32,0.1,0.01,0.0
75,1930,63575,63575,98.47,0.06,0.06,1.34,0.12,0.01,0.0
75,1931,63415,63415,98.5,0.06,0.06,1.32,0.09,0.0,0.0
75,1932,62025,62025,98.49,0.07,0.08,1.29,0.1,0.0,0.0
75,1933,58905,58905,98.67,0.08,0.05,1.12,0.15,0.01,0.0
75,1934,58320,58320,98.66,0.08,0.09,1.08,0.14,0.01,0.01
75,1935,55070,55070,98.89,0.08,0.08,0.89,0.09,0.0,0.0
75,1936,54210,54210,98.97,0.11,0.1,0.77,0.09,0.01,0.0
75,1937,54240,54240,98.82,0.1,0.11,0.88,0.14,0.01,0.0
75,1938,53595,53595,98.7,0.14,0.14,0.9,0.17,0.02,0.0
75,1939,44030,44030,98.85,0.12,0.16,0.7,0.22,0.01,0.0
75,1940,38575,38575,98.96,0.1,0.09,0.69,0.19,0.04,0.0
75,1941,43250,43250,98.95,0.13,0.08,0.68,0.17,0.01,0.0
75,1942,45940,45940,99.02,0.13,0.08,0.63,0.16,0.02,0.0
75,1943,49065,49065,99.05,0.15,0.14,0.53,0.16,0.02,0.0
75,1944,45800,45800,98.83,0.17,0.17,0.64,0.21,0.02,0.0
75,1945,53795,53795,98.4,0.21,0.18,0.86,0.38,0.09,0.0
75,1946,89165,89165,98.35,0.21,0.25,0.89,0.36,0.08,0.0
75,1947,94030,94030,98.2,0.23,0.26,0.94,0.43,0.08,0.0
75,1948,92205,92200,98.0,0.26,0.27,1.04,0.5,0.12,0.0
75,1949,91620,91620,97.85,0.26,0.24,1.12,0.61,0.13,0.0
75,1950,89775,89775,97.67,0.33,0.22,1.07,0.81,0.18,0.0
75,1951,86190,86190,97.36,0.38,0.26,1.1,1.0,0.23,0.01
75,1952,85545,85545,97.18,0.47,0.24,1.17,1.06,0.22,0.01
75,1953,84685,84685,96.78,0.57,0.25,1.26,1.29,0.34,0.01
75,1954,84365,84360,96.59,0.56,0.2,1.44,1.37,0.32,0.02
75,1955,85675,85675,96.31,0.68,0.15,1.43,1.55,0.37,0.03
75,1956,86650,86650,95.76,0.69,0.16,1.72,1.79,0.43,0.03
75,1957,89075,89075,95.42,0.79,0.15,1.79,1.99,0.48,0.02
75,1958,89925,89925,94.95,0.77,0.14,2.17,2.12,0.51,0.02
75,1959,93330,93330,94.52,0.83,0.13,2.3,2.4,0.58,0.02
75,1960,93420,93415,93.43,0.84,0.14,2.64,3.17,0.77,0.02
75,1961,94960,94960,92.7,0.76,0.15,2.69,3.9,0.98,0.02
75,1962,94115,94110,92.39,0.78,0.16,2.77,4.11,0.99,0.01
75,1963,98670,98670,92.26,0.71,0.17,3.07,4.04,0.93,0.02
75,1964,99570,99570,91.82,0.67,0.15,3.15,4.43,1.08,0.02
75,1965,97440,97440,91.72,0.66,0.2,3.21,4.44,1.03,0.02
75,1966,96890,96890,91.13,0.78,0.24,3.72,4.42,1.0,0.01
75,1967,93175,93170,90.29,0.98,0.28,4.22,4.56,1.0,0.03
75,1968,40460,40460,90.19,0.99,0.38,4.98,3.79,0.68,0.02
75,1969,39260,39260,89.58,1.31,0.5,5.09,3.88,0.71,0.03
75,1970,40210,40205,88.38,1.52,0.58,5.91,3.97,0.72,0.01
75,1971,41080,41080,86.42,2.15,0.77,6.63,4.36,0.74,0.02
75,1972,39470,39470,84.11,2.81,0.73,7.82,4.86,1.01,0.04
75,1973,37570,37570,82.3,3.14,0.69,8.88,5.36,1.09,0.01
75,1974,34845,34840,80.78,3.37,0.72,9.1,6.4,1.49,0.03
75,1975,33145,33145,79.44,3.8,0.71,9.38,6.88,1.76,0.03
75,1976,33045,33045,78.88,4.13,0.91,9.02,7.25,1.71,0.11
75,1977,35170,35170,76.71,4.52,0.87,9.8,8.37,1.99,0.03
75,1978,34950,34950,75.62,4.84,0.86,9.9,8.9,2.4,0.09
75,1979,34475,34470,75.33,4.99,0.74,9.81,9.28,2.26,0.09
75,1980,36340,36330,73.37,5.09,0.78,10.28,10.61,2.78,0.11
75,1981,36055,36050,71.73,5.09,0.87,11.33,10.87,3.13,0.14
75,1982,35400,35400,70.83,5.4,1.07,11.05,11.75,3.36,0.08
75,1983,34005,34005,69.46,5.19,0.96,11.51,12.63,3.9,0.16
75,1984,34540,34535,68.47,5.37,1.03,12.02,12.96,4.13,0.12
75,1985,34880,34880,69.11,5.45,1.16,12.41,11.6,3.8,0.11
75,1986,34730,34725,68.8,5.6,1.38,12.77,11.45,3.57,0.13
75,1987,34830,34830,69.16,6.01,1.21,12.65,10.71,3.59,0.17
75,1988,35085,35085,68.03,6.4,1.48,13.74,10.33,2.98,0.11
75,1989,35570,35570,67.96,6.37,1.53,13.47,10.77,3.12,0.18
75,1990,35810,35810,67.1,6.52,1.87,14.33,10.42,3.1,0.1
75,1991,35885,35885,66.81,6.63,2.02,14.57,10.17,2.84,0.17
75,1992,34525,34525,66.47,6.84,2.29,15.08,9.91,2.56,0.14
75,1993,33640,33635,65.93,6.87,2.33,14.98,10.38,2.59,0.1
75,1994,33995,33995,66.58,6.44,2.81,14.97,9.88,2.52,0.1
75,1995,34930,34930,66.48,6.1,2.88,15.26,10.28,2.35,0.1
75,1996,34870,34855,66.63,5.88,3.1,15.62,9.86,2.31,0.09
75,1997,35030,35030,65.42,5.64,3.35,15.91,10.52,2.6,0.1
75,1998,35670,35670,64.61,5.82,3.59,15.76,11.41,2.57,0.13
75,1999,35970,35970,63.02,5.66,4.16,16.08,12.32,2.82,0.11
75,2000,35275,35275,62.15,5.41,4.35,16.85,12.45,3.05,0.11
75,2001,35510,35510,60.14,5.25,5.21,17.19,13.35,3.32,0.17
75,2002,35340,35335,58.87,4.73,5.39,18.1,14.26,3.38,0.16
75,2003,34420,34420,57.57,4.62,6.3,18.49,14.79,3.36,0.19
75,2004,35080,35075,56.22,4.11,6.2,19.54,15.84,3.69,0.19
75,2005,34755,34755,56.02,3.67,6.66,19.48,15.97,3.78,0.23
75,2006,35420,35420,55.03,3.39,6.97,20.21,16.7,3.66,0.28
75,2007,34715,34715,54.36,3.73,7.12,19.83,17.3,3.57,0.23
75,2008,35505,35505,52.88,3.2,7.55,20.63,18.08,3.9,0.31
75,2009,36335,36325,52.57,3.25,7.87,19.86,18.87,3.87,0.4
75,2010,36815,36810,51.32,3.21,8.01,20.89,19.33,3.83,0.38
75,2011,35650,35640,51.26,2.86,7.51,20.45,20.76,4.18,0.35
75,2012,34535,34530,51.13,2.95,7.53,20.42,20.92,3.95,0.33
75,2013,34845,34845,50.44,3.17,7.76,20.33,21.65,4.13,0.32
75,2014,35710,35705,47.99,3.16,7.86,21.78,22.74,4.22,0.36
75,2015,34985,34980,49.44,2.63,7.9,21.14,22.46,4.15,0.36
75,2016,34615,34610,49.44,2.64,8.29,21.24,21.81,4.33,0.38
75,2017,34465,34465,48.27,2.67,7.85,21.2,23.24,4.56,0.3
75,2018,35085,35085,47.1,2.44,8.61,21.62,23.51,4.85,0.46
75,2019,35050,35035,46.35,2.35,9.21,21.96,23.6,5.29,0.36
75,2020,33315,33300,45.23,2.6,9.82,21.86,23.66,5.32,0.42
75,2021,34565,34560,44.7,2.71,9.69,22.87,23.12,5.28,0.43
75,2022,32490,32460,42.61,2.68,10.1,22.44,25.09,6.16,0.42
75,2023,30570,30520,41.71,2.46,9.91,22.56,26.18,6.21,0.39
75,2024,30530,30455,42.29,2.48,10.06,22.51,25.55,6.11,0.31
76,1900,8390,8390,99.05,0.0,0.0,0.95,0.0,0.0,0.0
76,1901,9320,9320,99.09,0.0,0.0,0.91,0.0,0.0,0.0
76,1902,9725,9725,99.07,0.05,0.0,0.87,0.0,0.0,0.0
76,1903,9730,9730,98.66,0.0,0.05,1.18,0.1,0.0,0.0
76,1904,9955,9955,98.84,0.0,0.05,1.1,0.0,0.0,0.0
76,1905,10390,10390,99.09,0.0,0.0,0.91,0.0,0.0,0.0
76,1906,10405,10405,98.94,0.0,0.05,1.01,0.0,0.0,0.0
76,1907,11170,11170,98.97,0.0,0.0,0.98,0.04,0.0,0.0
76,1908,11180,11180,99.19,0.0,0.04,0.76,0.0,0.0,0.0
76,1909,11560,11560,99.22,0.0,0.04,0.74,0.04,0.0,0.0
76,1910,11260,11260,99.2,0.0,0.0,0.8,0.0,0.0,0.0
76,1911,11290,11290,99.2,0.0,0.04,0.75,0.0,0.0,0.0
76,1912,11945,11945,99.16,0.04,0.0,0.8,0.0,0.0,0.0
76,1913,11970,11970,99.12,0.0,0.0,0.88,0.0,0.0,0.0
76,1914,12010,12010,99.33,0.0,0.0,0.67,0.0,0.0,0.0
76,1915,8545,8540,98.89,0.0,0.12,1.0,0.0,0.0,0.0
76,1916,8055,8055,99.13,0.0,0.0,0.87,0.0,0.0,0.0
76,1917,9070,9070,99.17,0.0,0.0,0.83,0.0,0.0,0.0
76,1918,10665,10665,99.11,0.05,0.0,0.8,0.05,0.0,0.0
76,1919,10490,10490,99.09,0.0,0.0,0.86,0.05,0.0,0.0
76,1920,16300,16300,99.11,0.0,0.0,0.86,0.03,0.0,0.0
76,1921,15045,15045,99.2,0.0,0.0,0.8,0.0,0.0,0.0
76,1922,14425,14425,99.34,0.0,0.0,0.66,0.0,0.0,0.0
76,1923,14615,14615,99.25,0.0,0.0,0.75,0.0,0.0,0.0
76,1924,14080,14080,99.29,0.0,0.04,0.67,0.04,0.0,0.0
76,1925,14695,14695,99.29,0.0,0.0,0.71,0.0,0.0,0.0
76,1926,14555,14555,99.14,0.0,0.03,0.79,0.07,0.0,0.0
76,1927,14430,14430,99.24,0.0,0.03,0.73,0.0,0.0,0.0
76,1928,14770,14770,99.12,0.03,0.0,0.78,0.07,0.0,0.0
76,1929,14595,14595,99.14,0.0,0.07,0.75,0.03,0.0,0.0
76,1930,15525,15525,98.9,0.03,0.06,0.97,0.03,0.0,0.0
76,1931,15255,15255,99.05,0.03,0.07,0.85,0.03,0.0,0.0
76,1932,15320,15320,99.05,0.03,0.03,0.82,0.07,0.0,0.0
76,1933,14490,14490,98.96,0.07,0.07,0.86,0.03,0.0,0.0
76,1934,14950,14950,98.76,0.03,0.07,1.07,0.07,0.0,0.0
76,1935,14310,14310,98.67,0.1,0.1,1.08,0.07,0.0,0.0
76,1936,14295,14295,98.85,0.1,0.14,0.84,0.1,0.0,0.0
76,1937,14110,14110,98.62,0.18,0.18,0.92,0.14,0.0,0.0
76,1938,13875,13875,98.34,0.25,0.18,1.15,0.07,0.0,0.0
76,1939,13895,13895,98.56,0.25,0.29,0.86,0.07,0.0,0.0
76,1940,12145,12145,98.31,0.16,0.29,1.15,0.12,0.0,0.0
76,1941,10865,10865,98.11,0.41,0.32,1.1,0.09,0.0,0.0
76,1942,10830,10830,98.11,0.32,0.32,1.2,0.05,0.0,0.0
76,1943,12405,12405,97.58,0.48,0.6,1.25,0.12,0.0,0.0
76,1944,12350,12350,97.73,0.45,0.49,1.26,0.12,0.0,0.0
76,1945,13535,13535,96.93,0.48,1.03,1.29,0.33,0.04,0.0
76,1946,21435,21435,96.8,0.61,0.93,1.49,0.21,0.0,0.0
76,1947,21190,21190,96.81,0.61,1.16,1.25,0.24,0.02,0.0
76,1948,21380,21380,96.56,0.75,1.1,1.38,0.3,0.0,0.0
76,1949,22250,22250,96.81,0.76,1.01,1.26,0.25,0.02,0.0
76,1950,21440,21440,96.76,0.86,0.96,1.24,0.28,0.02,0.0
76,1951,21430,21430,97.04,0.93,0.86,0.93,0.35,0.05,0.0
76,1952,21425,21425,96.69,0.98,0.82,1.17,0.49,0.05,0.0
76,1953,20580,20580,96.65,1.0,0.75,1.34,0.39,0.05,0.0
76,1954,20925,20925,96.58,1.08,0.79,1.19,0.53,0.07,0.0
76,1955,20945,20945,96.54,1.1,0.69,1.27,0.53,0.02,0.0
76,1956,20545,20545,96.5,0.88,0.73,1.46,0.56,0.1,0.0
76,1957,20815,20815,96.59,0.94,0.62,1.39,0.67,0.1,0.0
76,1958,20625,20625,96.61,0.97,0.56,1.26,0.78,0.12,0.0
76,1959,21295,21295,96.5,0.96,0.49,1.46,0.77,0.16,0.0
76,1960,20805,20805,96.78,0.79,0.53,1.25,0.82,0.14,0.0
76,1961,21240,21240,96.8,0.92,0.33,1.34,0.8,0.14,0.0
76,1962,20755,20755,96.36,0.79,0.48,1.59,0.94,0.14,0.0
76,1963,21905,21905,96.21,0.78,0.41,1.69,1.14,0.18,0.0
76,1964,21755,21755,96.12,0.76,0.51,1.61,1.24,0.21,0.0
76,1965,21410,21410,96.64,0.54,0.4,1.31,1.31,0.21,0.0
76,1966,21340,21340,95.71,0.68,0.54,1.8,1.5,0.26,0.0
76,1967,20950,20950,95.51,0.62,0.76,1.98,1.5,0.21,0.0
76,1968,20710,20710,95.1,0.8,0.7,2.2,1.5,0.27,0.0
76,1969,21135,21135,93.9,0.99,0.92,2.74,1.73,0.28,0.0
76,1970,21005,21005,93.14,1.21,1.07,3.09,1.83,0.29,0.0
76,1971,21715,21715,91.5,1.82,1.13,3.94,1.93,0.3,0.0
76,1972,21590,21590,89.49,2.71,0.86,5.33,1.99,0.37,0.0
76,1973,20910,20910,87.64,3.44,0.74,6.22,2.25,0.31,0.0
76,1974,19595,19595,85.56,3.6,0.64,7.91,2.48,0.41,0.0
76,1975,17975,17975,84.81,4.56,0.78,7.9,2.17,0.28,0.0
76,1976,16800,16800,83.6,5.03,0.62,8.36,2.59,0.51,0.0
76,1977,17170,17170,81.68,5.74,0.61,9.38,2.8,0.58,0.03
76,1978,17245,17245,79.36,6.7,0.64,10.5,2.99,0.64,0.0
76,1979,18025,18025,78.59,6.46,0.53,11.46,3.11,0.72,0.0
76,1980,18860,18860,79.37,6.12,0.72,10.92,2.92,0.8,0.0
76,1981,19235,19235,77.38,6.71,0.81,11.7,3.38,1.01,0.0
76,1982,19565,19565,76.46,7.13,0.79,12.06,3.65,1.15,0.0
76,1983,17755,17755,76.34,7.35,0.56,12.08,3.69,0.96,0.0
76,1984,18395,18395,74.72,7.56,0.71,13.21,3.78,1.3,0.0
76,1985,18620,18620,74.01,7.52,0.81,13.78,3.97,1.34,0.0
76,1986,18285,18285,74.05,7.44,1.09,13.89,3.55,1.31,0.0
76,1987,17610,17610,73.37,8.04,1.33,14.03,3.38,0.94,0.03
76,1988,17215,17215,73.02,9.0,1.22,13.45,3.31,1.1,0.0
76,1989,17025,17025,72.25,9.25,1.53,14.01,2.91,1.0,0.0
76,1990,16540,16540,71.8,9.19,1.69,14.54,2.87,0.91,0.0
76,1991,16775,16775,71.83,8.61,1.82,14.75,3.19,0.77,0.03
76,1992,15955,15955,71.2,8.9,2.19,14.95,3.17,0.63,0.0
76,1993,15000,15000,70.6,8.87,2.13,14.97,3.73,0.97,0.03
76,1994,15110,15110,71.48,8.67,2.75,14.1,3.34,0.83,0.03
76,1995,15550,15550,70.96,7.94,3.09,14.95,3.57,0.74,0.0
76,1996,15205,15205,71.88,7.63,2.89,14.67,3.29,0.85,0.0
76,1997,15330,15330,70.71,7.6,3.52,15.13,3.72,0.75,0.0
76,1998,15225,15225,70.31,7.72,3.81,15.24,3.68,0.39,0.0
76,1999,15310,15310,68.75,7.51,4.51,15.81,4.31,0.62,0.0
76,2000,15675,15675,67.21,7.59,4.91,16.52,4.72,0.83,0.0
76,2001,15635,15635,64.37,7.96,5.92,17.36,5.24,0.86,0.03
76,2002,14860,14860,61.07,8.75,6.73,18.94,5.72,1.01,0.03
76,2003,15045,15045,59.42,8.04,7.64,19.94,6.35,0.83,0.13
76,2004,14825,14820,55.67,7.12,8.4,22.98,7.49,0.98,0.17
76,2005,14985,14985,52.92,6.47,9.74,24.06,9.04,1.03,0.2
76,2006,15305,15305,50.9,6.11,10.81,24.53,9.64,1.24,0.13
76,2007,15195,15195,49.39,5.59,11.35,25.14,11.32,1.02,0.26
76,2008,15325,15325,47.01,5.38,12.92,25.58,12.27,1.11,0.33
76,2009,15080,15080,46.45,5.57,14.03,23.91,13.36,1.56,0.36
76,2010,15460,15460,44.05,5.47,14.68,24.77,14.46,1.97,0.29
76,2011,15065,15065,43.38,5.04,14.57,25.06,15.53,1.92,0.33
76,2012,14905,14905,43.31,5.23,14.26,24.52,16.03,2.08,0.5
76,2013,14295,14295,42.78,4.83,15.91,23.64,17.45,1.92,0.42
76,2014,13945,13945,42.78,4.55,15.92,22.98,17.57,2.51,0.54
76,2015,13915,13915,43.59,4.53,15.42,23.18,17.21,2.52,0.32
76,2016,13340,13340,42.2,4.5,15.82,23.28,19.0,2.59,0.37
76,2017,12830,12830,42.48,3.47,14.85,23.07,20.15,2.69,0.39
76,2018,12945,12945,42.6,4.06,15.03,22.94,19.78,2.94,0.5
76,2019,12360,12360,41.59,4.13,15.45,23.38,19.82,3.2,0.44
76,2020,12060,12060,40.92,3.57,16.46,23.38,19.98,3.57,0.29
76,2021,12215,12215,40.93,3.6,16.58,23.54,19.65,2.99,0.45
76,2022,11795,11790,39.23,3.69,17.01,22.99,21.5,3.56,0.47
76,2023,10645,10640,39.33,3.29,16.59,23.36,22.18,3.62,0.42
76,2024,10625,10615,39.1,3.01,15.5,23.13,23.17,4.05,0.57
77,1900,3120,3120,98.72,0.0,0.0,1.28,0.0,0.0,0.0
77,1901,3580,3580,98.74,0.0,0.0,1.26,0.0,0.0,0.0
77,1902,3575,3575,99.3,0.0,0.0,0.7,0.0,0.0,0.0
77,1903,3670,3670,99.46,0.0,0.0,0.54,0.0,0.0,0.0
77,1904,3660,3660,99.04,0.0,0.0,0.96,0.0,0.0,0.0
77,1905,3590,3590,99.16,0.0,0.0,0.84,0.0,0.0,0.0
77,1906,3850,3850,99.22,0.0,0.0,0.78,0.0,0.0,0.0
77,1907,3810,3810,98.95,0.0,0.0,1.05,0.0,0.0,0.0
77,1908,3955,3955,99.24,0.0,0.0,0.76,0.0,0.0,0.0
77,1909,4030,4030,99.13,0.0,0.12,0.74,0.0,0.0,0.0
77,1910,4035,4035,99.38,0.0,0.0,0.62,0.0,0.0,0.0
77,1911,3950,3950,99.24,0.0,0.0,0.76,0.0,0.0,0.0
77,1912,4145,4145,99.4,0.0,0.0,0.6,0.0,0.0,0.0
77,1913,4160,4160,99.16,0.0,0.0,0.84,0.0,0.0,0.0
77,1914,3925,3925,99.36,0.0,0.0,0.64,0.0,0.0,0.0
77,1915,2485,2485,99.6,0.0,0.0,0.4,0.0,0.0,0.0
77,1916,1990,1990,99.75,0.0,0.0,0.25,0.0,0.0,0.0
77,1917,2385,2385,99.58,0.0,0.0,0.42,0.0,0.0,0.0
77,1918,2950,2950,99.32,0.0,0.0,0.68,0.0,0.0,0.0
77,1919,2980,2980,99.33,0.0,0.17,0.5,0.0,0.0,0.0
77,1920,5100,5100,99.51,0.0,0.0,0.49,0.0,0.0,0.0
77,1921,4925,4925,99.39,0.0,0.0,0.61,0.0,0.0,0.0
77,1922,4720,4720,99.58,0.0,0.0,0.42,0.0,0.0,0.0
77,1923,4710,4710,99.47,0.0,0.0,0.53,0.0,0.0,0.0
77,1924,4880,4880,99.28,0.0,0.0,0.72,0.0,0.0,0.0
77,1925,5200,5200,98.94,0.0,0.0,1.06,0.0,0.0,0.0
77,1926,5280,5280,99.34,0.0,0.0,0.66,0.0,0.0,0.0
77,1927,5235,5235,99.14,0.0,0.1,0.76,0.0,0.0,0.0
77,1928,5385,5385,98.79,0.0,0.09,1.11,0.09,0.0,0.0
77,1929,5250,5250,98.86,0.0,0.1,0.95,0.1,0.0,0.0
77,1930,5800,5800,98.88,0.09,0.0,1.03,0.0,0.0,0.0
77,1931,5880,5880,98.3,0.0,0.0,1.7,0.0,0.0,0.0
77,1932,5545,5545,98.38,0.0,0.09,1.53,0.0,0.0,0.0
77,1933,5400,5400,98.89,0.09,0.19,0.83,0.0,0.0,0.0
77,1934,5390,5390,98.24,0.19,0.19,1.39,0.0,0.0,0.0
77,1935,4880,4880,98.77,0.31,0.2,0.72,0.0,0.0,0.0
77,1936,5020,5020,98.8,0.1,0.4,0.7,0.0,0.0,0.0
77,1937,5000,5000,98.6,0.2,0.4,0.8,0.0,0.0,0.0
77,1938,4815,4815,99.17,0.1,0.31,0.42,0.0,0.0,0.0
77,1939,5210,5210,98.56,0.19,0.67,0.58,0.0,0.0,0.0
77,1940,4440,4440,98.42,0.34,0.45,0.68,0.11,0.0,0.0
77,1941,3985,3985,98.87,0.25,0.38,0.5,0.0,0.0,0.0
77,1942,4335,4335,98.62,0.12,0.69,0.58,0.0,0.0,0.0
77,1943,4905,4905,98.57,0.41,0.41,0.61,0.0,0.0,0.0
77,1944,5145,5145,98.54,0.29,0.49,0.68,0.0,0.0,0.0
77,1945,5160,5160,98.26,0.39,0.58,0.68,0.1,0.0,0.0
77,1946,7855,7855,97.9,0.51,0.89,0.64,0.06,0.0,0.0
77,1947,7925,7925,98.17,0.38,0.76,0.63,0.06,0.0,0.0
77,1948,8230,8230,97.69,0.61,0.85,0.73,0.18,0.0,0.0
77,1949,8325,8325,97.72,0.42,0.78,0.9,0.24,0.0,0.0
77,1950,8170,8170,97.98,0.61,0.67,0.67,0.12,0.0,0.0
77,1951,7865,7865,97.9,0.64,0.7,0.57,0.25,0.06,0.0
77,1952,7920,7920,97.85,0.82,0.51,0.69,0.25,0.0,0.0
77,1953,7875,7875,97.02,0.95,0.57,1.27,0.25,0.0,0.0
77,1954,7715,7715,97.02,0.91,0.58,1.17,0.39,0.06,0.0
77,1955,7855,7855,96.88,1.02,0.64,1.15,0.45,0.0,0.0
77,1956,7575,7575,96.63,1.06,0.33,1.52,0.53,0.0,0.0
77,1957,7800,7800,96.67,0.9,0.19,1.35,0.96,0.19,0.0
77,1958,7825,7825,96.49,0.89,0.38,1.34,0.96,0.26,0.0
77,1959,7915,7915,96.46,0.82,0.44,1.45,1.01,0.19,0.0
77,1960,7920,7920,95.2,1.01,0.38,2.21,1.45,0.19,0.0
77,1961,7795,7795,95.57,1.22,0.19,1.8,1.48,0.32,0.0
77,1962,7855,7855,95.8,0.95,0.25,1.46,1.78,0.25,0.0
77,1963,8415,8415,95.72,0.77,0.3,1.54,1.78,0.36,0.0
77,1964,8610,8610,96.23,0.64,0.12,1.68,1.51,0.17,0.0
77,1965,8570,8570,96.85,0.58,0.18,1.05,1.58,0.18,0.0
77,1966,8760,8760,95.15,0.74,0.34,2.23,1.77,0.34,0.0
77,1967,8605,8605,94.19,0.7,0.52,2.5,2.38,0.41,0.0
77,1968,8955,8955,93.97,0.84,0.45,3.02,2.07,0.34,0.0
77,1969,9350,9350,93.05,0.96,0.64,2.83,2.83,0.64,0.0
77,1970,9840,9840,92.33,1.12,0.76,3.81,2.34,0.46,0.0
77,1971,10110,10110,90.9,1.48,0.79,4.6,2.47,0.54,0.0
77,1972,10470,10470,88.3,2.58,0.57,6.16,2.63,0.43,0.0
77,1973,10330,10330,87.37,2.76,0.92,6.05,3.29,0.48,0.0
77,1974,9700,9700,85.62,2.94,0.82,7.47,3.51,0.57,0.0
77,1975,8780,8780,84.28,3.99,0.51,7.97,3.53,0.46,0.0
77,1976,8625,8625,84.75,4.52,0.64,6.96,3.36,0.7,0.0
77,1977,8940,8940,83.0,5.87,0.5,7.61,3.19,0.5,0.0
77,1978,8560,8560,81.07,6.31,0.58,8.7,3.68,0.47,0.0
77,1979,8870,8870,80.5,6.31,0.68,9.02,3.61,0.51,0.06
77,1980,9365,9365,81.26,6.35,0.48,8.54,3.58,0.53,0.0
77,1981,9595,9595,79.26,6.77,0.83,9.28,4.01,0.47,0.0
77,1982,9745,9745,78.04,7.29,0.62,10.21,4.0,0.72,0.0
77,1983,9335,9335,77.88,7.23,0.75,10.5,3.91,0.75,0.05
77,1984,9740,9740,74.59,8.16,0.56,12.73,4.11,0.87,0.0
77,1985,9955,9955,74.94,7.94,0.9,13.46,2.86,0.5,0.0
77,1986,10560,10560,73.63,8.57,1.09,13.35,3.46,0.57,0.0
77,1987,10310,10310,71.92,9.21,1.07,14.55,3.49,0.78,0.0
77,1988,10655,10655,70.39,10.14,1.27,14.69,3.52,0.89,0.05
77,1989,10435,10435,70.29,10.45,1.39,14.57,3.55,0.62,0.05
77,1990,10885,10885,68.81,10.2,1.79,15.62,3.67,0.73,0.05
77,1991,11265,11265,68.18,10.16,2.22,15.62,4.31,0.53,0.04
77,1992,10835,10835,67.65,10.06,2.58,15.92,3.97,0.6,0.09
77,1993,10505,10505,66.68,9.8,2.76,16.42,4.57,0.67,0.05
77,1994,10390,10390,68.29,9.19,3.13,15.83,3.99,0.67,0.0
77,1995,10885,10885,67.11,9.32,3.54,16.12,4.5,0.55,0.0
77,1996,11295,11295,66.71,8.5,3.67,17.0,4.56,0.84,0.04
77,1997,10990,10990,66.65,8.42,3.87,16.88,4.96,0.59,0.09
77,1998,11355,11355,66.27,8.23,4.18,16.6,5.42,0.92,0.04
77,1999,11120,11120,63.67,8.59,4.63,18.35,5.67,0.67,0.04
77,2000,11955,11955,62.02,8.99,6.15,17.98,5.81,0.84,0.0
77,2001,11720,11720,59.47,8.83,6.36,19.16,7.38,0.81,0.04
77,2002,11355,11355,57.38,9.16,6.34,20.65,7.66,0.88,0.09
77,2003,11045,11045,53.69,8.51,7.7,22.77,9.01,1.27,0.14
77,2004,11380,11380,51.1,7.29,8.88,24.25,10.81,1.32,0.09
77,2005,11815,11815,48.16,6.81,9.35,26.11,11.93,1.27,0.13
77,2006,12040,12040,46.55,6.56,11.3,25.83,12.67,1.7,0.17
77,2007,11785,11785,43.7,6.24,11.54,26.3,15.57,1.57,0.21
77,2008,12350,12350,42.15,5.99,12.15,27.29,15.75,2.02,0.28
77,2009,12025,12025,41.33,5.9,12.18,27.07,17.26,2.16,0.21
77,2010,12270,12270,38.18,5.38,13.65,28.61,17.93,2.24,0.37
77,2011,12005,12005,37.36,5.25,13.62,28.74,19.62,2.12,0.37
77,2012,11310,11310,36.38,4.91,13.26,28.16,21.79,2.56,0.4
77,2013,10915,10915,35.78,5.08,14.57,28.36,21.3,2.57,0.37
77,2014,11305,11305,35.6,5.04,13.67,28.66,22.38,3.05,0.27
77,2015,10765,10765,34.42,4.92,14.77,27.59,23.46,3.3,0.33
77,2016,10415,10415,34.28,4.08,14.74,28.71,24.29,3.17,0.34
77,2017,10220,10220,33.32,3.91,14.38,28.62,25.49,3.72,0.39
77,2018,9755,9755,32.29,4.1,16.25,28.29,25.58,3.64,0.36
77,2019,10040,10040,31.92,3.78,15.49,28.74,25.8,3.93,0.25
77,2020,9610,9610,30.02,3.69,17.22,28.62,25.81,4.11,0.26
77,2021,9610,9610,29.34,3.49,16.7,30.07,26.43,3.95,0.36
77,2022,9835,9835,27.66,3.36,17.84,30.25,27.25,4.17,0.46
77,2023,8980,8975,25.96,2.95,16.66,28.69,31.03,5.13,0.61
77,2024,9000,8990,25.86,2.84,17.3,28.42,30.92,5.84,0.44
78,1900,6145,6145,98.94,0.0,0.0,1.06,0.0,0.0,0.0
78,1901,6565,6565,98.86,0.0,0.0,1.14,0.0,0.0,0.0
78,1902,6940,6940,99.42,0.0,0.0,0.58,0.0,0.0,0.0
78,1903,6960,6960,98.92,0.0,0.07,1.01,0.0,0.0,0.0
78,1904,7360,7360,98.98,0.0,0.0,1.02,0.0,0.0,0.0
78,1905,7505,7505,99.33,0.0,0.0,0.67,0.0,0.0,0.0
78,1906,7700,7700,99.03,0.06,0.06,0.84,0.0,0.0,0.0
78,1907,7820,7820,99.23,0.0,0.0,0.77,0.0,0.0,0.0
78,1908,8295,8295,99.1,0.0,0.0,0.9,0.0,0.0,0.0
78,1909,8515,8515,99.24,0.06,0.0,0.7,0.0,0.0,0.0
78,1910,8430,8430,99.35,0.0,0.0,0.65,0.0,0.0,0.0
78,1911,8735,8735,99.31,0.0,0.06,0.63,0.06,0.0,0.0
78,1912,9235,9235,99.19,0.0,0.0,0.81,0.0,0.0,0.0
78,1913,9475,9475,99.16,0.0,0.0,0.84,0.0,0.0,0.0
78,1914,9015,9015,99.28,0.0,0.0,0.67,0.06,0.0,0.0
78,1915,5680,5680,99.38,0.0,0.0,0.62,0.0,0.0,0.0
78,1916,4850,4850,99.48,0.0,0.0,0.52,0.0,0.0,0.0
78,1917,5525,5525,99.37,0.0,0.0,0.63,0.0,0.0,0.0
78,1918,7060,7060,99.22,0.0,0.0,0.71,0.07,0.0,0.0
78,1919,7450,7450,99.46,0.07,0.0,0.47,0.0,0.0,0.0
78,1920,13135,13135,99.43,0.0,0.04,0.53,0.0,0.0,0.0
78,1921,12585,12585,99.44,0.04,0.04,0.48,0.0,0.0,0.0
78,1922,11940,11940,99.46,0.0,0.0,0.5,0.04,0.0,0.0
78,1923,12030,12030,99.46,0.04,0.0,0.5,0.0,0.0,0.0
78,1924,12560,12560,99.24,0.0,0.08,0.68,0.04,0.0,0.0
78,1925,13645,13645,98.72,0.04,0.07,1.14,0.07,0.0,0.0
78,1926,14840,14840,98.96,0.0,0.07,0.98,0.07,0.0,0.0
78,1927,14500,14500,98.66,0.0,0.1,1.24,0.03,0.0,0.0
78,1928,14740,14740,99.12,0.03,0.07,0.78,0.03,0.0,0.0
78,1929,15020,15020,98.9,0.03,0.1,0.93,0.07,0.0,0.0
78,1930,16745,16745,98.51,0.03,0.12,1.31,0.12,0.0,0.0
78,1931,17125,17125,98.51,0.03,0.18,1.26,0.09,0.03,0.0
78,1932,16920,16920,98.76,0.03,0.15,1.06,0.03,0.0,0.0
78,1933,16035,16035,99.03,0.03,0.16,0.78,0.03,0.0,0.0
78,1934,15515,15515,98.78,0.1,0.19,0.93,0.06,0.0,0.0
78,1935,15045,15045,98.97,0.13,0.17,0.73,0.0,0.0,0.0
78,1936,14965,14965,99.03,0.07,0.3,0.6,0.03,0.0,0.0
78,1937,14565,14565,99.07,0.1,0.24,0.55,0.1,0.0,0.0
78,1938,14765,14765,98.98,0.17,0.27,0.54,0.14,0.0,0.0
78,1939,15430,15430,98.74,0.19,0.39,0.68,0.06,0.0,0.0
78,1940,14100,14100,99.01,0.11,0.25,0.64,0.0,0.0,0.0
78,1941,12730,12730,98.78,0.2,0.35,0.63,0.08,0.0,0.0
78,1942,13425,13425,98.73,0.15,0.3,0.74,0.07,0.0,0.04
78,1943,14135,14135,98.97,0.14,0.32,0.53,0.07,0.0,0.0
78,1944,14880,14880,98.76,0.2,0.3,0.71,0.07,0.0,0.0
78,1945,15410,15410,98.44,0.29,0.45,0.75,0.13,0.0,0.0
78,1946,25150,25150,98.49,0.24,0.46,0.72,0.12,0.0,0.0
78,1947,27005,27005,98.52,0.33,0.46,0.59,0.15,0.0,0.0
78,1948,27795,27795,98.45,0.31,0.45,0.74,0.13,0.0,0.0
78,1949,28335,28335,98.22,0.42,0.49,0.72,0.21,0.0,0.0
78,1950,27755,27755,98.13,0.45,0.41,0.76,0.34,0.04,0.0
78,1951,26505,26505,97.96,0.51,0.49,0.74,0.38,0.04,0.0
78,1952,26345,26345,97.99,0.59,0.42,0.7,0.42,0.09,0.0
78,1953,25925,25925,97.43,0.71,0.37,1.0,0.66,0.1,0.0
78,1954,26185,26185,97.31,0.71,0.36,0.88,0.92,0.15,0.0
78,1955,26930,26930,96.83,0.97,0.35,1.0,1.04,0.19,0.0
78,1956,28050,28045,96.33,0.87,0.3,1.25,1.37,0.3,0.0
78,1957,29125,29125,95.91,0.91,0.27,1.27,1.79,0.34,0.0
78,1958,29510,29510,95.41,0.98,0.22,1.75,1.8,0.39,0.0
78,1959,31420,31420,95.16,0.92,0.24,1.8,2.05,0.49,0.0
78,1960,32135,32135,93.67,1.03,0.25,2.19,3.08,0.65,0.0
78,1961,33880,33880,93.14,0.97,0.19,2.3,3.57,0.87,0.0
78,1962,34020,34020,93.11,1.07,0.24,2.22,3.62,0.84,0.01
78,1963,36165,36165,93.06,0.87,0.22,2.31,3.8,0.83,0.0
78,1964,37700,37700,92.73,0.81,0.2,2.32,4.12,1.02,0.0
78,1965,38095,38095,92.61,0.68,0.25,2.42,4.31,0.98,0.0
78,1966,39375,39375,91.91,0.85,0.28,2.83,4.33,1.04,0.0
78,1967,40755,40755,91.08,0.79,0.43,3.29,4.78,1.07,0.0
78,1968,13345,13345,93.71,0.82,0.6,2.85,2.32,0.3,0.0
78,1969,14025,14025,92.55,1.03,0.39,3.6,2.67,0.39,0.0
78,1970,14820,14820,91.33,1.21,0.67,4.42,2.6,0.61,0.0
78,1971,15955,15955,89.22,1.91,0.72,5.64,2.79,0.47,0.0
78,1972,16625,16625,88.48,2.56,0.66,5.65,3.01,0.42,0.0
78,1973,16555,16555,86.68,3.02,0.76,6.61,3.26,0.69,0.0
78,1974,15745,15745,84.19,3.33,0.83,7.18,4.76,0.95,0.0
78,1975,14460,14460,82.5,4.08,0.69,7.47,5.53,1.0,0.0
78,1976,14230,14230,81.59,4.5,0.67,7.27,6.18,1.26,0.0
78,1977,15055,15055,80.11,5.31,0.76,7.14,7.01,1.33,0.0
78,1978,14745,14745,78.06,5.83,0.92,7.46,7.97,1.9,0.0
78,1979,14695,14695,77.71,5.95,0.68,7.93,8.06,1.63,0.03
78,1980,15580,15580,78.27,5.74,0.74,7.8,7.54,1.7,0.0
78,1981,15275,15275,76.69,6.42,0.92,7.92,8.25,2.13,0.0
78,1982,15495,15495,75.09,6.91,0.58,8.62,8.91,2.16,0.0
78,1983,14715,14715,75.03,6.52,0.75,9.51,8.15,2.72,0.0
78,1984,15425,15425,72.32,7.23,0.78,10.6,8.98,2.88,0.0
78,1985,15820,15820,72.63,6.8,0.82,11.44,8.06,2.62,0.06
78,1986,16660,16660,72.57,7.62,0.99,11.52,7.14,2.34,0.03
78,1987,16410,16410,72.7,7.92,1.04,11.73,6.58,2.22,0.03
78,1988,16630,16630,71.47,8.9,1.2,12.0,6.49,2.13,0.0
78,1989,16425,16425,71.08,9.25,1.43,12.09,6.42,1.61,0.03
78,1990,16575,16575,70.44,8.33,1.36,13.51,6.52,1.6,0.03
78,1991,16525,16525,70.35,8.77,1.97,13.13,6.02,1.6,0.03
78,1992,16135,16135,69.88,8.71,1.95,13.67,6.17,1.33,0.03
78,1993,15650,15650,69.3,8.63,2.27,13.64,6.65,1.41,0.03
78,1994,15460,15460,69.99,8.15,2.33,13.32,6.6,1.62,0.03
78,1995,15495,15495,70.51,7.39,2.61,13.78,6.2,1.16,0.03
78,1996,15280,15280,70.45,7.2,2.75,13.42,6.68,1.41,0.07
78,1997,15330,15330,69.34,7.37,2.87,14.35,6.72,1.27,0.07
78,1998,15250,15250,67.9,7.51,3.51,14.46,7.31,1.38,0.07
78,1999,15060,15060,66.4,7.14,4.05,15.24,8.17,1.53,0.0
78,2000,16005,16005,65.26,7.47,4.53,14.81,8.97,1.53,0.0
78,2001,15390,15390,62.51,7.31,4.84,15.82,10.88,1.95,0.1
78,2002,14670,14670,59.34,7.16,5.39,17.86,11.55,1.91,0.14
78,2003,14575,14575,58.32,6.79,6.45,17.6,12.59,2.16,0.07
78,2004,13990,13990,55.22,6.47,6.75,19.16,14.12,2.32,0.11
78,2005,14370,14370,54.63,5.85,7.24,19.17,15.41,2.44,0.14
78,2006,14830,14830,52.7,5.16,8.06,19.76,16.76,2.53,0.2
78,2007,14530,14530,51.1,4.75,8.29,20.75,18.0,2.55,0.14
78,2008,14385,14385,49.74,4.94,8.59,20.3,19.36,2.99,0.24
78,2009,14680,14680,47.55,5.04,9.74,20.44,20.61,2.76,0.14
78,2010,14460,14460,45.3,4.91,10.03,21.09,22.48,3.22,0.21
78,2011,14375,14375,46.19,4.1,9.53,20.8,22.75,3.27,0.35
78,2012,14020,14015,44.88,4.5,9.92,20.8,24.12,3.35,0.25
78,2013,13965,13965,42.93,4.3,9.63,21.3,26.24,3.69,0.39
78,2014,13735,13735,42.23,4.48,9.79,21.7,26.36,3.86,0.36
78,2015,13405,13400,43.28,3.43,9.81,21.08,26.79,3.96,0.19
78,2016,13100,13100,40.65,3.59,10.31,21.6,28.74,4.27,0.38
78,2017,12515,12515,40.11,3.52,9.95,21.09,30.24,4.59,0.44
78,2018,12455,12455,38.98,3.57,10.44,21.64,29.67,4.86,0.36
78,2019,12280,12280,36.81,3.71,11.36,22.6,30.54,5.05,0.45
78,2020,11850,11850,36.92,3.33,11.98,22.15,30.93,5.61,0.25
78,2021,11935,11935,35.74,3.23,11.94,23.17,30.46,5.7,0.67
78,2022,11410,11405,34.46,3.02,12.67,22.23,33.14,5.61,0.31
78,2023,10660,10655,32.71,2.77,11.68,22.85,34.73,6.34,0.33
78,2024,10595,10585,33.02,3.12,11.67,22.06,34.86,6.8,0.24
79,1900,3300,3300,98.48,0.0,0.45,0.91,0.15,0.0,0.0
79,1901,3490,3490,98.14,0.14,0.29,1.29,0.14,0.0,0.0
79,1902,3845,3845,98.31,0.0,0.13,1.3,0.26,0.0,0.0
79,1903,3805,3805,97.37,0.0,0.26,2.1,0.26,0.0,0.0
79,1904,3885,3885,98.33,0.0,0.26,1.29,0.13,0.0,0.0
79,1905,4030,4030,99.13,0.0,0.12,0.74,0.0,0.0,0.0
79,1906,4060,4060,98.52,0.12,0.12,1.11,0.12,0.0,0.0
79,1907,4090,4090,98.9,0.0,0.12,0.86,0.12,0.0,0.0
79,1908,4220,4220,98.34,0.12,0.0,1.42,0.12,0.0,0.0
79,1909,4270,4270,98.83,0.0,0.0,1.05,0.12,0.0,0.0
79,1910,4415,4415,98.87,0.0,0.11,0.79,0.23,0.0,0.0
79,1911,4330,4330,98.73,0.12,0.0,1.04,0.12,0.0,0.0
79,1912,4605,4605,99.02,0.0,0.0,0.87,0.11,0.0,0.0
79,1913,4665,4665,99.04,0.0,0.11,0.86,0.0,0.0,0.0
79,1914,4480,4480,98.66,0.11,0.0,1.12,0.11,0.0,0.0
79,1915,2770,2770,98.74,0.18,0.0,0.72,0.36,0.0,0.0
79,1916,2105,2105,99.76,0.0,0.0,0.24,0.0,0.0,0.0
79,1917,2285,2285,98.69,0.0,0.0,1.31,0.0,0.0,0.0
79,1918,2940,2940,99.32,0.0,0.0,0.51,0.17,0.0,0.0
79,1919,2910,2910,99.31,0.0,0.0,0.52,0.17,0.0,0.0
79,1920,5310,5310,99.15,0.0,0.0,0.75,0.09,0.0,0.0
79,1921,4980,4980,99.2,0.0,0.0,0.7,0.1,0.0,0.0
79,1922,4970,4970,99.4,0.0,0.0,0.5,0.1,0.0,0.0
79,1923,4980,4980,99.1,0.1,0.0,0.7,0.1,0.0,0.0
79,1924,4720,4720,99.47,0.0,0.0,0.42,0.11,0.0,0.0
79,1925,4885,4885,99.39,0.1,0.0,0.51,0.0,0.0,0.0
79,1926,5010,5010,99.5,0.0,0.0,0.4,0.1,0.0,0.0
79,1927,4890,4890,99.18,0.1,0.1,0.51,0.2,0.0,0.0
79,1928,4815,4815,99.07,0.1,0.0,0.73,0.1,0.0,0.0
79,1929,4830,4830,99.38,0.0,0.21,0.41,0.0,0.0,0.0
79,1930,5105,5105,99.51,0.0,0.0,0.49,0.0,0.0,0.0
79,1931,4960,4960,99.6,0.1,0.0,0.3,0.0,0.0,0.0
79,1932,5080,5080,99.41,0.0,0.1,0.49,0.0,0.0,0.0
79,1933,4910,4910,99.49,0.0,0.2,0.2,0.1,0.0,0.0
79,1934,5000,5000,99.3,0.0,0.3,0.4,0.0,0.0,0.0
79,1935,4930,4930,99.19,0.1,0.2,0.51,0.0,0.0,0.0
79,1936,4780,4780,98.85,0.1,0.52,0.52,0.0,0.0,0.0
79,1937,4585,4585,99.02,0.0,0.55,0.44,0.0,0.0,0.0
79,1938,4585,4585,98.15,0.33,0.98,0.55,0.0,0.0,0.0
79,1939,4510,4510,98.56,0.22,0.78,0.44,0.0,0.0,0.0
79,1940,4890,4890,98.77,0.1,0.82,0.31,0.0,0.0,0.0
79,1941,4275,4275,98.13,0.0,1.4,0.47,0.0,0.0,0.0
79,1942,4400,4400,98.52,0.0,1.02,0.45,0.0,0.0,0.0
79,1943,4780,4780,97.7,0.1,1.57,0.63,0.0,0.0,0.0
79,1944,4890,4890,97.96,0.0,1.74,0.31,0.0,0.0,0.0
79,1945,4700,4700,97.87,0.0,1.81,0.32,0.0,0.0,0.0
79,1946,6580,6580,97.64,0.23,1.82,0.23,0.08,0.0,0.0
79,1947,6700,6700,97.61,0.15,1.79,0.45,0.0,0.0,0.0
79,1948,6760,6760,97.34,0.15,1.85,0.59,0.07,0.0,0.0
79,1949,6640,6640,97.74,0.23,1.66,0.38,0.0,0.0,0.0
79,1950,6620,6620,97.21,0.53,1.74,0.38,0.23,0.0,0.0
79,1951,6340,6340,96.77,0.55,2.37,0.32,0.0,0.0,0.0
79,1952,6350,6350,96.61,0.55,2.13,0.63,0.16,0.0,0.0
79,1953,6260,6260,96.73,0.64,1.92,0.64,0.16,0.0,0.0
79,1954,6280,6280,96.66,0.88,1.59,0.72,0.16,0.0,0.0
79,1955,6175,6175,96.44,0.97,1.62,0.89,0.08,0.0,0.0
79,1956,6160,6160,96.19,0.97,1.7,1.06,0.24,0.0,0.0
79,1957,6160,6160,96.43,1.22,1.38,0.81,0.41,0.0,0.0
79,1958,6215,6215,96.38,0.97,1.29,1.21,0.32,0.0,0.0
79,1959,6250,6250,96.08,1.2,1.44,1.12,0.32,0.0,0.0
79,1960,6025,6025,95.93,1.08,1.33,1.33,0.5,0.08,0.0
79,1961,6060,6060,95.13,1.65,1.4,1.57,0.5,0.0,0.0
79,1962,6000,6000,95.5,1.58,1.17,1.42,0.58,0.0,0.0
79,1963,5955,5955,95.89,1.43,1.18,1.01,0.76,0.08,0.0
79,1964,6020,6020,95.68,1.16,0.83,1.83,0.75,0.0,0.0
79,1965,5905,5905,96.78,0.76,0.42,1.69,0.51,0.0,0.0
79,1966,5890,5890,96.01,1.36,0.76,1.36,0.76,0.08,0.0
79,1967,5555,5555,95.68,1.08,0.63,2.25,0.63,0.0,0.0
79,1968,5475,5475,95.53,1.28,0.64,2.19,0.73,0.0,0.0
79,1969,5425,5425,94.65,1.11,0.74,3.13,0.83,0.0,0.0
79,1970,5445,5445,93.39,1.74,0.46,3.86,0.83,0.09,0.0
79,1971,5675,5675,92.25,2.2,0.62,4.23,1.06,0.09,0.0
79,1972,5425,5425,90.32,3.13,0.55,5.62,0.92,0.0,0.0
79,1973,5245,5245,89.8,3.53,0.29,6.1,0.48,0.0,0.0
79,1974,4840,4840,87.91,3.62,0.52,7.54,0.62,0.1,0.0
79,1975,4230,4230,86.05,4.85,0.47,8.39,0.35,0.0,0.0
79,1976,3835,3835,85.4,5.08,0.39,9.13,0.13,0.0,0.0
79,1977,4045,4045,84.55,5.93,0.25,8.78,0.74,0.25,0.0
79,1978,3790,3790,83.51,6.6,0.26,9.37,0.66,0.0,0.0
79,1979,3810,3810,83.86,6.69,0.52,8.79,0.39,0.0,0.0
79,1980,4080,4080,85.91,5.39,0.25,8.09,0.61,0.12,0.0
79,1981,3890,3890,84.7,6.3,0.26,8.48,0.39,0.13,0.0
79,1982,3980,3980,84.05,6.03,0.38,9.3,0.38,0.13,0.0
79,1983,3765,3765,85.92,6.11,0.13,7.84,0.13,0.0,0.0
79,1984,3545,3545,82.93,6.35,0.42,10.16,0.28,0.0,0.0
79,1985,3715,3715,83.31,7.4,0.27,8.88,0.27,0.0,0.0
79,1986,3620,3620,83.29,6.35,0.14,10.08,0.28,0.14,0.0
79,1987,3335,3335,82.46,7.2,0.75,9.15,0.6,0.15,0.0
79,1988,3035,3035,79.57,8.57,0.66,10.87,0.49,0.0,0.0
79,1989,3280,3280,79.73,8.54,0.46,11.28,0.0,0.0,0.0
79,1990,3085,3085,81.85,8.43,0.32,9.24,0.16,0.0,0.0
79,1991,3070,3070,78.66,9.28,0.65,11.24,0.16,0.0,0.0
79,1992,2925,2925,77.78,9.06,1.37,11.62,0.17,0.0,0.0
79,1993,2750,2750,78.36,9.64,0.55,11.09,0.36,0.0,0.0
79,1994,2685,2685,78.77,8.75,1.86,10.61,0.37,0.0,0.0
79,1995,2845,2845,77.68,8.61,1.93,11.6,0.18,0.0,0.0
79,1996,2845,2845,75.92,8.61,2.64,12.13,0.7,0.0,0.0
79,1997,2690,2690,76.39,7.81,2.04,13.94,0.37,0.0,0.0
79,1998,2695,2695,76.44,8.35,2.97,12.06,0.19,0.0,0.0
79,1999,2685,2685,75.79,8.01,2.98,13.41,0.37,0.0,0.0
79,2000,2910,2910,74.23,8.59,3.44,13.57,1.03,0.0,0.0
79,2001,2675,2675,71.59,9.35,5.05,13.46,1.12,0.19,0.0
79,2002,2575,2575,67.18,10.1,6.21,16.12,1.36,0.0,0.0
79,2003,2760,2760,63.77,9.06,7.07,19.2,2.17,0.0,0.18
79,2004,2805,2805,62.03,8.91,7.31,21.03,2.14,0.18,0.18
79,2005,2760,2760,59.78,7.25,9.24,22.64,2.9,0.0,0.18
79,2006,2630,2630,58.37,7.41,9.7,22.81,4.37,0.0,0.19
79,2007,2680,2680,56.9,6.16,11.01,24.25,4.29,0.19,0.0
79,2008,2745,2745,57.74,4.92,11.11,24.04,4.74,0.18,0.18
79,2009,2620,2620,54.39,5.92,12.98,23.09,6.87,0.76,0.38
79,2010,2455,2455,51.73,5.91,13.24,25.66,6.52,0.2,0.41
79,2011,2420,2420,52.07,6.61,12.19,25.41,6.61,0.21,0.62
79,2012,2285,2285,55.58,6.13,12.91,23.19,6.56,0.22,0.0
79,2013,2315,2315,52.05,6.26,14.04,23.76,6.91,0.43,1.08
79,2014,2100,2100,52.62,4.52,14.52,24.05,7.62,0.71,0.0
79,2015,1945,1945,50.9,6.43,12.6,26.48,6.94,1.03,0.51
79,2016,1870,1870,55.08,6.42,9.36,24.6,7.49,0.53,0.53
79,2017,1735,1735,53.89,5.76,11.24,26.22,6.34,0.58,0.86
79,2018,1795,1795,52.37,6.13,12.53,24.79,5.57,1.39,0.0
79,2019,1680,1680,53.87,4.76,12.8,26.19,6.25,1.19,0.6
79,2020,1425,1425,53.68,4.56,15.44,24.56,6.32,0.7,0.0
79,2021,1600,1600,50.62,5.0,14.37,25.62,6.25,0.62,0.62
79,2022,1485,1485,49.83,5.39,13.8,24.58,10.44,1.01,0.67
79,2023,1355,1355,48.71,4.06,16.61,24.72,9.59,1.85,1.11
79,2024,1345,1345,44.61,5.58,16.36,30.48,8.18,0.74,0.0
80,1900,4490,4485,97.77,0.11,0.11,2.01,0.0,0.0,0.0
80,1901,5095,5095,97.84,0.1,0.0,2.06,0.0,0.0,0.0
80,1902,5370,5370,98.14,0.0,0.0,1.86,0.0,0.0,0.0
80,1903,5175,5175,98.45,0.0,0.1,1.45,0.0,0.0,0.0
80,1904,5210,5210,97.6,0.0,0.1,2.21,0.1,0.0,0.0
80,1905,5450,5450,98.53,0.09,0.09,1.19,0.09,0.0,0.0
80,1906,5540,5540,98.47,0.0,0.0,1.53,0.0,0.0,0.0
80,1907,5660,5660,98.5,0.0,0.0,1.5,0.0,0.0,0.0
80,1908,5630,5630,98.58,0.0,0.0,1.33,0.09,0.0,0.0
80,1909,5790,5790,98.45,0.0,0.09,1.47,0.0,0.0,0.0
80,1910,5790,5785,98.27,0.0,0.09,1.56,0.09,0.0,0.0
80,1911,5305,5305,98.49,0.0,0.0,1.51,0.0,0.0,0.0
80,1912,5885,5885,98.56,0.0,0.08,1.27,0.08,0.0,0.0
80,1913,5715,5715,98.95,0.0,0.09,0.87,0.09,0.0,0.0
80,1914,5620,5620,98.84,0.0,0.09,0.98,0.09,0.0,0.0
80,1915,3580,3580,99.02,0.0,0.0,0.98,0.0,0.0,0.0
80,1916,3215,3215,98.91,0.0,0.0,1.09,0.0,0.0,0.0
80,1917,3515,3515,99.15,0.0,0.0,0.85,0.0,0.0,0.0
80,1918,2650,2650,98.68,0.0,0.0,1.32,0.0,0.0,0.0
80,1919,3770,3770,99.6,0.0,0.0,0.4,0.0,0.0,0.0
80,1920,6975,6975,99.0,0.07,0.0,0.86,0.07,0.0,0.0
80,1921,6915,6915,98.99,0.07,0.07,0.8,0.07,0.0,0.0
80,1922,7110,7110,99.3,0.0,0.0,0.7,0.0,0.0,0.0
80,1923,7565,7565,98.94,0.0,0.0,0.99,0.07,0.0,0.0
80,1924,7490,7490,98.8,0.07,0.2,0.93,0.0,0.0,0.0
80,1925,7570,7570,99.27,0.07,0.0,0.66,0.0,0.0,0.0
80,1926,7230,7230,99.1,0.0,0.0,0.9,0.0,0.0,0.0
80,1927,7165,7165,99.3,0.0,0.0,0.7,0.0,0.0,0.0
80,1928,7280,7280,98.97,0.14,0.14,0.69,0.07,0.0,0.0
80,1929,7270,7270,99.11,0.14,0.0,0.69,0.07,0.0,0.0
80,1930,7450,7450,99.13,0.07,0.0,0.74,0.07,0.0,0.0
80,1931,7275,7275,98.83,0.07,0.14,0.89,0.07,0.0,0.0
80,1932,7205,7205,99.03,0.14,0.0,0.76,0.14,0.0,0.0
80,1933,6730,6730,98.66,0.15,0.15,1.04,0.0,0.0,0.0
80,1934,7045,7045,98.94,0.14,0.14,0.71,0.07,0.0,0.0
80,1935,6765,6765,98.82,0.37,0.15,0.59,0.07,0.0,0.0
80,1936,6580,6580,98.71,0.38,0.15,0.76,0.0,0.0,0.0
80,1937,6500,6500,98.38,0.46,0.23,0.85,0.08,0.0,0.0
80,1938,6320,6320,98.34,0.4,0.47,0.71,0.08,0.0,0.0
80,1939,6380,6380,97.81,0.39,0.94,0.71,0.16,0.0,0.0
80,1940,4875,4875,97.64,0.82,0.82,0.51,0.21,0.0,0.0
80,1941,4705,4705,97.66,0.74,1.17,0.32,0.11,0.0,0.0
80,1942,5940,5940,96.97,0.76,1.26,0.84,0.17,0.0,0.0
80,1943,6440,6440,97.05,0.78,1.32,0.78,0.16,0.0,0.0
80,1944,6665,6665,96.32,0.83,1.73,0.98,0.15,0.0,0.0
80,1945,7130,7130,96.07,0.84,1.82,1.05,0.28,0.0,0.0
80,1946,10380,10380,95.91,0.92,1.93,0.92,0.39,0.0,0.0
80,1947,10290,10290,96.4,0.78,1.94,0.78,0.24,0.0,0.0
80,1948,10565,10565,95.88,0.95,1.99,0.9,0.47,0.0,0.0
80,1949,10660,10660,96.06,0.8,1.92,1.08,0.28,0.0,0.0
80,1950,10415,10415,95.73,0.91,1.73,1.3,0.48,0.0,0.0
80,1951,10005,10005,96.35,0.85,1.6,1.0,0.3,0.0,0.0
80,1952,9895,9895,96.06,0.96,1.82,1.06,0.25,0.0,0.0
80,1953,9690,9690,95.72,0.88,1.6,1.55,0.41,0.05,0.0
80,1954,9735,9735,96.66,0.72,1.34,1.18,0.21,0.0,0.0
80,1955,9600,9600,96.3,0.62,1.3,1.61,0.31,0.0,0.0
80,1956,9530,9530,95.86,0.89,1.52,1.57,0.31,0.0,0.0
80,1957,9315,9315,96.08,0.86,1.29,1.56,0.38,0.11,0.0
80,1958,9245,9245,96.59,0.76,1.08,1.41,0.32,0.0,0.0
80,1959,9285,9285,96.28,0.54,1.29,1.56,0.54,0.05,0.0
80,1960,8920,8920,96.3,0.78,1.29,1.51,0.28,0.0,0.0
80,1961,9095,9095,96.1,0.6,1.1,1.87,0.55,0.05,0.0
80,1962,8920,8920,95.4,0.73,1.29,2.13,0.73,0.11,0.0
80,1963,9575,9575,95.61,0.68,1.25,1.72,0.99,0.21,0.0
80,1964,9580,9580,94.99,0.52,1.36,2.3,0.99,0.1,0.0
80,1965,9645,9645,95.33,0.41,1.5,1.76,1.19,0.31,0.0
80,1966,9710,9710,95.01,0.46,1.6,1.96,1.08,0.21,0.0
80,1967,9625,9625,94.29,0.57,1.3,2.91,1.25,0.26,0.0
80,1968,9485,9485,93.78,0.63,1.32,3.43,1.05,0.21,0.0
80,1969,9420,9420,92.94,0.96,1.54,3.61,1.17,0.32,0.0
80,1970,9445,9445,92.38,1.06,1.43,4.34,0.9,0.11,0.0
80,1971,9685,9685,91.84,1.7,1.34,4.49,0.83,0.1,0.0
80,1972,9380,9380,90.19,2.24,1.17,5.28,1.49,0.21,0.0
80,1973,9510,9510,88.12,3.15,1.05,6.57,1.31,0.16,0.0
80,1974,8780,8780,89.01,2.96,0.74,6.04,1.37,0.11,0.0
80,1975,8015,8015,86.65,3.68,1.06,7.42,1.37,0.19,0.0
80,1976,7640,7640,86.85,4.25,0.85,6.61,1.57,0.33,0.0
80,1977,7690,7690,84.53,5.46,0.52,7.93,1.76,0.13,0.0
80,1978,7630,7630,82.7,6.36,0.33,9.04,1.7,0.33,0.0
80,1979,7500,7500,82.07,6.07,0.67,9.4,2.07,0.27,0.0
80,1980,8215,8215,82.23,6.33,0.61,9.49,1.46,0.12,0.0
80,1981,8265,8265,80.52,7.26,0.79,9.86,1.63,0.18,0.0
80,1982,8220,8220,79.2,7.06,0.85,11.01,2.07,0.24,0.0
80,1983,7435,7435,79.62,7.2,0.54,10.89,1.82,0.13,0.0
80,1984,7555,7555,78.49,6.75,0.66,12.57,1.65,0.26,0.0
80,1985,7825,7825,76.81,7.86,0.83,13.1,1.6,0.06,0.0
80,1986,8140,8140,77.03,7.06,1.11,13.76,1.11,0.18,0.0
80,1987,7870,7870,76.81,7.5,1.21,13.02,1.59,0.0,0.0
80,1988,7580,7580,75.79,8.51,1.25,13.39,1.19,0.2,0.0
80,1989,7535,7535,74.72,9.16,1.66,13.01,1.66,0.2,0.0
80,1990,7230,7230,74.48,8.71,1.94,13.69,1.31,0.14,0.0
80,1991,7260,7260,74.17,7.99,2.13,14.05,1.72,0.21,0.0
80,1992,6875,6875,72.51,9.24,2.33,14.4,1.6,0.07,0.0
80,1993,6445,6445,72.38,9.23,2.4,14.51,1.55,0.0,0.0
80,1994,6240,6240,74.6,8.09,2.8,13.14,1.68,0.08,0.0
80,1995,6305,6305,73.2,8.64,2.78,14.2,1.51,0.24,0.0
80,1996,6375,6375,74.98,7.06,3.06,13.65,1.57,0.0,0.0
80,1997,6295,6295,74.74,8.18,3.02,12.71,1.59,0.16,0.0
80,1998,6425,6425,74.32,8.4,3.89,12.53,1.4,0.16,0.0
80,1999,6470,6470,72.18,8.89,4.87,12.44,1.85,0.08,0.08
80,2000,6775,6775,72.1,8.71,3.91,14.02,1.92,0.07,0.0
80,2001,6740,6740,69.81,9.35,4.9,14.39,2.23,0.22,0.0
80,2002,6450,6450,66.59,9.07,5.43,16.59,3.26,0.31,0.08
80,2003,6145,6145,63.55,9.11,7.24,17.33,3.99,0.16,0.08
80,2004,5855,5855,62.17,8.97,7.34,19.39,3.59,0.09,0.0
80,2005,5905,5905,58.26,7.71,8.55,21.76,4.91,0.34,0.17
80,2006,6015,6015,57.94,7.4,9.81,21.53,5.15,0.08,0.17
80,2007,5710,5710,56.48,6.65,10.95,21.98,5.87,0.26,0.18
80,2008,5810,5810,53.1,6.88,11.96,22.98,7.06,0.43,0.26
80,2009,5565,5565,52.65,6.56,12.31,23.18,7.73,0.54,0.18
80,2010,5645,5645,51.11,7.35,12.22,23.03,9.21,0.71,0.35
80,2011,5235,5235,51.1,6.4,14.42,22.16,8.69,0.38,0.29
80,2012,5275,5275,49.0,5.31,15.55,22.94,10.05,0.76,0.28
80,2013,5020,5020,49.2,5.48,15.84,22.01,11.35,0.9,0.4
80,2014,4725,4725,50.37,5.93,14.39,23.17,9.63,1.06,0.53
80,2015,4525,4525,50.94,5.86,13.59,22.87,10.17,1.22,0.44
80,2016,4355,4355,51.09,4.94,14.24,22.73,10.91,1.03,0.23
80,2017,4260,4260,51.29,4.81,13.38,22.18,12.79,1.29,0.35
80,2018,4120,4120,50.36,4.73,13.23,23.3,11.41,1.21,0.24
80,2019,4065,4065,50.43,5.17,15.13,21.4,12.05,1.11,0.37
80,2020,3805,3805,49.8,4.2,15.77,22.34,11.56,1.31,0.26
80,2021,4020,4020,46.77,3.98,15.42,25.25,11.57,1.49,0.37
80,2022,4105,4105,48.36,3.9,15.71,23.87,12.55,1.71,0.37
80,2023,3590,3590,48.89,3.48,16.85,23.26,12.12,1.39,0.14
80,2024,3525,3520,48.44,2.41,16.76,24.29,12.5,1.56,0.0
81,1900,3145,3145,96.5,0.16,1.27,2.07,0.0,0.0,0.0
81,1901,3580,3580,96.65,0.28,0.98,2.09,0.0,0.0,0.0
81,1902,3490,3490,96.7,0.14,1.15,2.01,0.0,0.0,0.0
81,1903,3445,3445,97.53,0.15,0.58,1.74,0.0,0.0,0.0
81,1904,3635,3635,96.97,0.14,0.83,2.06,0.0,0.0,0.0
81,1905,3530,3530,96.74,0.28,0.71,2.27,0.0,0.0,0.0
81,1906,3665,3665,96.59,0.27,0.95,2.18,0.0,0.0,0.0
81,1907,3480,3480,96.84,0.14,1.15,1.72,0.14,0.14,0.0
81,1908,3725,3725,97.72,0.27,0.54,1.48,0.0,0.0,0.0
81,1909,3775,3775,97.22,0.13,0.79,1.85,0.0,0.0,0.0
81,1910,3755,3755,98.0,0.13,0.53,1.33,0.0,0.0,0.0
81,1911,3305,3305,97.58,0.3,0.45,1.66,0.0,0.0,0.0
81,1912,3640,3640,96.84,0.27,0.55,2.34,0.0,0.0,0.0
81,1913,3570,3570,96.78,0.14,0.7,2.38,0.14,0.0,0.0
81,1914,3505,3505,98.0,0.0,0.57,1.28,0.14,0.0,0.0
81,1915,2155,2155,98.38,0.0,0.23,1.39,0.0,0.0,0.0
81,1916,1290,1290,98.84,0.0,0.0,1.16,0.0,0.0,0.0
81,1917,1510,1510,98.68,0.0,0.33,0.99,0.0,0.0,0.0
81,1918,2040,2040,98.77,0.0,0.49,0.74,0.0,0.0,0.0
81,1919,2020,2020,99.26,0.0,0.25,0.5,0.0,0.0,0.0
81,1920,4190,4190,98.45,0.0,0.36,1.07,0.12,0.0,0.0
81,1921,4290,4290,97.9,0.12,0.23,1.75,0.0,0.0,0.0
81,1922,4135,4135,98.43,0.12,0.24,1.21,0.0,0.0,0.0
81,1923,3955,3955,98.74,0.0,0.38,0.88,0.0,0.0,0.0
81,1924,4015,4015,98.13,0.12,0.62,1.12,0.0,0.0,0.0
81,1925,4140,4140,98.55,0.0,0.48,0.97,0.0,0.0,0.0
81,1926,3965,3965,98.23,0.0,0.25,1.51,0.0,0.0,0.0
81,1927,4025,4025,98.39,0.0,0.12,1.37,0.12,0.0,0.0
81,1928,4045,4045,98.27,0.0,0.25,1.48,0.12,0.0,0.0
81,1929,3910,3910,98.72,0.0,0.13,1.15,0.0,0.0,0.0
81,1930,4050,4050,98.02,0.12,0.12,1.73,0.0,0.0,0.0
81,1931,4090,4090,98.17,0.12,0.24,1.47,0.0,0.0,0.0
81,1932,4045,4045,98.76,0.0,0.12,1.11,0.0,0.0,0.0
81,1933,3795,3795,98.55,0.0,0.0,1.45,0.0,0.0,0.0
81,1934,3635,3635,98.76,0.0,0.0,1.24,0.0,0.0,0.0
81,1935,3470,3470,98.85,0.0,0.29,0.86,0.0,0.0,0.0
81,1936,3450,3450,98.55,0.14,0.43,0.87,0.0,0.0,0.0
81,1937,3250,3250,98.62,0.0,0.0,1.38,0.0,0.0,0.0
81,1938,3145,3145,99.21,0.0,0.0,0.79,0.0,0.0,0.0
81,1939,3255,3255,98.62,0.15,0.31,0.92,0.0,0.0,0.0
81,1940,2930,2930,98.98,0.0,0.0,1.02,0.0,0.0,0.0
81,1941,3295,3295,98.94,0.15,0.15,0.76,0.0,0.0,0.0
81,1942,3560,3560,99.02,0.14,0.0,0.84,0.0,0.0,0.0
81,1943,3965,3965,99.24,0.13,0.13,0.5,0.0,0.0,0.0
81,1944,3945,3945,98.86,0.25,0.13,0.63,0.25,0.0,0.0
81,1945,3725,3725,98.39,0.27,0.27,1.07,0.0,0.0,0.0
81,1946,5315,5315,98.21,0.28,0.28,1.13,0.19,0.0,0.0
81,1947,5515,5515,98.73,0.27,0.09,0.91,0.0,0.0,0.0
81,1948,5480,5480,98.27,0.55,0.09,1.0,0.18,0.0,0.0
81,1949,5450,5450,98.17,0.55,0.09,1.19,0.0,0.0,0.0
81,1950,5205,5205,98.27,0.77,0.1,0.86,0.1,0.0,0.0
81,1951,5090,5090,97.84,0.98,0.1,0.98,0.29,0.0,0.0
81,1952,5015,5015,97.21,1.2,0.1,1.4,0.3,0.0,0.0
81,1953,4975,4975,97.79,1.11,0.0,1.11,0.2,0.0,0.0
81,1954,4960,4960,97.28,1.31,0.3,1.01,0.4,0.0,0.0
81,1955,4835,4835,97.41,1.45,0.21,0.93,0.52,0.0,0.0
81,1956,4705,4705,97.87,1.17,0.11,0.85,0.43,0.0,0.0
81,1957,4785,4785,98.01,0.94,0.1,0.84,0.52,0.0,0.0
81,1958,4610,4610,97.51,1.3,0.0,1.08,0.65,0.0,0.0
81,1959,4815,4815,97.61,1.45,0.0,0.83,0.73,0.0,0.0
81,1960,4600,4600,97.17,1.52,0.0,0.98,0.87,0.22,0.0
81,1961,4690,4690,97.12,1.28,0.0,0.96,1.49,0.0,0.0
81,1962,4545,4545,97.47,1.54,0.11,0.44,1.1,0.0,0.0
81,1963,4770,4770,97.27,0.73,0.0,0.84,1.99,0.42,0.0
81,1964,4790,4790,97.39,0.63,0.0,0.42,2.19,0.63,0.0
81,1965,4675,4675,96.68,0.96,0.0,0.75,2.35,0.43,0.0
81,1966,4605,4605,96.74,0.87,0.0,0.43,2.5,0.65,0.0
81,1967,4560,4560,96.82,0.77,0.11,0.88,2.08,0.11,0.0
81,1968,4285,4285,96.73,0.47,0.0,0.82,2.8,0.7,0.0
81,1969,4175,4175,96.41,0.72,0.0,0.96,2.28,0.36,0.0
81,1970,4280,4280,96.5,0.35,0.0,0.93,2.92,0.58,0.0
81,1971,4395,4395,95.34,1.48,0.0,1.48,2.5,0.23,0.0
81,1972,4385,4385,94.41,1.71,0.0,2.28,2.05,0.23,0.0
81,1973,4225,4225,92.66,3.2,0.24,1.54,2.72,0.47,0.0
81,1974,4075,4075,91.53,2.45,0.12,3.07,3.19,0.61,0.0
81,1975,3650,3650,90.0,3.7,0.41,3.42,2.74,0.55,0.0
81,1976,3595,3595,88.6,5.01,0.14,3.34,3.34,0.56,0.0
81,1977,3665,3665,87.59,5.87,0.27,3.41,3.14,0.14,0.0
81,1978,3515,3515,87.2,5.97,0.43,3.7,2.99,0.57,0.0
81,1979,3625,3625,84.97,7.03,0.41,4.69,3.17,0.69,0.0
81,1980,3725,3725,86.04,6.98,0.13,4.83,2.28,0.13,0.0
81,1981,3690,3690,85.77,7.05,0.41,5.28,1.63,0.14,0.0
81,1982,3650,3650,84.79,7.26,0.41,5.62,2.19,0.27,0.0
81,1983,3305,3305,82.0,8.62,0.45,6.96,2.27,0.45,0.0
81,1984,3540,3540,81.07,7.63,0.42,8.05,3.25,0.42,0.0
81,1985,3365,3365,81.43,7.73,0.3,7.58,3.12,0.45,0.0
81,1986,3305,3305,79.12,8.77,0.15,9.38,2.87,0.15,0.0
81,1987,3135,3135,78.79,7.18,0.96,10.37,2.87,0.32,0.0
81,1988,3350,3350,77.46,9.85,0.75,10.6,1.49,0.15,0.0
81,1989,3315,3315,77.38,9.65,0.45,11.31,1.51,0.3,0.0
81,1990,3355,3355,73.62,10.28,1.34,12.52,2.38,0.15,0.0
81,1991,3125,3125,74.24,10.08,0.96,12.48,2.4,0.0,0.0
81,1992,3100,3100,73.87,10.48,1.29,12.1,2.42,0.0,0.0
81,1993,2860,2860,73.08,11.54,1.4,12.41,1.92,0.0,0.0
81,1994,2735,2735,73.67,10.05,1.65,13.53,1.83,0.0,0.0
81,1995,2755,2755,73.32,9.62,2.54,12.7,2.54,0.18,0.0
81,1996,2830,2830,72.26,10.78,2.12,13.43,2.12,0.0,0.0
81,1997,2750,2750,70.91,11.45,2.55,13.27,2.18,0.0,0.0
81,1998,2680,2680,71.83,11.57,1.87,12.87,2.43,0.19,0.0
81,1999,2615,2615,71.13,10.13,3.06,13.77,2.68,0.19,0.0
81,2000,3010,3010,69.44,10.63,3.32,14.45,3.32,0.66,0.0
81,2001,2735,2735,65.45,10.97,4.94,15.72,4.57,0.55,0.0
81,2002,2715,2715,62.8,9.76,5.34,18.97,4.79,0.37,0.0
81,2003,2610,2610,62.45,9.58,5.56,18.77,5.36,0.19,0.0
81,2004,2625,2625,59.62,8.38,6.48,21.14,7.05,0.38,0.19
81,2005,2775,2775,57.84,8.29,7.39,21.98,7.21,0.72,0.0
81,2006,2790,2790,56.45,7.71,8.24,22.76,7.89,0.18,0.0
81,2007,2685,2685,53.82,6.89,8.57,24.58,8.01,0.74,0.37
81,2008,2745,2745,49.0,6.74,12.75,26.05,10.2,0.36,0.0
81,2009,2795,2795,48.84,6.62,12.16,24.87,10.73,0.18,0.54
81,2010,2570,2570,50.19,6.61,11.87,24.51,10.31,0.39,0.58
81,2011,2600,2600,47.12,5.77,13.27,26.35,12.31,0.96,0.38
81,2012,2685,2685,49.35,5.21,11.55,26.44,12.85,0.56,0.37
81,2013,2620,2620,47.71,6.87,10.31,25.76,13.36,0.76,0.38
81,2014,2500,2500,49.0,6.0,12.2,27.4,9.6,1.0,0.4
81,2015,2440,2440,45.7,4.71,13.11,27.87,13.11,1.23,0.2
81,2016,2285,2285,44.2,6.56,12.04,28.45,13.79,0.66,0.22
81,2017,2140,2140,46.96,5.84,13.08,25.93,13.08,1.64,0.23
81,2018,2105,2105,45.13,5.46,12.11,28.03,13.78,0.71,0.71
81,2019,2085,2085,44.6,5.28,13.43,29.74,12.95,0.72,0.24
81,2020,2030,2030,46.31,4.43,13.05,29.31,11.82,0.99,0.49
81,2021,2065,2065,43.58,4.84,12.83,30.75,12.11,1.45,0.24
81,2022,2185,2185,45.08,3.66,12.59,31.58,10.76,0.69,0.69
81,2023,1935,1935,42.64,4.39,14.47,30.23,13.95,0.78,0.26
81,2024,1810,1810,44.2,4.14,15.47,29.01,11.88,0.83,0.28
82,1900,1370,1370,98.54,0.0,0.0,1.46,0.0,0.0,0.0
82,1901,1585,1585,98.42,0.0,0.0,1.58,0.0,0.0,0.0
82,1902,1545,1545,97.41,0.0,0.65,1.94,0.0,0.0,0.0
82,1903,1570,1570,98.41,0.0,0.0,1.59,0.0,0.0,0.0
82,1904,1610,1610,97.52,0.31,0.31,1.86,0.31,0.0,0.0
82,1905,1600,1595,97.81,0.0,0.0,1.88,0.31,0.0,0.0
82,1906,1635,1635,99.08,0.0,0.0,0.92,0.0,0.0,0.0
82,1907,1500,1500,98.67,0.0,0.0,1.33,0.0,0.0,0.0
82,1908,1730,1730,98.84,0.0,0.0,1.16,0.0,0.0,0.0
82,1909,1815,1815,97.25,0.28,0.0,2.2,0.28,0.0,0.0
82,1910,1760,1760,98.58,0.0,0.0,1.42,0.0,0.0,0.0
82,1911,1545,1545,98.38,0.0,0.0,1.62,0.0,0.0,0.0
82,1912,1770,1770,98.59,0.28,0.28,0.85,0.0,0.0,0.0
82,1913,1720,1720,98.84,0.0,0.0,1.16,0.0,0.0,0.0
82,1914,1635,1635,98.17,0.0,0.31,1.53,0.0,0.0,0.0
82,1915,1015,1015,99.01,0.0,0.0,0.99,0.0,0.0,0.0
82,1916,640,640,99.22,0.0,0.0,0.78,0.0,0.0,0.0
82,1917,695,695,99.28,0.0,0.0,0.72,0.0,0.0,0.0
82,1918,950,950,98.95,0.0,0.0,1.05,0.0,0.0,0.0
82,1919,1035,1035,99.52,0.0,0.0,0.48,0.0,0.0,0.0
82,1920,2110,2110,99.05,0.0,0.0,0.95,0.0,0.0,0.0
82,1921,2185,2185,99.31,0.0,0.0,0.69,0.0,0.0,0.0
82,1922,1965,1965,99.24,0.0,0.0,0.51,0.25,0.0,0.0
82,1923,2045,2045,99.02,0.0,0.0,0.98,0.0,0.0,0.0
82,1924,1995,1995,99.0,0.0,0.0,1.0,0.0,0.0,0.0
82,1925,2050,2050,98.78,0.24,0.0,0.98,0.0,0.0,0.0
82,1926,1940,1940,99.23,0.0,0.0,0.77,0.0,0.0,0.0
82,1927,1895,1895,99.21,0.0,0.0,0.79,0.0,0.0,0.0
82,1928,2125,2125,99.53,0.0,0.0,0.47,0.0,0.0,0.0
82,1929,1970,1970,98.48,0.25,0.25,1.02,0.0,0.0,0.0
82,1930,2065,2065,99.52,0.48,0.0,0.0,0.0,0.0,0.0
82,1931,2135,2135,99.06,0.23,0.0,0.7,0.0,0.0,0.0
82,1932,2220,2220,99.32,0.23,0.0,0.45,0.0,0.0,0.0
82,1933,1970,1970,98.98,0.25,0.0,0.76,0.0,0.0,0.0
82,1934,2065,2065,98.06,0.24,0.24,1.45,0.0,0.0,0.0
82,1935,1885,1885,98.94,0.27,0.0,0.8,0.0,0.0,0.0
82,1936,1910,1910,98.17,0.52,0.26,1.05,0.0,0.0,0.0
82,1937,1800,1800,99.17,0.28,0.0,0.56,0.0,0.0,0.0
82,1938,1765,1765,99.15,0.0,0.0,0.85,0.0,0.0,0.0
82,1939,1825,1825,99.18,0.27,0.0,0.55,0.0,0.0,0.0
82,1940,1900,1900,98.68,0.26,0.0,1.05,0.26,0.0,0.0
82,1941,2095,2095,97.14,0.24,0.0,2.63,0.0,0.0,0.0
82,1942,2180,2180,98.39,0.69,0.0,0.92,0.0,0.0,0.0
82,1943,2385,2385,98.74,0.63,0.0,0.63,0.0,0.0,0.0
82,1944,2410,2410,98.96,0.41,0.0,0.62,0.0,0.0,0.0
82,1945,2200,2200,99.09,0.23,0.0,0.68,0.0,0.0,0.0
82,1946,3155,3155,98.42,0.95,0.0,0.48,0.16,0.0,0.0
82,1947,3245,3245,98.46,0.77,0.0,0.62,0.15,0.0,0.0
82,1948,3305,3305,98.49,0.91,0.15,0.45,0.0,0.0,0.0
82,1949,3240,3240,97.99,1.08,0.15,0.62,0.15,0.0,0.0
82,1950,3265,3265,97.86,1.07,0.15,0.77,0.31,0.0,0.0
82,1951,3155,3155,97.94,1.27,0.16,0.48,0.16,0.0,0.0
82,1952,3055,3055,98.2,1.31,0.0,0.49,0.16,0.0,0.0
82,1953,2950,2950,97.97,1.36,0.17,0.51,0.17,0.0,0.0
82,1954,2955,2955,97.46,1.69,0.17,0.68,0.17,0.0,0.0
82,1955,2845,2845,97.89,1.23,0.18,0.7,0.18,0.0,0.0
82,1956,2695,2695,97.96,1.11,0.0,0.93,0.19,0.0,0.0
82,1957,2730,2730,98.53,1.1,0.0,0.37,0.18,0.0,0.0
82,1958,2515,2515,98.21,1.19,0.0,0.4,0.4,0.0,0.0
82,1959,2700,2700,97.59,1.85,0.0,0.56,0.37,0.0,0.0
82,1960,2620,2620,97.9,1.15,0.0,0.76,0.38,0.0,0.0
82,1961,2590,2590,98.07,0.97,0.0,0.77,0.39,0.0,0.0
82,1962,2625,2625,98.48,1.14,0.0,0.38,0.0,0.0,0.0
82,1963,2700,2700,98.15,1.11,0.0,0.74,0.19,0.0,0.0
82,1964,2735,2735,98.72,0.73,0.0,0.37,0.37,0.0,0.0
82,1965,2630,2630,98.1,0.95,0.0,0.38,0.95,0.0,0.0
82,1966,2540,2540,98.43,0.79,0.0,0.59,0.79,0.0,0.0
82,1967,2355,2355,98.3,0.85,0.0,0.42,1.27,0.21,0.0
82,1968,2300,2300,97.83,1.09,0.22,0.65,0.87,0.0,0.0
82,1969,2405,2405,97.3,0.62,0.0,1.25,1.25,0.21,0.0
82,1970,2385,2385,97.48,0.63,0.21,1.05,1.26,0.0,0.0
82,1971,2240,2240,97.1,0.89,0.45,1.34,1.34,0.0,0.0
82,1972,2255,2255,94.9,2.44,0.67,1.55,1.11,0.0,0.0
82,1973,2205,2205,94.78,2.04,0.23,2.27,1.13,0.23,0.0
82,1974,1895,1895,93.67,2.9,0.26,2.64,1.06,0.0,0.0
82,1975,1735,1735,94.24,2.88,0.29,1.73,1.15,0.0,0.0
82,1976,1615,1615,91.95,4.02,0.31,3.1,1.24,0.0,0.0
82,1977,1650,1650,88.79,6.36,0.91,3.03,1.21,0.3,0.0
82,1978,1665,1665,88.59,6.91,0.3,3.3,1.5,0.0,0.0
82,1979,1710,1710,89.18,5.85,0.0,3.8,1.75,0.0,0.0
82,1980,1760,1760,87.78,5.97,0.57,4.26,1.99,0.0,0.0
82,1981,1705,1705,85.63,5.87,0.59,7.04,1.47,0.0,0.0
82,1982,1665,1665,84.08,7.51,0.3,6.31,2.1,0.0,0.0
82,1983,1490,1490,82.89,7.38,0.0,8.39,2.01,0.0,0.0
82,1984,1510,1510,80.13,9.6,0.0,8.61,1.99,0.0,0.0
82,1985,1520,1520,79.93,8.22,0.33,9.21,2.63,0.33,0.0
82,1986,1640,1640,78.96,7.93,0.3,10.06,3.05,0.3,0.0
82,1987,1525,1525,78.03,8.52,0.0,12.13,1.31,0.0,0.0
82,1988,1660,1660,76.51,9.64,0.0,12.35,1.51,0.3,0.0
82,1989,1580,1580,75.32,10.44,1.27,11.08,2.22,0.32,0.0
82,1990,1575,1575,73.02,10.16,0.63,14.29,1.9,0.32,0.0
82,1991,1545,1545,74.76,9.06,0.97,12.62,2.91,0.0,0.0
82,1992,1580,1580,74.05,10.13,0.0,12.66,3.48,0.0,0.0
82,1993,1375,1375,72.36,12.73,0.73,13.09,1.45,0.0,0.0
82,1994,1440,1440,74.65,9.03,2.08,13.19,1.39,0.0,0.0
82,1995,1525,1525,72.13,10.82,2.62,13.44,1.31,0.0,0.0
82,1996,1545,1545,72.17,11.33,2.27,12.94,1.29,0.0,0.0
82,1997,1430,1430,72.73,10.49,1.4,13.64,2.1,0.0,0.0
82,1998,1430,1430,74.48,10.14,2.8,11.54,1.75,0.0,0.0
82,1999,1425,1425,69.47,11.58,3.51,14.39,1.05,0.0,0.0
82,2000,1470,1470,68.71,12.59,3.06,13.61,2.04,0.34,0.0
82,2001,1600,1600,63.44,11.25,5.0,17.5,4.06,0.62,0.0
82,2002,1535,1535,63.19,10.42,5.54,17.26,4.56,0.33,0.0
82,2003,1460,1460,60.62,10.96,6.16,18.15,6.85,0.68,0.0
82,2004,1465,1465,54.61,10.24,5.46,24.23,7.85,0.34,0.0
82,2005,1450,1450,55.86,8.97,6.21,23.45,6.55,0.34,0.34
82,2006,1610,1610,51.86,8.07,9.01,23.29,10.87,0.0,0.31
82,2007,1545,1545,49.84,7.12,10.36,25.57,11.0,0.97,0.0
82,2008,1535,1535,51.14,6.19,10.1,25.08,10.75,0.65,0.65
82,2009,1460,1460,48.29,6.85,10.27,27.4,10.62,0.34,0.34
82,2010,1400,1400,48.93,5.0,9.29,26.43,14.29,0.36,0.0
82,2011,1425,1425,50.88,5.61,11.93,24.91,11.58,0.7,0.35
82,2012,1390,1390,47.84,7.19,10.79,26.26,13.67,0.36,0.0
82,2013,1370,1370,41.97,5.84,13.14,26.28,17.52,1.09,0.36
82,2014,1275,1275,46.27,6.67,12.55,23.92,16.86,0.78,0.39
82,2015,1320,1320,43.94,5.68,10.98,26.52,17.05,1.14,0.76
82,2016,1165,1165,42.92,5.15,11.59,27.47,18.45,1.72,0.0
82,2017,1150,1150,42.17,4.35,10.43,29.57,19.13,0.43,0.43
82,2018,1110,1110,39.64,4.95,12.16,28.83,20.27,0.45,0.9
82,2019,1090,1090,45.87,4.13,12.84,28.44,14.22,1.38,0.46
82,2020,1035,1035,41.55,4.35,13.53,27.05,19.81,0.97,0.97
82,2021,1120,1120,39.29,4.02,13.39,31.7,16.96,0.89,0.45
82,2022,990,990,39.39,5.05,15.66,26.77,18.18,1.01,0.51
82,2023,895,895,39.66,5.03,12.29,31.28,18.99,1.68,0.56
82,2024,845,840,36.31,4.76,14.88,32.14,17.86,1.79,0.0
83,1900,2685,2685,98.32,0.0,0.0,1.68,0.0,0.0,0.0
83,1901,2960,2960,98.82,0.0,0.0,1.18,0.0,0.0,0.0
83,1902,3155,3155,98.89,0.0,0.16,0.95,0.0,0.0,0.0
83,1903,3185,3185,98.9,0.0,0.16,0.94,0.0,0.0,0.0
83,1904,3145,3145,98.89,0.0,0.16,0.95,0.0,0.0,0.0
83,1905,3370,3370,98.96,0.0,0.15,0.89,0.0,0.0,0.0
83,1906,3315,3315,98.64,0.0,0.15,1.21,0.0,0.0,0.0
83,1907,3215,3215,98.76,0.0,0.0,1.24,0.0,0.0,0.0
83,1908,3415,3415,98.83,0.0,0.0,1.17,0.0,0.0,0.0
83,1909,3280,3280,98.78,0.0,0.0,1.22,0.0,0.0,0.0
83,1910,3300,3300,98.94,0.0,0.0,1.06,0.0,0.0,0.0
83,1911,3380,3380,99.11,0.0,0.0,0.89,0.0,0.0,0.0
83,1912,3365,3365,98.66,0.0,0.0,1.34,0.0,0.0,0.0
83,1913,3520,3520,98.86,0.0,0.0,1.14,0.0,0.0,0.0
83,1914,3540,3540,99.15,0.0,0.0,0.85,0.0,0.0,0.0
83,1915,2300,2300,99.13,0.0,0.0,0.87,0.0,0.0,0.0
83,1916,1690,1690,99.7,0.0,0.0,0.3,0.0,0.0,0.0
83,1917,1935,1935,99.48,0.0,0.0,0.52,0.0,0.0,0.0
83,1918,2175,2175,99.31,0.0,0.0,0.69,0.0,0.0,0.0
83,1919,2380,2380,99.58,0.0,0.0,0.42,0.0,0.0,0.0
83,1920,4245,4245,98.94,0.0,0.12,0.94,0.12,0.0,0.0
83,1921,3945,3945,99.11,0.0,0.0,0.89,0.0,0.0,0.0
83,1922,3755,3755,99.47,0.0,0.0,0.53,0.0,0.0,0.0
83,1923,3825,3825,99.35,0.0,0.0,0.65,0.0,0.0,0.0
83,1924,3785,3785,98.94,0.0,0.13,0.92,0.13,0.0,0.0
83,1925,3925,3925,98.85,0.0,0.0,1.15,0.0,0.0,0.0
83,1926,4180,4180,99.16,0.0,0.0,0.84,0.0,0.0,0.0
83,1927,3925,3925,99.11,0.0,0.13,0.76,0.13,0.0,0.0
83,1928,4025,4025,99.63,0.0,0.0,0.37,0.0,0.0,0.0
83,1929,4025,4025,99.25,0.0,0.12,0.5,0.25,0.0,0.0
83,1930,4080,4080,99.26,0.0,0.0,0.74,0.0,0.0,0.0
83,1931,4075,4075,99.39,0.0,0.12,0.49,0.0,0.0,0.0
83,1932,4375,4375,98.86,0.11,0.0,1.03,0.0,0.0,0.0
83,1933,4200,4200,99.4,0.0,0.0,0.6,0.0,0.0,0.0
83,1934,4445,4445,99.1,0.11,0.11,0.67,0.0,0.0,0.0
83,1935,4265,4265,99.3,0.0,0.23,0.47,0.0,0.0,0.0
83,1936,4225,4225,99.29,0.12,0.12,0.47,0.0,0.0,0.0
83,1937,4225,4225,99.41,0.0,0.12,0.47,0.0,0.0,0.0
83,1938,4195,4195,99.17,0.12,0.12,0.48,0.12,0.0,0.0
83,1939,4250,4250,99.29,0.0,0.12,0.59,0.0,0.0,0.0
83,1940,4335,4335,99.31,0.12,0.23,0.35,0.0,0.0,0.0
83,1941,5010,5010,99.4,0.0,0.1,0.5,0.0,0.0,0.0
83,1942,5695,5695,99.39,0.18,0.0,0.44,0.0,0.0,0.0
83,1943,4805,4805,99.38,0.1,0.0,0.52,0.0,0.0,0.0
83,1944,3700,3700,99.32,0.0,0.14,0.54,0.0,0.0,0.0
83,1945,4435,4435,98.76,0.11,0.23,0.79,0.11,0.0,0.0
83,1946,6550,6550,98.7,0.15,0.23,0.84,0.08,0.0,0.0
83,1947,6505,6505,98.77,0.15,0.15,0.85,0.08,0.0,0.0
83,1948,6320,6320,99.21,0.16,0.08,0.55,0.08,0.0,0.0
83,1949,6195,6195,98.87,0.24,0.08,0.81,0.08,0.0,0.0
83,1950,6250,6250,99.04,0.4,0.0,0.56,0.08,0.0,0.0
83,1951,5960,5960,99.16,0.25,0.0,0.5,0.17,0.0,0.0
83,1952,5800,5800,98.88,0.43,0.09,0.52,0.17,0.0,0.0
83,1953,6075,6075,98.6,0.66,0.08,0.58,0.08,0.0,0.0
83,1954,6105,6105,98.44,0.57,0.08,0.74,0.41,0.0,0.0
83,1955,6070,6070,98.27,0.49,0.08,0.66,0.66,0.08,0.0
83,1956,6340,6340,97.79,0.95,0.16,0.55,0.79,0.08,0.0
83,1957,6605,6605,97.96,0.98,0.08,0.61,0.76,0.23,0.0
83,1958,6510,6510,97.47,1.23,0.0,0.77,0.77,0.15,0.0
83,1959,6725,6725,97.1,1.12,0.0,0.89,1.04,0.15,0.0
83,1960,6450,6450,96.28,1.55,0.0,0.78,1.71,0.16,0.0
83,1961,6715,6715,96.35,1.12,0.0,1.12,1.79,0.22,0.0
83,1962,7295,7295,96.23,0.82,0.0,1.23,2.06,0.34,0.0
83,1963,7750,7750,96.58,0.77,0.0,1.1,1.81,0.32,0.0
83,1964,8175,8175,96.02,0.67,0.06,0.8,2.75,0.37,0.0
83,1965,8110,8110,95.81,0.86,0.0,1.05,2.53,0.55,0.0
83,1966,8235,8235,94.84,0.91,0.12,1.52,2.85,0.49,0.0
83,1967,7705,7705,94.61,0.84,0.19,1.3,3.44,0.45,0.0
83,1968,7535,7535,94.23,1.06,0.2,1.46,3.52,0.66,0.0
83,1969,7485,7485,92.99,1.34,0.4,1.54,4.01,0.67,0.0
83,1970,7610,7610,92.38,1.58,0.66,1.45,4.34,0.72,0.0
83,1971,7770,7770,90.48,2.06,0.9,2.57,4.38,0.71,0.0
83,1972,7675,7675,88.66,3.39,0.59,2.93,4.63,0.91,0.0
83,1973,7335,7335,86.71,4.09,0.68,3.68,5.18,0.82,0.0
83,1974,6870,6870,86.75,3.86,0.66,3.93,5.09,0.73,0.0
83,1975,6190,6190,85.78,5.09,0.57,3.96,4.93,0.81,0.0
83,1976,6290,6290,84.42,5.48,0.32,4.61,5.41,0.64,0.0
83,1977,6515,6515,82.04,6.68,0.61,5.6,5.37,0.61,0.0
83,1978,6685,6685,80.85,7.55,0.67,5.68,5.68,1.05,0.0
83,1979,7005,7005,80.51,7.42,0.79,6.57,5.14,0.71,0.0
83,1980,7675,7675,79.93,7.43,0.59,7.56,4.69,0.85,0.0
83,1981,7510,7510,79.09,7.12,0.93,8.06,5.06,0.93,0.0
83,1982,7810,7810,78.1,7.49,0.83,8.83,4.99,0.64,0.0
83,1983,7345,7345,76.58,8.3,0.68,9.19,5.38,0.82,0.0
83,1984,7750,7750,73.81,8.06,0.84,12.0,5.55,0.58,0.0
83,1985,7755,7755,74.92,7.35,0.77,11.73,5.48,0.71,0.0
83,1986,7980,7975,73.92,8.03,1.13,12.1,5.08,1.07,0.0
83,1987,8135,8135,72.65,8.54,1.23,12.29,5.59,0.55,0.0
83,1988,8400,8400,71.9,8.57,1.25,13.99,4.64,0.36,0.0
83,1989,8340,8340,69.6,9.71,1.44,14.45,5.22,0.3,0.0
83,1990,8425,8425,68.19,9.38,1.6,15.73,5.46,0.3,0.06
83,1991,8250,8250,67.33,9.76,2.42,16.0,4.85,0.42,0.06
83,1992,8335,8335,66.17,9.3,2.64,16.26,6.0,0.42,0.0
83,1993,7525,7525,65.32,10.23,2.79,16.48,5.65,0.4,0.07
83,1994,7785,7785,66.35,9.44,3.08,16.31,5.46,0.26,0.06
83,1995,7920,7920,65.34,8.96,3.91,17.36,5.18,0.19,0.06
83,1996,7985,7985,66.19,8.83,3.69,17.03,4.82,0.13,0.06
83,1997,7845,7845,65.84,8.86,3.95,16.95,5.42,0.32,0.0
83,1998,7835,7835,62.8,9.13,3.57,20.04,5.36,0.38,0.06
83,1999,7980,7980,61.65,8.9,4.82,20.05,5.58,0.25,0.13
83,2000,7980,7980,59.77,9.4,5.83,20.3,5.83,0.31,0.13
83,2001,8080,8080,56.99,8.91,5.69,22.15,7.49,0.5,0.12
83,2002,7730,7730,52.46,9.38,6.34,24.51,8.86,0.58,0.13
83,2003,7575,7575,50.89,8.05,7.92,25.28,10.3,0.53,0.13
83,2004,7735,7735,48.29,7.56,8.6,27.08,10.54,0.65,0.13
83,2005,7770,7770,46.46,6.56,10.23,27.09,12.23,0.97,0.26
83,2006,7860,7860,44.66,6.68,10.43,27.93,13.3,0.89,0.19
83,2007,7760,7760,42.78,5.86,11.15,29.12,13.85,0.84,0.39
83,2008,7905,7905,42.38,5.5,11.64,27.89,16.13,0.95,0.32
83,2009,7730,7730,40.49,5.69,14.55,27.04,16.24,1.16,0.45
83,2010,7785,7785,39.56,5.2,12.78,29.8,16.06,1.03,0.39
83,2011,7600,7600,37.83,5.07,12.17,29.8,18.68,1.12,0.39
83,2012,7565,7565,37.34,5.02,13.48,29.08,19.5,1.32,0.59
83,2013,7150,7150,35.24,5.24,13.15,30.98,19.86,1.26,0.77
83,2014,7320,7320,36.68,4.64,13.46,30.33,20.08,1.16,0.2
83,2015,7020,7020,36.97,4.56,13.25,28.63,21.51,1.71,0.57
83,2016,7010,7010,37.16,3.99,13.48,29.24,22.11,1.71,0.43
83,2017,6795,6795,36.5,4.34,13.25,28.7,22.22,1.84,0.37
83,2018,6385,6385,35.94,4.46,13.63,29.6,20.83,1.96,0.7
83,2019,6610,6610,34.11,4.16,14.07,31.09,22.09,1.06,0.53
83,2020,6415,6415,33.98,4.29,15.51,30.48,20.58,1.64,0.62
83,2021,6530,6530,33.54,4.29,16.23,30.78,20.37,1.3,0.61
83,2022,6385,6385,32.97,3.92,16.99,30.7,21.3,1.8,0.39
83,2023,5930,5925,32.74,3.46,16.37,30.55,22.28,1.35,0.34
83,2024,5570,5565,32.7,3.23,14.82,31.72,21.92,1.89,0.45
84,1900,1860,1860,98.39,0.0,0.0,1.61,0.0,0.0,0.0
84,1901,2140,2140,98.6,0.0,0.0,1.17,0.23,0.0,0.0
84,1902,2200,2200,98.41,0.0,0.0,1.59,0.0,0.0,0.0
84,1903,2035,2035,98.77,0.0,0.0,1.23,0.0,0.0,0.0
84,1904,2150,2150,99.07,0.0,0.0,0.93,0.0,0.0,0.0
84,1905,2330,2330,98.93,0.0,0.0,1.07,0.0,0.0,0.0
84,1906,2450,2450,98.57,0.0,0.0,1.43,0.0,0.0,0.0
84,1907,2270,2270,98.9,0.0,0.0,1.1,0.0,0.0,0.0
84,1908,2400,2400,98.75,0.0,0.0,1.25,0.0,0.0,0.0
84,1909,2355,2355,99.15,0.0,0.0,0.85,0.0,0.0,0.0
84,1910,2420,2420,98.97,0.0,0.0,1.03,0.0,0.0,0.0
84,1911,2510,2510,99.6,0.0,0.0,0.4,0.0,0.0,0.0
84,1912,2450,2450,98.98,0.0,0.0,1.02,0.0,0.0,0.0
84,1913,2600,2600,98.85,0.0,0.0,1.15,0.0,0.0,0.0
84,1914,2440,2440,98.57,0.0,0.0,1.43,0.0,0.0,0.0
84,1915,1585,1585,99.37,0.0,0.0,0.63,0.0,0.0,0.0
84,1916,1145,1145,99.56,0.44,0.0,0.0,0.0,0.0,0.0
84,1917,1325,1325,100.0,0.0,0.0,0.0,0.0,0.0,0.0
84,1918,1605,1605,99.38,0.0,0.0,0.62,0.0,0.0,0.0
84,1919,1680,1680,98.81,0.0,0.0,1.19,0.0,0.0,0.0
84,1920,3265,3265,98.93,0.0,0.0,1.07,0.0,0.0,0.0
84,1921,3020,3020,99.34,0.0,0.17,0.5,0.0,0.0,0.0
84,1922,2825,2825,99.12,0.0,0.0,0.88,0.0,0.0,0.0
84,1923,2835,2835,99.29,0.0,0.0,0.71,0.0,0.0,0.0
84,1924,2810,2810,99.47,0.0,0.0,0.53,0.0,0.0,0.0
84,1925,2820,2820,99.29,0.0,0.0,0.71,0.0,0.0,0.0
84,1926,2990,2990,98.66,0.0,0.17,1.17,0.17,0.0,0.0
84,1927,2910,2910,98.8,0.0,0.0,1.2,0.0,0.0,0.0
84,1928,2950,2950,98.98,0.0,0.17,0.85,0.0,0.0,0.0
84,1929,3050,3050,99.02,0.0,0.0,0.98,0.0,0.0,0.0
84,1930,3230,3230,98.61,0.15,0.15,1.08,0.15,0.0,0.0
84,1931,3160,3160,98.26,0.0,0.32,1.42,0.0,0.0,0.0
84,1932,3160,3160,98.58,0.0,0.16,1.27,0.0,0.0,0.0
84,1933,3175,3175,97.95,0.0,0.79,1.26,0.0,0.0,0.0
84,1934,3050,3050,98.52,0.0,0.33,1.15,0.0,0.0,0.0
84,1935,3085,3085,97.57,0.0,0.65,1.62,0.16,0.0,0.0
84,1936,2965,2965,97.81,0.17,0.84,1.18,0.0,0.0,0.0
84,1937,2895,2895,98.27,0.35,0.69,0.69,0.0,0.0,0.0
84,1938,2790,2790,97.13,0.18,1.08,1.61,0.0,0.0,0.0
84,1939,3030,3030,97.85,0.33,0.5,1.32,0.0,0.0,0.0
84,1940,2870,2870,98.43,0.35,0.52,0.7,0.0,0.0,0.0
84,1941,3270,3270,99.24,0.15,0.15,0.46,0.0,0.0,0.0
84,1942,3330,3330,98.8,0.15,0.45,0.6,0.0,0.0,0.0
84,1943,3855,3855,98.57,0.26,0.52,0.65,0.0,0.0,0.0
84,1944,3790,3790,98.55,0.0,0.66,0.79,0.0,0.0,0.0
84,1945,3930,3930,98.35,0.25,0.38,1.02,0.0,0.0,0.0
84,1946,4955,4955,98.49,0.4,0.5,0.61,0.0,0.0,0.0
84,1947,5015,5015,98.6,0.1,0.5,0.7,0.2,0.0,0.0
84,1948,5005,5005,97.9,0.5,0.6,0.9,0.1,0.0,0.0
84,1949,4895,4895,97.96,0.61,0.41,0.92,0.1,0.0,0.0
84,1950,5070,5070,98.32,0.49,0.49,0.59,0.2,0.0,0.0
84,1951,4850,4850,97.94,0.72,0.41,0.72,0.31,0.1,0.0
84,1952,4595,4595,97.93,0.76,0.33,0.87,0.22,0.0,0.0
84,1953,4520,4520,98.56,0.66,0.22,0.55,0.11,0.0,0.0
84,1954,4510,4510,98.45,0.89,0.22,0.44,0.22,0.0,0.0
84,1955,4475,4475,97.54,1.34,0.45,0.56,0.34,0.0,0.0
84,1956,4455,4455,97.64,0.9,0.56,0.67,0.45,0.11,0.0
84,1957,4675,4675,98.29,1.07,0.21,0.32,0.21,0.0,0.0
84,1958,4700,4700,97.77,1.28,0.32,0.53,0.32,0.0,0.0
84,1959,4970,4970,98.09,1.21,0.1,0.5,0.5,0.0,0.0
84,1960,5115,5115,96.87,1.27,0.29,1.37,0.49,0.0,0.0
84,1961,5495,5495,97.0,1.18,0.09,1.27,0.73,0.09,0.0
84,1962,5710,5710,96.67,1.05,0.09,1.58,0.96,0.18,0.0
84,1963,6270,6270,95.93,1.04,0.24,1.91,1.28,0.0,0.0
84,1964,6570,6570,96.04,0.99,0.15,1.9,1.22,0.08,0.0
84,1965,6700,6700,96.04,0.75,0.0,1.87,1.64,0.37,0.0
84,1966,6800,6800,95.0,0.81,0.07,2.5,1.99,0.37,0.0
84,1967,6655,6655,94.82,0.9,0.08,2.7,1.95,0.15,0.0
84,1968,6410,6410,94.62,0.78,0.16,2.5,2.42,0.23,0.0
84,1969,6270,6270,94.02,1.2,0.24,2.79,2.23,0.32,0.0
84,1970,5905,5905,93.4,1.27,0.34,2.71,2.79,0.42,0.0
84,1971,6095,6095,92.29,1.64,0.33,3.2,3.04,0.74,0.0
84,1972,6000,6000,90.5,3.08,0.42,4.0,2.42,0.25,0.0
84,1973,5975,5975,89.46,3.35,0.42,3.77,3.35,0.25,0.0
84,1974,5455,5455,88.91,3.12,0.55,4.22,3.48,0.55,0.0
84,1975,5010,5010,87.23,3.49,0.5,4.59,4.39,0.7,0.0
84,1976,4805,4805,86.16,4.47,0.42,5.2,4.27,0.52,0.0
84,1977,5130,5130,84.31,5.36,0.29,5.26,5.07,0.68,0.0
84,1978,5400,5400,80.09,7.13,0.56,6.57,6.11,1.3,0.0
84,1979,5640,5640,81.38,6.12,0.35,6.74,5.76,1.06,0.0
84,1980,6175,6175,79.92,6.48,0.32,7.13,6.48,1.21,0.0
84,1981,6000,6000,79.5,6.33,0.5,7.5,6.5,0.92,0.0
84,1982,6095,6095,76.78,6.23,0.57,9.52,7.05,1.15,0.08
84,1983,5905,5905,77.14,6.52,0.34,8.55,7.62,1.1,0.0
84,1984,6015,6015,74.56,7.32,0.33,10.47,7.48,1.16,0.0
84,1985,6450,6450,73.18,8.06,0.7,10.78,7.6,1.4,0.0
84,1986,6745,6745,73.54,6.97,0.59,11.12,8.15,1.19,0.0
84,1987,6855,6855,71.7,7.29,1.02,12.55,7.59,1.17,0.0
84,1988,7080,7080,70.83,8.12,1.41,12.29,7.56,0.92,0.0
84,1989,7070,7070,69.17,7.85,1.27,13.93,8.2,1.49,0.0
84,1990,6985,6985,68.5,8.88,1.5,13.67,7.8,1.15,0.07
84,1991,6970,6970,68.36,9.11,1.72,13.99,7.1,1.22,0.0
84,1992,6805,6805,65.03,9.55,2.13,15.87,8.08,0.73,0.0
84,1993,6450,6450,65.04,10.23,1.94,14.96,8.45,1.16,0.08
84,1994,6440,6440,65.76,9.08,2.72,14.75,8.39,0.54,0.08
84,1995,6705,6705,64.28,9.02,3.13,16.33,8.2,0.6,0.0
84,1996,6595,6595,63.91,9.93,3.11,16.76,7.43,0.83,0.0
84,1997,6545,6545,65.01,8.48,3.06,15.89,8.56,0.84,0.0
84,1998,6335,6335,62.98,9.39,4.1,17.05,7.58,0.47,0.0
84,1999,6490,6490,60.48,8.94,4.85,17.87,9.17,1.08,0.0
84,2000,6780,6780,58.48,8.85,4.65,18.66,10.77,0.81,0.07
84,2001,6395,6395,57.23,9.07,5.32,18.37,11.73,1.17,0.08
84,2002,6295,6295,55.84,8.18,5.72,19.94,12.07,0.79,0.16
84,2003,6690,6690,51.27,7.77,7.17,22.35,13.6,0.97,0.15
84,2004,6560,6560,49.62,6.4,7.93,22.79,15.7,1.14,0.15
84,2005,6620,6620,47.81,6.34,8.38,23.94,16.54,1.13,0.15
84,2006,6845,6845,46.38,5.41,8.84,24.76,17.97,1.17,0.15
84,2007,6535,6535,43.46,5.74,8.42,25.4,20.5,1.53,0.23
84,2008,6735,6735,41.87,5.27,10.47,24.72,21.38,1.56,0.37
84,2009,6675,6675,41.57,5.24,10.19,25.17,21.65,1.42,0.3
84,2010,6440,6440,39.83,5.2,11.02,24.84,23.29,1.55,0.54
84,2011,6500,6500,40.08,4.08,12.38,22.23,26.15,1.38,0.54
84,2012,6675,6675,38.2,4.49,11.61,24.94,26.59,1.42,0.52
84,2013,6860,6860,36.37,3.94,12.61,23.76,28.64,1.75,0.44
84,2014,6595,6595,37.0,4.09,11.3,24.41,27.9,1.97,0.53
84,2015,6425,6425,36.26,3.89,12.14,25.76,27.47,2.26,0.23
84,2016,6165,6165,35.85,3.97,11.84,23.11,30.66,2.19,0.32
84,2017,5980,5980,36.96,3.76,12.29,24.58,28.43,2.09,0.42
84,2018,5930,5930,33.9,4.05,12.39,25.97,28.84,2.19,0.59
84,2019,5820,5820,34.11,3.78,13.49,25.26,29.55,1.89,0.43
84,2020,5815,5815,32.76,3.7,13.41,26.4,29.84,1.98,0.43
84,2021,5770,5770,31.8,3.21,14.38,28.16,28.77,1.73,0.52
84,2022,5360,5360,33.21,3.26,15.39,27.71,26.21,1.59,0.37
84,2023,4810,4805,29.97,2.81,14.05,28.93,30.49,1.87,0.62
84,2024,4465,4445,31.5,3.15,13.05,27.67,29.47,2.14,0.22
85,1900,4850,4850,97.94,0.0,0.21,1.86,0.0,0.0,0.0
85,1901,5100,5100,98.04,0.1,0.29,1.47,0.1,0.0,0.0
85,1902,5610,5610,98.22,0.09,0.18,1.52,0.0,0.0,0.0
85,1903,5750,5745,98.35,0.0,0.09,1.57,0.0,0.0,0.0
85,1904,5690,5690,98.15,0.0,0.26,1.58,0.0,0.0,0.0
85,1905,5645,5645,97.96,0.0,0.09,1.95,0.0,0.0,0.0
85,1906,5785,5785,98.36,0.0,0.17,1.38,0.09,0.0,0.0
85,1907,5760,5760,98.0,0.0,0.26,1.74,0.0,0.0,0.0
85,1908,6280,6280,98.01,0.08,0.16,1.75,0.0,0.0,0.0
85,1909,6130,6130,98.61,0.0,0.08,1.31,0.0,0.0,0.0
85,1910,6395,6390,98.2,0.0,0.16,1.56,0.08,0.0,0.0
85,1911,6140,6140,98.29,0.08,0.08,1.47,0.08,0.0,0.0
85,1912,6460,6460,98.84,0.0,0.15,0.93,0.08,0.0,0.0
85,1913,6500,6500,98.69,0.08,0.08,1.08,0.08,0.0,0.0
85,1914,6595,6595,98.48,0.0,0.08,1.29,0.15,0.0,0.0
85,1915,4260,4260,98.71,0.0,0.0,1.29,0.0,0.0,0.0
85,1916,2980,2980,99.33,0.0,0.17,0.5,0.0,0.0,0.0
85,1917,3130,3130,99.2,0.0,0.16,0.64,0.0,0.0,0.0
85,1918,4095,4095,99.27,0.0,0.0,0.73,0.0,0.0,0.0
85,1919,4095,4095,98.9,0.12,0.12,0.85,0.0,0.0,0.0
85,1920,7255,7255,98.76,0.07,0.0,1.1,0.07,0.0,0.0
85,1921,7145,7145,99.16,0.07,0.0,0.7,0.07,0.0,0.0
85,1922,6910,6910,99.28,0.0,0.07,0.65,0.0,0.0,0.0
85,1923,7295,7295,99.45,0.0,0.0,0.48,0.07,0.0,0.0
85,1924,7005,7005,99.43,0.0,0.07,0.43,0.07,0.0,0.0
85,1925,6985,6985,99.36,0.0,0.07,0.5,0.14,0.0,0.0
85,1926,7115,7110,99.3,0.07,0.07,0.49,0.07,0.0,0.0
85,1927,7100,7100,99.3,0.0,0.0,0.7,0.0,0.0,0.0
85,1928,6975,6975,99.57,0.0,0.07,0.36,0.0,0.0,0.0
85,1929,6900,6900,99.35,0.0,0.07,0.51,0.07,0.0,0.0
85,1930,7175,7175,99.58,0.0,0.0,0.42,0.0,0.0,0.0
85,1931,7055,7055,99.43,0.07,0.07,0.35,0.07,0.0,0.0
85,1932,7095,7095,99.72,0.0,0.14,0.14,0.0,0.0,0.0
85,1933,6875,6870,99.56,0.0,0.07,0.29,0.07,0.0,0.0
85,1934,6945,6945,99.93,0.0,0.0,0.07,0.0,0.0,0.0
85,1935,6800,6800,99.56,0.0,0.15,0.29,0.0,0.0,0.0
85,1936,6745,6745,99.33,0.07,0.22,0.37,0.0,0.0,0.0
85,1937,6485,6485,99.07,0.0,0.31,0.54,0.08,0.0,0.0
85,1938,6280,6280,99.52,0.08,0.32,0.08,0.0,0.0,0.0
85,1939,6295,6295,99.68,0.0,0.08,0.24,0.0,0.0,0.0
85,1940,6240,6240,99.52,0.08,0.24,0.16,0.08,0.0,0.0
85,1941,5150,5150,99.42,0.0,0.29,0.29,0.1,0.0,0.0
85,1942,5710,5710,99.39,0.09,0.35,0.18,0.0,0.0,0.0
85,1943,6210,6210,99.44,0.0,0.32,0.24,0.08,0.0,0.0
85,1944,6090,6090,98.93,0.0,0.57,0.49,0.0,0.0,0.0
85,1945,5940,5940,99.16,0.08,0.42,0.25,0.17,0.0,0.0
85,1946,8885,8885,98.82,0.23,0.51,0.45,0.0,0.0,0.0
85,1947,9240,9240,98.76,0.11,0.7,0.32,0.16,0.0,0.0
85,1948,9215,9215,98.7,0.27,0.71,0.33,0.11,0.0,0.0
85,1949,9005,9005,98.83,0.11,0.67,0.39,0.06,0.0,0.0
85,1950,8600,8600,98.2,0.35,0.81,0.58,0.12,0.0,0.0
85,1951,8220,8220,98.3,0.3,1.03,0.36,0.06,0.0,0.0
85,1952,8290,8290,98.01,0.48,0.9,0.6,0.12,0.0,0.0
85,1953,8170,8170,97.67,0.61,1.04,0.55,0.24,0.0,0.0
85,1954,7965,7965,97.74,0.69,0.94,0.63,0.25,0.0,0.0
85,1955,8045,8045,97.14,0.75,0.99,0.99,0.25,0.0,0.0
85,1956,7815,7815,97.06,0.77,1.09,1.02,0.32,0.0,0.0
85,1957,7650,7650,96.93,0.92,1.05,1.05,0.26,0.0,0.0
85,1958,7120,7120,96.42,0.98,0.98,1.47,0.49,0.0,0.0
85,1959,7250,7250,96.14,1.17,1.17,1.38,0.48,0.0,0.0
85,1960,7005,7005,95.93,1.14,1.07,1.64,0.57,0.0,0.0
85,1961,6725,6725,95.39,1.41,0.97,2.01,0.67,0.0,0.0
85,1962,6730,6730,95.39,1.49,1.11,1.86,0.82,0.0,0.0
85,1963,6710,6710,95.6,1.12,0.97,1.94,1.12,0.0,0.0
85,1964,6735,6735,95.4,1.26,0.74,2.23,1.19,0.0,0.0
85,1965,6465,6465,96.13,0.85,1.01,1.7,1.01,0.0,0.0
85,1966,6175,6175,95.55,1.13,0.81,2.19,1.05,0.0,0.0
85,1967,5960,5960,95.22,1.17,0.59,2.68,0.92,0.0,0.0
85,1968,5900,5900,94.49,0.85,0.93,3.14,1.02,0.0,0.0
85,1969,5860,5860,94.2,1.28,0.68,3.33,0.94,0.0,0.0
85,1970,6020,6020,92.11,1.83,0.66,4.73,1.08,0.0,0.0
85,1971,6370,6370,91.6,1.96,0.55,5.81,0.63,0.0,0.0
85,1972,6345,6345,88.73,3.07,0.87,6.7,1.18,0.08,0.0
85,1973,6585,6585,86.86,3.26,0.91,8.66,0.99,0.08,0.0
85,1974,6285,6285,85.12,4.06,0.95,9.55,1.03,0.08,0.0
85,1975,5725,5725,83.06,4.28,1.14,11.18,0.79,0.09,0.0
85,1976,5550,5550,83.06,4.5,0.9,10.99,0.99,0.0,0.0
85,1977,5675,5675,82.47,5.64,0.79,10.48,1.06,0.09,0.0
85,1978,5675,5675,82.38,5.81,0.62,11.1,0.53,0.0,0.0
85,1979,5695,5695,84.11,4.92,0.53,10.01,0.79,0.09,0.0
85,1980,6070,6070,85.26,4.53,0.66,9.23,0.58,0.0,0.0
85,1981,5930,5930,83.98,5.23,0.67,9.95,0.42,0.0,0.0
85,1982,5790,5790,82.73,5.87,0.52,10.79,0.26,0.0,0.0
85,1983,5075,5075,84.04,6.01,0.3,9.46,0.3,0.0,0.0
85,1984,5110,5110,82.0,6.36,0.78,10.57,0.49,0.1,0.0
85,1985,4920,4920,81.81,6.71,0.51,10.67,0.41,0.0,0.0
85,1986,4965,4965,82.38,6.45,0.81,10.37,0.1,0.0,0.0
85,1987,4785,4785,82.34,6.37,0.52,10.45,0.42,0.1,0.0
85,1988,4615,4615,79.2,8.34,0.98,11.16,0.43,0.11,0.0
85,1989,4670,4670,79.23,8.46,1.18,11.13,0.11,0.0,0.0
85,1990,4625,4625,77.3,8.76,1.3,12.54,0.22,0.0,0.0
85,1991,4555,4555,77.06,8.01,1.43,13.39,0.44,0.0,0.0
85,1992,4420,4420,76.02,9.16,1.92,12.67,0.23,0.0,0.0
85,1993,4130,4130,75.06,9.44,2.18,13.08,0.24,0.0,0.0
85,1994,4305,4305,75.15,8.94,2.9,12.89,0.58,0.0,0.0
85,1995,4350,4350,74.48,9.08,1.61,14.71,0.11,0.0,0.0
85,1996,4510,4510,74.06,9.53,2.55,13.75,0.44,0.11,0.0
85,1997,4295,4295,73.69,8.96,2.91,14.32,0.58,0.0,0.0
85,1998,4250,4250,72.94,9.18,3.65,14.12,0.24,0.0,0.0
85,1999,4395,4395,71.9,8.42,3.41,16.04,0.57,0.0,0.0
85,2000,4765,4765,68.63,9.55,4.2,17.63,0.42,0.0,0.0
85,2001,4595,4595,67.68,9.25,6.09,16.87,1.41,0.0,0.0
85,2002,4495,4495,64.74,9.34,6.12,19.58,1.56,0.0,0.0
85,2003,4565,4565,61.34,8.32,7.34,21.91,2.85,0.11,0.0
85,2004,4705,4705,58.66,7.33,8.93,23.91,2.34,0.0,0.32
85,2005,4830,4830,56.11,7.14,9.21,26.6,3.73,0.0,0.1
85,2006,5095,5095,55.84,6.58,10.79,24.93,3.73,0.0,0.49
85,2007,4925,4925,54.21,6.4,11.47,24.77,5.48,0.3,0.2
85,2008,5015,5015,53.14,5.48,13.26,25.72,4.99,0.1,0.3
85,2009,4905,4905,51.68,6.42,13.97,24.97,5.61,0.51,0.31
85,2010,4700,4700,50.43,6.28,14.04,25.74,6.28,0.11,0.74
85,2011,4605,4605,52.66,5.43,14.55,24.65,5.32,0.11,0.54
85,2012,4545,4545,49.39,5.94,16.06,25.63,6.49,0.33,0.44
85,2013,4385,4385,50.51,5.47,15.62,25.09,6.04,0.57,0.68
85,2014,4365,4365,49.26,5.04,14.2,27.95,6.99,0.57,0.57
85,2015,4150,4150,49.52,5.3,15.66,26.63,6.02,0.72,0.72
85,2016,3795,3795,49.54,5.01,15.28,26.61,7.25,0.53,0.66
85,2017,3835,3835,48.24,4.95,14.99,27.9,7.43,0.52,0.65
85,2018,3810,3810,50.39,4.07,15.49,27.17,6.43,0.79,0.39
85,2019,3600,3600,49.86,4.86,16.25,26.11,6.25,0.42,0.28
85,2020,3665,3665,45.7,4.23,18.69,28.24,7.23,0.68,0.55
85,2021,3780,3780,48.02,4.89,16.14,27.65,5.82,0.79,0.66
85,2022,3595,3595,45.76,4.45,17.8,28.65,7.09,1.25,0.42
85,2023,3270,3270,45.11,4.89,17.58,29.2,5.81,0.92,0.31
85,2024,3000,3000,46.5,4.83,15.67,28.33,7.83,0.83,0.5
86,1900,3155,3155,99.68,0.0,0.0,0.32,0.0,0.0,0.0
86,1901,3420,3420,99.27,0.0,0.0,0.73,0.0,0.0,0.0
86,1902,3625,3625,99.45,0.0,0.0,0.55,0.0,0.0,0.0
86,1903,3545,3545,98.73,0.0,0.0,1.27,0.0,0.0,0.0
86,1904,3790,3790,98.94,0.0,0.0,1.06,0.13,0.0,0.0
86,1905,3810,3810,99.08,0.0,0.13,0.79,0.0,0.0,0.0
86,1906,3995,3995,99.12,0.0,0.0,0.88,0.0,0.0,0.0
86,1907,3990,3990,99.0,0.0,0.0,0.88,0.13,0.0,0.0
86,1908,4085,4085,98.78,0.0,0.0,1.22,0.0,0.0,0.0
86,1909,4085,4085,99.02,0.12,0.0,0.86,0.0,0.0,0.0
86,1910,4285,4285,99.07,0.0,0.0,0.7,0.23,0.0,0.0
86,1911,4065,4065,98.77,0.0,0.12,0.98,0.25,0.0,0.0
86,1912,4185,4185,99.04,0.0,0.0,0.96,0.0,0.0,0.0
86,1913,4220,4220,99.29,0.0,0.0,0.71,0.0,0.0,0.0
86,1914,4205,4205,99.41,0.0,0.0,0.59,0.0,0.0,0.0
86,1915,2760,2760,98.91,0.0,0.0,1.09,0.0,0.0,0.0
86,1916,2125,2125,99.29,0.0,0.0,0.71,0.0,0.0,0.0
86,1917,2275,2275,99.34,0.0,0.0,0.66,0.0,0.0,0.0
86,1918,2745,2745,99.64,0.0,0.0,0.36,0.0,0.0,0.0
86,1919,2675,2675,99.25,0.0,0.0,0.75,0.0,0.0,0.0
86,1920,4840,4840,99.38,0.0,0.0,0.52,0.1,0.0,0.0
86,1921,4800,4800,99.38,0.0,0.0,0.52,0.1,0.0,0.0
86,1922,4580,4580,99.45,0.0,0.0,0.44,0.11,0.0,0.0
86,1923,4555,4555,99.34,0.0,0.0,0.55,0.11,0.0,0.0
86,1924,4400,4400,99.2,0.0,0.0,0.8,0.0,0.0,0.0
86,1925,4510,4510,99.33,0.0,0.0,0.67,0.0,0.0,0.0
86,1926,4545,4545,99.45,0.0,0.0,0.55,0.0,0.0,0.0
86,1927,4590,4590,99.56,0.0,0.0,0.44,0.0,0.0,0.0
86,1928,4655,4655,99.36,0.0,0.0,0.64,0.0,0.0,0.0
86,1929,4450,4450,99.44,0.0,0.0,0.45,0.0,0.0,0.11
86,1930,4660,4660,99.46,0.0,0.0,0.43,0.11,0.0,0.0
86,1931,4535,4535,99.23,0.0,0.11,0.55,0.11,0.0,0.0
86,1932,4630,4630,99.57,0.0,0.0,0.43,0.0,0.0,0.0
86,1933,4465,4465,99.22,0.0,0.22,0.45,0.22,0.0,0.0
86,1934,4545,4545,98.68,0.0,0.33,0.88,0.11,0.0,0.0
86,1935,4390,4390,98.97,0.11,0.68,0.23,0.0,0.0,0.0
86,1936,4325,4325,99.08,0.0,0.69,0.23,0.0,0.0,0.0
86,1937,4230,4230,98.7,0.24,0.83,0.24,0.0,0.0,0.0
86,1938,3995,3995,98.25,0.13,1.0,0.63,0.0,0.0,0.0
86,1939,4620,4620,98.48,0.11,0.97,0.43,0.0,0.0,0.0
86,1940,4565,4565,97.92,0.22,0.99,0.88,0.0,0.0,0.0
86,1941,3790,3790,98.68,0.0,1.06,0.26,0.0,0.0,0.0
86,1942,4230,4230,97.99,0.12,1.54,0.35,0.0,0.0,0.0
86,1943,4695,4695,97.98,0.21,1.17,0.64,0.0,0.0,0.0
86,1944,4900,4900,97.65,0.31,1.43,0.51,0.1,0.0,0.0
86,1945,4570,4570,98.03,0.22,1.31,0.44,0.0,0.0,0.0
86,1946,6525,6525,97.78,0.31,1.46,0.46,0.0,0.0,0.0
86,1947,6570,6570,98.17,0.23,1.37,0.23,0.0,0.0,0.0
86,1948,6440,6440,97.44,0.08,1.94,0.47,0.08,0.0,0.0
86,1949,6220,6220,97.19,0.4,2.09,0.24,0.16,0.0,0.0
86,1950,6400,6400,96.88,0.47,1.64,0.94,0.08,0.0,0.0
86,1951,6225,6225,96.06,0.4,2.65,0.8,0.16,0.0,0.0
86,1952,6135,6135,95.76,0.57,2.77,0.9,0.08,0.0,0.0
86,1953,6030,6030,96.77,0.75,1.74,0.66,0.17,0.0,0.0
86,1954,6145,6145,96.42,0.81,1.71,1.06,0.16,0.0,0.0
86,1955,6010,6010,96.17,0.92,2.08,0.75,0.17,0.0,0.0
86,1956,6070,6070,96.38,0.82,1.73,0.99,0.25,0.0,0.0
86,1957,5975,5975,95.9,0.75,1.92,1.34,0.17,0.0,0.0
86,1958,5830,5830,96.23,0.69,1.63,1.2,0.43,0.0,0.0
86,1959,5725,5725,96.24,1.14,1.14,1.31,0.26,0.0,0.0
86,1960,5685,5685,96.04,1.23,1.23,1.32,0.35,0.0,0.0
86,1961,5635,5635,96.1,1.06,1.06,1.42,0.44,0.0,0.0
86,1962,5375,5375,96.09,1.21,1.02,1.3,0.47,0.0,0.0
86,1963,5710,5710,96.41,0.96,0.61,1.14,1.14,0.18,0.0
86,1964,5775,5775,96.54,0.69,0.61,1.39,1.04,0.0,0.0
86,1965,5495,5495,97.27,0.64,0.36,1.36,0.55,0.0,0.0
86,1966,5455,5455,96.7,0.92,0.55,1.47,0.55,0.0,0.0
86,1967,5185,5185,96.05,0.96,0.68,1.54,1.06,0.1,0.0
86,1968,5110,5110,95.89,0.68,0.49,2.45,0.68,0.0,0.0
86,1969,5260,5260,94.96,1.24,0.67,2.66,0.67,0.0,0.0
86,1970,5295,5295,93.86,1.61,0.94,2.93,0.94,0.09,0.0
86,1971,5390,5390,93.32,2.32,0.74,3.34,0.65,0.0,0.0
86,1972,5215,5215,91.95,3.26,0.48,3.64,1.05,0.1,0.0
86,1973,5400,5400,89.81,3.89,0.65,5.19,0.74,0.19,0.0
86,1974,4970,4970,88.63,4.73,0.4,5.73,0.7,0.1,0.0
86,1975,4615,4615,87.11,4.77,0.76,6.93,0.76,0.0,0.0
86,1976,4205,4205,86.8,5.47,0.59,6.54,1.07,0.12,0.0
86,1977,4635,4635,85.54,5.39,0.54,8.09,0.65,0.11,0.0
86,1978,4515,4515,84.05,6.31,0.44,8.64,1.0,0.0,0.0
86,1979,4500,4500,84.78,5.78,0.44,8.78,0.56,0.0,0.0
86,1980,4930,4930,85.8,5.58,0.41,8.01,0.41,0.0,0.0
86,1981,4815,4815,83.18,6.96,0.31,9.14,0.62,0.1,0.0
86,1982,4535,4535,83.79,6.39,0.44,8.93,0.55,0.0,0.0
86,1983,4250,4250,83.06,7.06,0.24,8.94,0.82,0.0,0.0
86,1984,4255,4255,81.32,7.29,0.35,10.22,1.06,0.0,0.0
86,1985,4275,4275,80.0,7.13,0.35,11.7,0.82,0.12,0.0
86,1986,4160,4160,80.77,7.69,0.36,10.82,0.36,0.12,0.0
86,1987,4035,4035,80.42,6.82,0.37,11.77,0.74,0.12,0.0
86,1988,4005,4005,79.65,7.87,0.62,11.24,0.87,0.0,0.0
86,1989,3935,3935,78.02,9.28,0.89,11.05,0.76,0.0,0.0
86,1990,3855,3855,77.82,8.95,1.3,11.28,0.78,0.0,0.0
86,1991,4000,4000,78.0,8.5,1.0,12.0,0.62,0.0,0.0
86,1992,3550,3550,77.32,9.86,0.99,11.41,0.7,0.0,0.0
86,1993,3440,3440,77.03,8.87,1.89,11.48,1.02,0.15,0.0
86,1994,3515,3515,75.68,9.1,2.42,12.38,0.71,0.0,0.0
86,1995,3550,3550,76.2,9.3,1.97,11.83,1.13,0.0,0.0
86,1996,3830,3830,75.98,7.96,2.48,12.53,1.31,0.0,0.0
86,1997,3745,3745,74.5,8.54,2.94,13.62,1.07,0.13,0.0
86,1998,3855,3855,75.1,8.82,2.59,12.84,1.3,0.0,0.0
86,1999,4025,4025,72.8,9.07,3.48,14.41,0.99,0.0,0.0
86,2000,3865,3865,71.28,9.7,3.62,14.88,1.16,0.26,0.0
86,2001,3940,3940,66.75,10.28,5.33,16.24,2.54,0.38,0.0
86,2002,3805,3805,63.47,8.94,6.04,19.71,2.63,0.39,0.13
86,2003,3715,3715,62.31,9.15,6.06,20.59,2.96,0.81,0.0
86,2004,3570,3570,61.62,7.42,6.86,21.85,4.06,0.42,0.14
86,2005,3670,3670,56.95,7.36,8.31,23.02,6.13,1.36,0.14
86,2006,3835,3835,55.67,6.39,9.39,24.9,6.13,1.04,0.13
86,2007,3480,3480,55.17,6.03,9.2,25.14,5.75,0.86,0.43
86,2008,3710,3710,54.45,6.06,9.97,24.26,7.55,1.48,0.4
86,2009,3650,3650,50.41,6.3,12.19,25.21,8.63,1.64,0.41
86,2010,3600,3600,51.39,5.97,11.39,25.83,9.17,0.69,0.14
86,2011,3385,3385,51.55,5.61,11.67,24.37,9.45,1.03,0.59
86,2012,3385,3385,49.63,5.47,12.56,26.14,9.45,1.77,0.3
86,2013,3325,3325,50.53,5.56,12.18,25.26,10.08,0.9,0.75
86,2014,3065,3065,48.94,6.36,14.36,25.29,9.95,0.82,0.49
86,2015,2995,2995,52.75,6.01,12.52,22.87,8.68,1.17,0.33
86,2016,2835,2835,50.97,4.76,13.93,24.16,10.05,1.59,0.53
86,2017,2660,2660,50.75,4.89,13.35,25.19,10.34,1.32,0.38
86,2018,2635,2635,48.39,6.07,12.33,25.24,10.44,1.9,0.57
86,2019,2635,2635,47.06,4.93,14.42,23.91,11.76,3.42,0.38
86,2020,2685,2685,46.0,4.84,15.46,24.39,12.66,3.17,0.37
86,2021,2665,2665,43.71,3.94,15.2,27.39,12.38,3.56,0.94
86,2022,2480,2480,46.77,4.44,15.12,25.4,11.9,2.82,0.4
86,2023,2315,2315,43.63,3.46,15.55,27.0,15.77,4.1,0.0
86,2024,2235,2235,45.19,3.13,13.87,28.41,13.87,3.13,0.22
87,1900,4180,4180,100.0,0.0,0.0,0.0,0.0,0.0,0.0
87,1901,4825,4825,99.9,0.0,0.0,0.1,0.0,0.0,0.0
87,1902,4885,4885,99.9,0.0,0.0,0.1,0.0,0.0,0.0
87,1903,4820,4820,100.0,0.0,0.0,0.0,0.0,0.0,0.0
87,1904,5015,5015,100.0,0.0,0.0,0.0,0.0,0.0,0.0
87,1905,5180,5180,99.71,0.0,0.0,0.29,0.0,0.0,0.0
87,1906,5350,5350,99.91,0.0,0.0,0.09,0.0,0.0,0.0
87,1907,5255,5255,99.71,0.0,0.0,0.29,0.0,0.0,0.0
87,1908,5330,5330,99.81,0.0,0.0,0.19,0.0,0.0,0.0
87,1909,5455,5455,100.0,0.0,0.0,0.0,0.0,0.0,0.0
87,1910,5340,5340,99.81,0.0,0.0,0.19,0.0,0.0,0.0
87,1911,4925,4925,99.9,0.0,0.0,0.1,0.0,0.0,0.0
87,1912,5140,5140,99.81,0.0,0.0,0.19,0.0,0.0,0.0
87,1913,5140,5140,99.9,0.0,0.0,0.1,0.0,0.0,0.0
87,1914,4920,4920,99.9,0.0,0.0,0.1,0.0,0.0,0.0
87,1915,3360,3360,99.7,0.0,0.0,0.3,0.0,0.0,0.0
87,1916,2420,2420,100.0,0.0,0.0,0.0,0.0,0.0,0.0
87,1917,2590,2590,99.61,0.0,0.0,0.39,0.0,0.0,0.0
87,1918,3160,3160,99.68,0.0,0.0,0.32,0.0,0.0,0.0
87,1919,3055,3055,100.0,0.0,0.0,0.0,0.0,0.0,0.0
87,1920,5335,5335,99.81,0.0,0.0,0.19,0.0,0.0,0.0
87,1921,5520,5520,99.82,0.0,0.0,0.18,0.0,0.0,0.0
87,1922,5165,5165,99.9,0.0,0.0,0.1,0.0,0.0,0.0
87,1923,4950,4950,99.8,0.0,0.0,0.2,0.0,0.0,0.0
87,1924,4825,4825,99.79,0.0,0.0,0.21,0.0,0.0,0.0
87,1925,4990,4990,99.9,0.0,0.0,0.1,0.0,0.0,0.0
87,1926,4810,4810,99.69,0.0,0.0,0.31,0.0,0.0,0.0
87,1927,4740,4740,99.79,0.0,0.0,0.21,0.0,0.0,0.0
87,1928,4790,4790,99.9,0.0,0.0,0.1,0.0,0.0,0.0
87,1929,4670,4670,99.89,0.0,0.0,0.11,0.0,0.0,0.0
87,1930,4645,4645,99.78,0.0,0.0,0.22,0.0,0.0,0.0
87,1931,4610,4610,99.89,0.0,0.0,0.11,0.0,0.0,0.0
87,1932,4470,4470,99.89,0.0,0.0,0.11,0.0,0.0,0.0
87,1933,4255,4255,99.88,0.0,0.0,0.12,0.0,0.0,0.0
87,1934,4335,4335,99.65,0.0,0.0,0.35,0.0,0.0,0.0
87,1935,4055,4055,99.63,0.0,0.0,0.37,0.0,0.0,0.0
87,1936,3775,3775,100.0,0.0,0.0,0.0,0.0,0.0,0.0
87,1937,3565,3565,99.58,0.14,0.0,0.28,0.0,0.0,0.0
87,1938,3540,3540,100.0,0.0,0.0,0.0,0.0,0.0,0.0
87,1939,3915,3915,99.49,0.0,0.0,0.51,0.0,0.0,0.0
87,1940,4255,4255,99.88,0.12,0.0,0.0,0.0,0.0,0.0
87,1941,3480,3480,100.0,0.0,0.0,0.0,0.0,0.0,0.0
87,1942,4035,4035,99.88,0.0,0.0,0.12,0.0,0.0,0.0
87,1943,4555,4555,99.67,0.11,0.0,0.22,0.0,0.0,0.0
87,1944,4425,4425,99.77,0.0,0.0,0.23,0.0,0.0,0.0
87,1945,4230,4230,99.53,0.0,0.0,0.47,0.0,0.0,0.0
87,1946,5640,5640,99.29,0.0,0.09,0.62,0.0,0.0,0.0
87,1947,5665,5665,99.38,0.09,0.09,0.44,0.0,0.0,0.0
87,1948,5645,5645,99.47,0.09,0.18,0.27,0.0,0.0,0.0
87,1949,5410,5410,99.26,0.18,0.09,0.46,0.0,0.0,0.0
87,1950,5405,5405,99.54,0.19,0.0,0.28,0.0,0.0,0.0
87,1951,4985,4985,99.2,0.2,0.3,0.3,0.0,0.0,0.0
87,1952,4920,4920,99.7,0.2,0.1,0.0,0.0,0.0,0.0
87,1953,4850,4850,99.07,0.31,0.1,0.52,0.0,0.0,0.0
87,1954,4785,4785,99.06,0.42,0.1,0.42,0.0,0.0,0.0
87,1955,4695,4695,98.94,0.75,0.21,0.11,0.0,0.0,0.0
87,1956,4560,4560,98.79,0.88,0.11,0.22,0.0,0.0,0.0
87,1957,4435,4435,98.53,1.24,0.0,0.23,0.0,0.0,0.0
87,1958,4495,4495,98.55,1.0,0.22,0.22,0.11,0.0,0.0
87,1959,4480,4480,97.99,1.45,0.22,0.22,0.11,0.0,0.0
87,1960,4480,4480,98.33,1.45,0.11,0.11,0.11,0.0,0.0
87,1961,4500,4500,97.56,1.89,0.11,0.22,0.33,0.0,0.0
87,1962,4300,4300,98.02,1.63,0.12,0.12,0.12,0.0,0.0
87,1963,4650,4650,97.85,1.83,0.0,0.22,0.32,0.0,0.0
87,1964,4725,4725,98.1,1.16,0.11,0.42,0.42,0.0,0.0
87,1965,4440,4440,98.42,1.24,0.0,0.23,0.23,0.0,0.0
87,1966,4610,4610,98.81,1.08,0.0,0.11,0.22,0.0,0.0
87,1967,4355,4355,98.39,1.49,0.0,0.11,0.23,0.0,0.0
87,1968,4335,4335,98.27,0.69,0.0,0.69,0.69,0.0,0.0
87,1969,4395,4395,98.52,0.68,0.0,0.57,0.57,0.0,0.0
87,1970,4490,4490,97.66,0.78,0.22,1.11,0.45,0.0,0.0
87,1971,4480,4480,96.32,1.67,0.45,1.23,0.78,0.0,0.0
87,1972,4600,4600,95.0,2.61,0.0,2.17,0.87,0.0,0.0
87,1973,4450,4450,94.16,2.92,0.0,2.36,0.9,0.0,0.0
87,1974,4155,4155,93.74,2.89,0.12,2.89,0.72,0.0,0.0
87,1975,3675,3675,93.47,3.27,0.14,2.59,0.82,0.14,0.0
87,1976,3595,3595,93.05,3.48,0.0,3.2,0.56,0.0,0.0
87,1977,3595,3595,90.82,4.73,0.0,3.62,1.11,0.0,0.0
87,1978,3625,3625,89.1,5.93,0.0,4.14,0.97,0.14,0.14
87,1979,3620,3620,89.23,5.39,0.28,4.42,1.24,0.14,0.0
87,1980,3805,3805,88.83,5.78,0.13,4.86,0.79,0.0,0.0
87,1981,3700,3700,88.11,5.81,0.14,5.41,0.81,0.0,0.0
87,1982,3605,3605,85.85,6.24,0.14,6.8,0.97,0.0,0.14
87,1983,3565,3565,87.38,5.47,0.14,6.59,0.7,0.0,0.0
87,1984,3500,3500,84.71,7.57,0.0,6.43,1.71,0.14,0.0
87,1985,3445,3445,84.47,7.69,0.15,6.82,1.02,0.15,0.0
87,1986,3310,3310,83.53,6.8,0.3,8.31,1.06,0.0,0.15
87,1987,3500,3500,82.86,7.71,0.0,9.14,0.43,0.0,0.0
87,1988,3455,3455,81.77,8.1,0.14,9.41,0.72,0.0,0.0
87,1989,3385,3385,80.35,8.86,0.0,10.34,0.44,0.0,0.0
87,1990,3190,3190,79.31,9.09,0.63,9.72,1.41,0.16,0.0
87,1991,3160,3160,79.59,9.34,0.95,9.81,0.32,0.0,0.0
87,1992,3150,3150,78.57,9.21,0.95,10.48,0.79,0.0,0.0
87,1993,2985,2985,75.38,12.23,1.34,10.55,0.67,0.0,0.0
87,1994,2980,2980,76.34,10.4,1.51,11.07,0.84,0.0,0.0
87,1995,3145,3145,76.47,9.7,2.38,10.81,1.43,0.0,0.0
87,1996,3190,3190,76.02,10.19,2.04,11.29,0.94,0.0,0.0
87,1997,3085,3085,78.12,8.91,1.62,10.37,1.62,0.0,0.0
87,1998,3040,3040,75.49,10.03,2.14,11.68,0.82,0.16,0.0
87,1999,3035,3035,72.98,10.21,3.29,12.85,1.65,0.0,0.0
87,2000,3340,3340,71.41,9.88,3.44,13.17,2.84,0.15,0.0
87,2001,3390,3390,70.06,9.88,4.72,13.42,3.1,0.59,0.0
87,2002,3250,3250,67.08,9.54,4.92,15.38,4.15,0.77,0.0
87,2003,3045,3045,65.35,10.18,5.09,16.75,3.78,0.49,0.0
87,2004,3220,3220,60.09,10.09,5.75,20.19,5.75,0.47,0.16
87,2005,3165,3165,61.3,8.06,6.79,20.7,4.58,0.79,0.0
87,2006,3095,3095,59.13,7.59,7.59,20.84,5.82,0.48,0.0
87,2007,3145,3145,55.48,8.11,7.95,22.89,7.63,0.64,0.0
87,2008,3090,3090,54.85,6.47,9.22,23.14,9.06,0.97,0.16
87,2009,3125,3125,53.28,7.52,10.88,21.76,9.44,1.12,0.0
87,2010,3010,3010,53.82,5.81,10.96,23.42,8.97,0.66,0.17
87,2011,3000,3000,52.17,6.33,12.33,22.17,9.5,0.33,0.33
87,2012,2805,2805,52.76,6.06,10.52,22.99,11.23,0.71,0.18
87,2013,2750,2750,51.09,5.82,12.55,21.45,12.18,1.45,0.18
87,2014,2805,2805,50.09,6.06,11.41,22.46,13.9,1.43,0.36
87,2015,2725,2725,51.74,5.69,10.83,22.2,13.76,1.28,0.18
87,2016,2515,2515,48.71,5.77,13.92,24.06,11.93,0.4,0.4
87,2017,2420,2420,50.41,5.17,10.33,24.17,13.02,2.07,0.41
87,2018,2375,2375,51.79,5.26,10.95,23.16,12.63,1.26,0.0
87,2019,2425,2425,48.87,5.98,11.75,23.09,14.43,2.47,0.0
87,2020,2315,2315,49.03,4.54,14.25,21.81,15.12,1.94,0.43
87,2021,2255,2255,45.68,5.1,13.08,24.39,15.08,3.33,0.0
87,2022,2345,2345,45.84,4.26,12.79,26.23,15.14,1.71,0.21
87,2023,2105,2105,42.76,4.28,12.59,25.89,17.1,3.33,0.71
87,2024,1950,1950,45.64,5.13,12.82,24.1,18.72,3.33,0.26
88,1900,4445,4445,98.76,0.0,0.34,0.9,0.0,0.0,0.0
88,1901,4605,4605,98.81,0.0,0.33,0.87,0.11,0.0,0.0
88,1902,4920,4920,98.98,0.0,0.3,0.71,0.1,0.0,0.0
88,1903,5250,5250,99.24,0.0,0.19,0.57,0.0,0.0,0.0
88,1904,5335,5335,98.97,0.0,0.37,0.66,0.09,0.0,0.0
88,1905,5355,5355,98.97,0.0,0.28,0.75,0.0,0.0,0.0
88,1906,5510,5510,99.36,0.0,0.18,0.45,0.0,0.0,0.0
88,1907,5515,5515,99.09,0.0,0.45,0.45,0.09,0.0,0.0
88,1908,5650,5650,99.2,0.0,0.35,0.44,0.09,0.0,0.0
88,1909,5810,5810,99.23,0.0,0.34,0.43,0.09,0.0,0.0
88,1910,6075,6075,99.42,0.0,0.25,0.33,0.08,0.0,0.0
88,1911,5400,5400,99.26,0.0,0.19,0.56,0.0,0.0,0.0
88,1912,5815,5815,99.23,0.0,0.26,0.52,0.09,0.0,0.0
88,1913,5760,5760,99.13,0.0,0.26,0.61,0.0,0.0,0.0
88,1914,5495,5495,99.27,0.0,0.27,0.45,0.09,0.0,0.0
88,1915,3365,3365,99.41,0.0,0.15,0.45,0.0,0.0,0.0
88,1916,3260,3260,99.54,0.0,0.15,0.31,0.0,0.0,0.0
88,1917,3275,3275,99.54,0.0,0.31,0.15,0.0,0.0,0.0
88,1918,3705,3705,99.46,0.0,0.13,0.4,0.0,0.0,0.0
88,1919,3955,3955,99.87,0.0,0.0,0.13,0.0,0.0,0.0
88,1920,6175,6175,99.76,0.0,0.0,0.24,0.0,0.0,0.0
88,1921,6175,6175,99.51,0.0,0.16,0.32,0.0,0.0,0.0
88,1922,5960,5960,99.5,0.0,0.08,0.42,0.0,0.0,0.0
88,1923,5830,5830,99.66,0.0,0.17,0.17,0.0,0.0,0.0
88,1924,5825,5825,99.66,0.0,0.09,0.26,0.09,0.0,0.0
88,1925,5945,5945,99.75,0.0,0.0,0.25,0.0,0.0,0.0
88,1926,6085,6085,99.59,0.0,0.0,0.41,0.0,0.0,0.0
88,1927,6140,6140,99.35,0.0,0.16,0.49,0.0,0.0,0.0
88,1928,6215,6215,99.36,0.0,0.08,0.56,0.0,0.0,0.0
88,1929,5900,5900,99.49,0.0,0.17,0.34,0.08,0.0,0.0
88,1930,6290,6290,99.84,0.0,0.08,0.08,0.08,0.0,0.0
88,1931,6030,6030,99.67,0.0,0.0,0.33,0.0,0.0,0.0
88,1932,5975,5975,99.75,0.0,0.0,0.25,0.0,0.0,0.0
88,1933,5655,5655,99.56,0.0,0.27,0.18,0.09,0.0,0.0
88,1934,5780,5780,99.65,0.0,0.17,0.17,0.0,0.0,0.0
88,1935,5655,5655,99.38,0.09,0.18,0.35,0.0,0.0,0.0
88,1936,5570,5570,99.37,0.09,0.0,0.54,0.0,0.0,0.0
88,1937,5675,5675,99.03,0.09,0.26,0.62,0.0,0.0,0.0
88,1938,5610,5610,99.38,0.0,0.27,0.36,0.0,0.0,0.0
88,1939,6115,6115,99.43,0.0,0.25,0.33,0.0,0.0,0.0
88,1940,5170,5170,99.32,0.0,0.29,0.39,0.0,0.0,0.0
88,1941,3525,3525,99.29,0.0,0.43,0.28,0.0,0.0,0.0
88,1942,4400,4400,98.86,0.11,0.45,0.57,0.11,0.0,0.0
88,1943,4805,4805,99.06,0.0,0.42,0.52,0.0,0.0,0.0
88,1944,5230,5230,98.95,0.1,0.38,0.57,0.0,0.0,0.0
88,1945,5335,5335,98.78,0.09,0.56,0.56,0.0,0.0,0.0
88,1946,8510,8510,98.82,0.0,0.65,0.53,0.0,0.0,0.0
88,1947,8780,8780,98.52,0.11,0.68,0.68,0.0,0.0,0.0
88,1948,8605,8605,98.61,0.17,0.52,0.7,0.0,0.0,0.0
88,1949,8870,8870,98.53,0.11,0.68,0.62,0.06,0.0,0.0
88,1950,8505,8505,98.41,0.24,0.82,0.53,0.12,0.0,0.0
88,1951,8280,8280,98.25,0.36,0.66,0.72,0.0,0.0,0.0
88,1952,8175,8175,98.17,0.49,0.67,0.67,0.06,0.0,0.0
88,1953,8080,8080,98.08,0.5,0.56,0.87,0.12,0.0,0.0
88,1954,7990,7990,98.12,0.69,0.63,0.56,0.06,0.0,0.0
88,1955,7825,7825,98.02,0.7,0.51,0.7,0.19,0.0,0.0
88,1956,7760,7760,97.74,0.9,0.39,0.9,0.13,0.0,0.0
88,1957,7435,7435,97.98,0.87,0.47,0.61,0.13,0.0,0.0
88,1958,7560,7560,97.22,1.12,0.4,1.12,0.26,0.0,0.0
88,1959,7710,7710,97.47,0.97,0.32,1.17,0.32,0.0,0.0
88,1960,7320,7320,97.4,1.37,0.34,0.82,0.34,0.0,0.0
88,1961,7450,7450,97.79,1.21,0.27,0.67,0.47,0.0,0.0
88,1962,7110,7110,97.33,1.27,0.21,0.84,0.63,0.0,0.0
88,1963,7425,7425,97.04,0.94,0.4,1.08,0.88,0.07,0.0
88,1964,7280,7280,96.5,1.37,0.21,0.89,1.44,0.21,0.0
88,1965,7195,7195,97.57,0.76,0.07,0.9,1.04,0.14,0.0
88,1966,7045,7045,96.52,0.99,0.28,1.06,1.56,0.21,0.0
88,1967,6815,6815,96.48,1.17,0.22,0.95,1.76,0.15,0.0
88,1968,6750,6750,96.07,0.96,0.15,1.7,1.48,0.15,0.0
88,1969,6685,6685,95.44,0.82,0.22,2.24,1.8,0.15,0.0
88,1970,6570,6570,94.52,1.37,0.46,2.36,1.83,0.15,0.0
88,1971,6780,6780,93.51,1.7,0.44,3.1,1.99,0.15,0.0
88,1972,6600,6600,92.2,2.65,0.3,3.56,1.97,0.08,0.0
88,1973,6500,6500,90.23,2.85,0.15,4.92,2.23,0.46,0.0
88,1974,5840,5840,88.96,3.77,0.51,4.97,2.31,0.17,0.0
88,1975,5430,5430,86.83,4.14,0.37,6.08,2.95,0.28,0.0
88,1976,5075,5075,85.52,5.12,0.59,6.31,2.86,0.2,0.0
88,1977,5080,5080,84.74,5.71,0.3,7.09,2.66,0.39,0.0
88,1978,4995,4995,84.08,6.11,0.3,7.31,2.6,0.2,0.0
88,1979,5120,5120,82.91,6.05,0.29,8.2,3.03,0.49,0.0
88,1980,5565,5565,83.29,7.01,0.45,7.19,2.34,0.45,0.0
88,1981,5520,5520,80.89,7.61,0.36,9.06,2.45,0.09,0.0
88,1982,5390,5390,80.06,7.88,0.37,9.55,2.41,0.19,0.0
88,1983,4910,4910,80.14,7.33,0.51,9.67,2.55,0.31,0.0
88,1984,4840,4840,78.0,7.64,0.41,11.88,2.27,0.41,0.0
88,1985,5100,5100,78.14,7.25,0.29,12.16,2.35,0.39,0.0
88,1986,4870,4870,78.75,6.98,0.82,12.22,1.44,0.21,0.0
88,1987,4935,4935,77.81,8.61,0.51,11.85,1.42,0.3,0.0
88,1988,4635,4635,75.62,9.17,0.86,12.73,1.62,0.43,0.0
88,1989,4655,4655,76.58,9.02,0.75,12.78,0.97,0.11,0.0
88,1990,4375,4375,73.49,9.94,0.91,14.06,1.71,0.0,0.0
88,1991,4570,4570,73.41,9.63,1.42,14.66,1.2,0.11,0.0
88,1992,4335,4335,72.78,9.92,2.08,13.84,1.73,0.0,0.0
88,1993,4035,4035,71.75,11.4,2.23,13.26,1.73,0.0,0.0
88,1994,4020,4020,71.39,10.07,3.11,14.18,1.74,0.0,0.0
88,1995,4050,4050,72.47,9.75,2.96,13.83,1.6,0.0,0.0
88,1996,3885,3885,71.43,10.68,2.06,14.67,1.54,0.0,0.0
88,1997,3835,3835,72.49,9.91,2.09,14.34,1.69,0.13,0.0
88,1998,3840,3840,71.88,9.9,3.52,13.67,1.82,0.0,0.0
88,1999,3810,3810,69.29,10.76,4.33,14.3,1.97,0.0,0.0
88,2000,3845,3845,67.36,11.05,3.9,16.51,2.21,0.13,0.0
88,2001,3620,3620,66.57,11.05,5.39,15.19,3.45,0.14,0.0
88,2002,3520,3520,64.49,9.66,5.54,18.32,3.55,0.0,0.0
88,2003,3420,3420,61.11,10.09,6.73,20.18,3.8,0.0,0.0
88,2004,3295,3295,58.73,8.8,6.83,23.52,3.19,0.0,0.15
88,2005,3350,3350,57.91,7.91,7.76,23.43,5.07,0.3,0.0
88,2006,3405,3405,55.21,7.64,9.69,24.23,5.73,0.0,0.0
88,2007,3310,3310,54.23,7.4,10.12,24.62,6.8,0.15,0.15
88,2008,3195,3195,51.64,7.36,11.11,25.35,7.51,0.16,0.31
88,2009,3240,3240,50.93,7.56,12.65,24.69,8.49,0.0,0.15
88,2010,2960,2960,44.43,7.26,14.02,28.21,9.29,0.68,0.34
88,2011,2715,2715,47.51,4.97,15.47,27.44,8.1,0.55,0.37
88,2012,2620,2620,49.62,6.68,12.98,25.95,8.78,0.19,0.76
88,2013,2735,2735,45.7,6.22,14.81,27.42,9.69,0.55,0.73
88,2014,2495,2495,49.5,6.41,13.63,26.05,8.02,1.2,0.4
88,2015,2325,2325,47.53,6.67,13.98,26.88,9.89,1.08,0.65
88,2016,2250,2250,47.56,6.22,12.67,28.44,8.22,0.89,0.67
88,2017,2095,2095,46.3,5.25,15.27,26.73,10.98,0.95,0.48
88,2018,2055,2055,44.53,6.08,14.11,28.47,11.92,1.22,0.49
88,2019,1985,1985,47.86,5.04,14.11,28.72,8.82,1.01,0.5
88,2020,1865,1865,45.58,5.36,17.43,26.01,9.92,1.07,0.27
88,2021,1780,1780,44.66,5.34,15.45,29.21,8.43,0.84,0.56
88,2022,1720,1720,46.8,5.52,15.99,28.2,8.72,0.87,0.0
88,2023,1470,1470,47.28,4.42,13.61,29.93,7.48,1.36,0.0
88,2024,1480,1480,49.66,3.38,15.2,27.03,7.43,0.68,0.34
89,1900,2330,2330,99.14,0.0,0.0,0.86,0.0,0.0,0.0
89,1901,2600,2600,99.04,0.0,0.0,0.96,0.0,0.0,0.0
89,1902,2660,2660,99.06,0.0,0.0,0.94,0.0,0.0,0.0
89,1903,2655,2655,98.87,0.0,0.0,1.13,0.0,0.0,0.0
89,1904,2670,2670,99.25,0.0,0.0,0.75,0.0,0.0,0.0
89,1905,2700,2700,99.07,0.0,0.0,0.74,0.19,0.0,0.0
89,1906,2760,2760,98.91,0.0,0.0,1.09,0.0,0.0,0.0
89,1907,2790,2790,99.1,0.0,0.0,0.9,0.0,0.0,0.0
89,1908,2880,2880,99.13,0.0,0.0,0.87,0.0,0.0,0.0
89,1909,2820,2820,99.29,0.0,0.0,0.71,0.0,0.0,0.0
89,1910,2955,2955,99.15,0.0,0.0,0.85,0.0,0.0,0.0
89,1911,2750,2750,99.09,0.0,0.0,0.91,0.0,0.0,0.0
89,1912,2910,2910,99.31,0.0,0.0,0.52,0.17,0.0,0.0
89,1913,2850,2850,99.47,0.0,0.0,0.53,0.0,0.0,0.0
89,1914,2925,2925,99.49,0.0,0.0,0.51,0.0,0.0,0.0
89,1915,1900,1900,99.74,0.0,0.0,0.26,0.0,0.0,0.0
89,1916,1495,1495,100.0,0.0,0.0,0.0,0.0,0.0,0.0
89,1917,1565,1565,100.0,0.0,0.0,0.0,0.0,0.0,0.0
89,1918,2130,2130,100.0,0.0,0.0,0.0,0.0,0.0,0.0
89,1919,2080,2080,100.0,0.0,0.0,0.0,0.0,0.0,0.0
89,1920,3635,3635,99.31,0.0,0.0,0.69,0.0,0.0,0.0
89,1921,3425,3425,99.27,0.0,0.0,0.73,0.0,0.0,0.0
89,1922,3360,3360,99.85,0.0,0.0,0.15,0.0,0.0,0.0
89,1923,3335,3335,99.25,0.0,0.0,0.75,0.0,0.0,0.0
89,1924,3365,3365,99.26,0.0,0.0,0.74,0.0,0.0,0.0
89,1925,3485,3485,99.28,0.0,0.0,0.72,0.0,0.0,0.0
89,1926,3475,3475,99.28,0.0,0.0,0.72,0.0,0.0,0.0
89,1927,3580,3580,99.3,0.0,0.0,0.7,0.0,0.0,0.0
89,1928,3505,3505,99.0,0.0,0.0,1.0,0.0,0.0,0.0
89,1929,3585,3585,98.88,0.0,0.0,0.98,0.14,0.0,0.0
89,1930,3570,3570,98.88,0.0,0.28,0.7,0.14,0.0,0.0
89,1931,3535,3535,98.87,0.0,0.28,0.85,0.0,0.0,0.0
89,1932,3400,3400,98.68,0.0,0.44,0.88,0.0,0.0,0.0
89,1933,3315,3315,98.79,0.0,0.45,0.75,0.0,0.0,0.0
89,1934,3305,3305,98.79,0.0,0.61,0.61,0.0,0.0,0.0
89,1935,3110,3110,98.55,0.0,0.48,0.96,0.0,0.0,0.0
89,1936,3200,3200,98.59,0.0,0.62,0.78,0.0,0.0,0.0
89,1937,2985,2985,98.32,0.17,0.84,0.67,0.0,0.0,0.0
89,1938,3110,3110,98.71,0.0,0.8,0.48,0.0,0.0,0.0
89,1939,3385,3385,98.38,0.0,0.89,0.74,0.0,0.0,0.0
89,1940,3035,3035,98.68,0.0,0.66,0.66,0.0,0.0,0.0
89,1941,2580,2580,98.26,0.0,1.16,0.58,0.0,0.0,0.0
89,1942,2825,2825,98.05,0.0,1.24,0.71,0.0,0.0,0.0
89,1943,3060,3060,99.02,0.0,0.49,0.49,0.0,0.0,0.0
89,1944,3355,3355,97.91,0.15,0.89,1.04,0.0,0.0,0.0
89,1945,3140,3140,97.93,0.16,1.27,0.64,0.0,0.0,0.0
89,1946,4835,4835,98.04,0.1,1.14,0.62,0.1,0.0,0.0
89,1947,4945,4945,97.27,0.3,1.21,1.11,0.1,0.0,0.0
89,1948,5080,5080,97.64,0.39,1.18,0.69,0.1,0.0,0.0
89,1949,5160,5160,98.06,0.19,0.87,0.68,0.19,0.0,0.0
89,1950,5080,5080,97.54,0.3,1.38,0.69,0.1,0.0,0.0
89,1951,4750,4750,97.26,0.63,1.37,0.53,0.21,0.11,0.0
89,1952,4565,4565,97.37,0.66,1.31,0.66,0.0,0.0,0.0
89,1953,4495,4495,97.33,0.67,1.33,0.67,0.0,0.0,0.0
89,1954,4530,4530,97.35,0.77,1.1,0.66,0.11,0.0,0.0
89,1955,4325,4325,96.88,1.27,1.04,0.69,0.23,0.0,0.0
89,1956,4220,4220,97.16,1.07,0.83,0.83,0.24,0.0,0.0
89,1957,4210,4210,96.91,1.19,0.71,0.95,0.36,0.0,0.0
89,1958,4005,4005,97.25,1.0,0.75,0.75,0.37,0.0,0.0
89,1959,4145,4145,96.86,1.45,0.6,0.84,0.36,0.0,0.0
89,1960,3865,3865,97.15,1.55,0.65,0.52,0.26,0.0,0.0
89,1961,3965,3965,97.23,1.39,0.5,0.76,0.25,0.0,0.0
89,1962,3880,3880,96.26,1.55,0.64,1.16,0.64,0.13,0.0
89,1963,4015,4015,97.63,0.87,0.25,0.87,0.37,0.0,0.0
89,1964,4075,4075,97.06,1.1,0.25,1.23,0.49,0.0,0.0
89,1965,4090,4090,97.56,0.86,0.49,0.49,0.61,0.12,0.0
89,1966,4080,4080,97.3,0.98,0.49,0.61,0.86,0.12,0.0
89,1967,3885,3885,97.68,0.77,0.51,0.77,0.39,0.0,0.0
89,1968,3920,3920,95.79,0.89,1.02,1.28,1.28,0.0,0.0
89,1969,3810,3810,96.46,0.92,0.66,1.44,0.79,0.13,0.0
89,1970,3940,3940,95.3,1.02,0.38,2.54,0.89,0.0,0.0
89,1971,3960,3960,93.94,1.52,0.63,2.78,1.39,0.13,0.0
89,1972,3870,3870,92.25,2.2,0.26,3.75,1.81,0.13,0.0
89,1973,3935,3935,88.95,3.56,0.38,4.7,2.67,0.64,0.0
89,1974,3525,3525,87.52,3.4,0.28,5.96,2.98,0.43,0.0
89,1975,3400,3400,86.91,4.56,0.59,5.59,2.79,0.74,0.0
89,1976,3030,3030,86.63,4.95,0.33,4.95,3.3,0.66,0.0
89,1977,3255,3255,84.02,5.68,0.46,6.61,3.53,0.61,0.0
89,1978,3090,3090,82.52,6.31,0.0,7.61,3.88,0.65,0.0
89,1979,3205,3205,81.28,6.71,0.16,8.27,3.9,0.94,0.0
89,1980,3475,3475,81.73,5.9,0.43,7.91,4.32,0.43,0.0
89,1981,3480,3480,80.46,5.75,0.57,8.19,5.17,1.15,0.0
89,1982,3405,3405,78.12,7.2,0.44,9.4,4.99,0.88,0.0
89,1983,3045,3045,78.33,7.72,0.33,9.2,4.76,0.66,0.0
89,1984,3150,3150,76.03,7.78,0.48,11.75,4.29,0.32,0.0
89,1985,3145,3145,76.95,8.11,0.48,11.29,3.34,0.0,0.0
89,1986,3020,3020,75.99,8.44,1.32,11.26,2.98,0.66,0.0
89,1987,3235,3235,75.12,9.27,0.31,12.21,3.09,0.46,0.0
89,1988,3120,3120,76.12,8.97,0.96,12.02,2.08,0.32,0.0
89,1989,3225,3225,71.16,8.99,1.24,15.81,2.95,0.16,0.0
89,1990,3150,3150,72.54,10.16,1.27,13.97,2.22,0.16,0.0
89,1991,3110,3110,71.38,10.93,1.61,14.63,1.61,0.16,0.0
89,1992,2850,2850,71.75,10.18,1.93,14.21,2.11,0.0,0.0
89,1993,2760,2760,69.93,10.87,1.99,14.31,3.26,0.36,0.0
89,1994,2810,2810,69.57,10.68,2.67,14.95,2.49,0.0,0.0
89,1995,2920,2920,70.03,10.45,3.08,13.7,2.91,0.17,0.0
89,1996,2785,2785,71.81,10.23,3.23,12.57,2.69,0.0,0.0
89,1997,2695,2695,70.69,10.39,3.34,12.99,3.34,0.19,0.0
89,1998,2680,2680,69.59,11.01,3.92,13.25,3.36,0.0,0.0
89,1999,2735,2735,69.1,10.05,3.84,14.08,3.84,0.37,0.0
89,2000,2925,2925,67.18,9.57,4.44,16.75,3.25,0.34,0.0
89,2001,2715,2715,66.3,9.39,4.42,16.76,4.24,0.18,0.0
89,2002,2570,2570,62.84,8.95,6.23,18.29,4.28,0.19,0.19
89,2003,2380,2380,58.82,9.03,6.51,20.8,6.72,0.0,0.21
89,2004,2420,2420,58.47,8.47,5.58,21.69,7.44,0.21,0.21
89,2005,2375,2375,54.53,8.63,5.89,24.0,8.63,0.21,0.21
89,2006,2410,2410,53.11,8.09,7.88,24.27,9.34,0.21,0.21
89,2007,2395,2395,49.27,7.52,8.56,27.77,9.6,0.42,0.0
89,2008,2510,2510,48.8,5.38,9.56,27.09,11.75,1.0,0.0
89,2009,2515,2515,45.92,6.96,10.93,26.64,13.32,0.99,0.0
89,2010,2320,2320,45.26,6.68,11.42,27.8,13.36,0.43,0.22
89,2011,2195,2195,43.74,6.38,12.76,25.97,14.81,0.68,0.23
89,2012,2150,2150,42.79,6.28,12.33,26.05,17.44,1.63,0.47
89,2013,2195,2195,43.51,7.29,13.9,25.74,15.26,1.59,0.23
89,2014,2105,2105,45.13,5.94,13.06,26.6,15.91,1.43,0.48
89,2015,2190,2190,43.84,5.48,13.24,25.11,16.67,1.37,0.68
89,2016,1850,1850,41.89,6.49,16.49,24.05,15.95,1.89,0.54
89,2017,1765,1765,46.46,5.1,10.76,27.2,15.58,1.13,0.28
89,2018,1825,1825,42.47,4.38,15.07,26.85,16.16,1.92,0.27
89,2019,1805,1805,39.06,4.71,12.19,30.75,18.01,1.66,0.28
89,2020,1725,1725,40.0,4.06,16.81,26.38,15.65,2.03,0.29
89,2021,1600,1600,39.06,5.31,16.56,25.94,17.5,1.88,0.62
89,2022,1590,1590,37.74,4.4,16.98,28.3,18.55,1.89,0.94
89,2023,1490,1490,37.25,4.7,17.45,26.51,21.48,1.68,0.0
89,2024,1345,1345,40.15,3.72,14.87,28.62,17.47,1.12,0.37
90,1900,895,895,98.88,0.0,0.56,0.56,0.56,0.0,0.0
90,1901,995,995,98.99,0.0,0.0,1.01,0.0,0.0,0.0
90,1902,1015,1015,100.0,0.0,0.0,0.0,0.0,0.0,0.0
90,1903,995,995,99.5,0.0,0.0,0.5,0.0,0.0,0.0
90,1904,1015,1015,99.01,0.0,0.0,0.99,0.0,0.0,0.0
90,1905,1120,1120,98.66,0.0,0.45,0.89,0.45,0.0,0.0
90,1906,1060,1060,100.0,0.0,0.0,0.0,0.0,0.0,0.0
90,1907,1170,1170,98.29,0.0,0.0,1.71,0.0,0.0,0.0
90,1908,1250,1250,99.2,0.0,0.4,0.4,0.4,0.0,0.0
90,1909,1145,1145,100.0,0.0,0.0,0.0,0.0,0.0,0.0
90,1910,1255,1255,98.8,0.0,0.0,1.2,0.0,0.0,0.0
90,1911,1210,1210,98.76,0.0,0.41,0.83,0.41,0.0,0.0
90,1912,1320,1320,98.48,0.0,0.38,1.14,0.38,0.0,0.0
90,1913,1375,1375,99.27,0.0,0.0,0.73,0.0,0.0,0.0
90,1914,1175,1175,100.0,0.0,0.0,0.0,0.0,0.0,0.0
90,1915,625,625,100.0,0.0,0.0,0.0,0.0,0.0,0.0
90,1916,675,675,100.0,0.0,0.0,0.0,0.0,0.0,0.0
90,1917,605,605,100.0,0.0,0.0,0.0,0.0,0.0,0.0
90,1918,705,705,100.0,0.0,0.0,0.0,0.0,0.0,0.0
90,1919,735,735,100.0,0.0,0.0,0.0,0.0,0.0,0.0
90,1920,1275,1275,99.61,0.0,0.0,0.39,0.0,0.0,0.0
90,1921,1275,1275,99.61,0.0,0.0,0.39,0.0,0.0,0.0
90,1922,1210,1210,100.0,0.0,0.0,0.0,0.0,0.0,0.0
90,1923,1220,1220,99.59,0.0,0.0,0.41,0.0,0.0,0.0
90,1924,1215,1215,100.0,0.0,0.0,0.0,0.0,0.0,0.0
90,1925,1330,1330,99.25,0.0,0.0,0.75,0.0,0.0,0.0
90,1926,1415,1415,100.0,0.0,0.0,0.0,0.0,0.0,0.0
90,1927,1380,1380,98.91,0.0,0.36,0.72,0.36,0.0,0.0
90,1928,1485,1485,98.99,0.0,0.0,1.01,0.0,0.0,0.0
90,1929,1430,1430,99.65,0.0,0.0,0.35,0.0,0.0,0.0
90,1930,1575,1575,100.0,0.0,0.0,0.0,0.0,0.0,0.0
90,1931,1575,1575,99.05,0.0,0.0,0.95,0.0,0.0,0.0
90,1932,1530,1530,100.0,0.0,0.0,0.0,0.0,0.0,0.0
90,1933,1420,1420,100.0,0.0,0.0,0.0,0.0,0.0,0.0
90,1934,1495,1495,99.67,0.0,0.0,0.33,0.0,0.0,0.0
90,1935,1400,1400,100.0,0.0,0.0,0.0,0.0,0.0,0.0
90,1936,1365,1365,100.0,0.0,0.0,0.0,0.0,0.0,0.0
90,1937,1360,1360,100.0,0.0,0.0,0.0,0.0,0.0,0.0
90,1938,1415,1415,100.0,0.0,0.0,0.0,0.0,0.0,0.0
90,1939,1270,1270,100.0,0.0,0.0,0.0,0.0,0.0,0.0
90,1940,1025,1025,99.51,0.0,0.0,0.49,0.0,0.0,0.0
90,1941,860,860,100.0,0.0,0.0,0.0,0.0,0.0,0.0
90,1942,1015,1015,99.51,0.0,0.0,0.49,0.0,0.0,0.0
90,1943,1020,1020,99.02,0.0,0.0,0.98,0.0,0.0,0.0
90,1944,1160,1160,99.14,0.0,0.0,0.86,0.0,0.0,0.0
90,1945,1130,1130,99.12,0.0,0.0,0.88,0.0,0.0,0.0
90,1946,1960,1960,99.23,0.0,0.0,0.77,0.0,0.0,0.0
90,1947,1835,1835,99.18,0.0,0.0,0.82,0.0,0.0,0.0
90,1948,1980,1980,99.24,0.0,0.51,0.25,0.0,0.0,0.0
90,1949,1995,1995,99.0,0.5,0.0,0.5,0.0,0.0,0.0
90,1950,2045,2045,99.02,0.0,0.24,0.73,0.0,0.0,0.0
90,1951,2025,2025,99.26,0.0,0.0,0.49,0.25,0.25,0.0
90,1952,2130,2130,98.59,0.23,0.23,0.94,0.23,0.0,0.0
90,1953,2060,2060,98.79,0.49,0.24,0.24,0.49,0.0,0.0
90,1954,2110,2110,99.05,0.47,0.24,0.24,0.24,0.0,0.0
90,1955,2140,2140,98.83,0.47,0.23,0.47,0.23,0.0,0.0
90,1956,2205,2205,97.73,0.45,0.0,1.13,1.13,0.23,0.0
90,1957,2060,2060,98.54,0.24,0.0,0.49,0.97,0.49,0.0
90,1958,2190,2190,99.32,0.68,0.0,0.0,0.23,0.0,0.0
90,1959,2165,2165,98.38,0.92,0.0,0.23,0.69,0.0,0.0
90,1960,2185,2185,98.17,0.69,0.0,0.69,0.69,0.0,0.0
90,1961,2275,2275,98.24,0.88,0.0,0.66,0.66,0.0,0.0
90,1962,2175,2175,97.7,1.61,0.0,0.46,0.92,0.0,0.0
90,1963,2310,2310,97.62,0.65,0.0,0.22,1.95,0.43,0.0
90,1964,2395,2395,97.29,1.25,0.0,0.84,1.04,0.0,0.0
90,1965,2485,2485,97.18,0.6,0.0,1.01,1.61,0.4,0.0
90,1966,2335,2335,97.64,0.64,0.0,0.43,1.5,0.0,0.0
90,1967,2140,2140,97.66,0.7,0.0,0.47,1.4,0.23,0.0
90,1968,2330,2330,97.64,0.43,0.0,0.86,1.93,0.0,0.0
90,1969,2220,2220,97.52,0.9,0.0,0.9,1.35,0.0,0.0
90,1970,2335,2335,95.29,1.28,0.0,1.93,1.93,0.0,0.0
90,1971,2365,2365,95.14,1.69,0.21,1.9,1.69,0.0,0.0
90,1972,2320,2320,93.97,2.16,0.0,1.72,2.59,0.65,0.0
90,1973,2315,2315,91.79,3.24,0.0,3.02,2.59,0.22,0.0
90,1974,2165,2165,89.84,3.0,0.0,4.16,3.46,0.46,0.0
90,1975,1900,1900,89.74,3.95,0.26,3.42,2.89,0.26,0.0
90,1976,1865,1865,88.47,4.29,0.0,2.95,4.56,1.07,0.0
90,1977,1955,1955,89.0,4.86,0.26,2.56,3.84,0.51,0.0
90,1978,1735,1735,87.32,5.76,0.29,3.75,3.17,1.73,0.0
90,1979,1880,1880,86.17,4.26,0.53,5.32,4.26,0.8,0.0
90,1980,1975,1975,86.33,5.82,0.25,3.8,4.05,0.51,0.0
90,1981,1930,1930,84.46,6.74,0.78,4.4,3.89,0.26,0.0
90,1982,1910,1910,82.46,6.81,0.26,6.54,4.19,0.26,0.0
90,1983,1720,1720,82.85,6.1,0.29,6.1,4.94,0.87,0.0
90,1984,1795,1795,79.94,7.52,0.84,8.64,3.06,0.28,0.0
90,1985,1660,1660,81.93,7.23,0.6,8.13,2.11,0.0,0.0
90,1986,1770,1770,79.94,8.19,0.28,9.6,2.54,0.0,0.0
90,1987,1615,1615,78.02,9.6,0.62,9.29,2.48,0.31,0.0
90,1988,1690,1690,75.44,10.95,0.59,10.65,2.37,0.0,0.0
90,1989,1595,1595,77.12,10.03,0.94,10.34,1.57,0.0,0.0
90,1990,1565,1565,74.76,8.31,0.96,12.78,3.83,0.0,0.0
90,1991,1635,1635,76.15,9.79,0.61,11.62,2.14,0.0,0.0
90,1992,1595,1595,73.35,11.6,0.94,11.6,3.13,0.0,0.0
90,1993,1590,1590,71.7,12.26,0.94,12.89,2.52,0.0,0.0
90,1994,1480,1480,70.95,9.8,2.03,14.19,4.05,0.34,0.0
90,1995,1535,1535,74.27,10.1,2.61,11.4,2.61,0.0,0.0
90,1996,1610,1610,72.98,9.63,2.17,12.73,2.8,0.31,0.0
90,1997,1445,1445,73.01,10.38,2.77,11.76,3.11,0.0,0.0
90,1998,1480,1480,70.95,9.46,2.7,14.53,3.38,0.68,0.0
90,1999,1460,1460,70.55,9.25,3.77,13.01,4.79,0.34,0.0
90,2000,1585,1585,68.77,11.04,2.52,13.56,5.68,0.32,0.0
90,2001,1470,1470,70.07,10.88,3.74,12.59,3.4,0.34,0.0
90,2002,1470,1470,65.65,10.2,4.42,13.95,6.12,0.34,0.0
90,2003,1555,1555,58.84,9.65,4.5,21.22,7.4,0.32,0.0
90,2004,1330,1330,56.02,9.4,7.52,20.68,9.4,0.75,0.0
90,2005,1410,1410,53.55,7.8,8.16,23.76,9.57,0.0,0.0
90,2006,1435,1435,52.96,6.62,8.71,22.65,12.89,0.0,0.0
90,2007,1425,1425,51.23,7.72,9.82,23.51,10.53,0.0,0.0
90,2008,1285,1285,47.47,7.0,9.34,24.9,14.01,1.17,0.39
90,2009,1275,1275,47.06,8.24,10.98,22.75,15.29,0.39,0.39
90,2010,1240,1240,47.18,8.47,10.48,22.98,14.52,1.21,0.4
90,2011,1205,1205,46.06,6.64,13.28,22.41,17.01,1.24,0.0
90,2012,1195,1195,45.19,7.11,12.55,25.1,16.32,0.42,0.42
90,2013,1065,1065,48.36,7.04,14.08,24.41,12.21,0.47,0.0
90,2014,1100,1100,45.45,7.27,10.45,25.91,16.36,0.45,0.45
90,2015,1060,1060,41.98,5.19,13.68,25.94,19.34,0.94,0.47
90,2016,1060,1060,43.87,4.72,10.85,26.42,19.34,0.94,0.94
90,2017,1860,1860,36.02,4.3,14.78,24.73,27.42,1.88,0.27
90,2018,1860,1860,33.06,4.57,12.1,23.39,33.06,1.08,0.54
90,2019,1885,1885,34.48,4.51,12.47,25.2,30.24,2.39,0.27
90,2020,1850,1850,31.35,3.24,14.86,26.49,30.0,2.43,0.27
90,2021,1670,1670,32.34,3.29,13.47,27.25,29.04,2.1,0.6
90,2022,1655,1655,31.12,3.02,15.71,27.49,27.79,2.11,0.6
90,2023,1460,1460,29.11,2.74,16.1,26.37,33.22,1.71,0.0
90,2024,1470,1470,29.59,3.4,11.22,28.23,32.99,2.04,0.34
91,1968,7360,7360,94.43,0.68,0.48,3.19,1.49,0.14,0.0
91,1969,7780,7780,93.83,1.16,0.71,3.02,1.48,0.32,0.0
91,1970,8450,8450,93.02,1.36,0.53,3.73,1.66,0.36,0.0
91,1971,9310,9310,90.44,2.31,0.97,5.05,1.5,0.16,0.0
91,1972,10040,10040,88.79,2.39,0.7,6.32,2.04,0.15,0.0
91,1973,10245,10245,88.04,2.83,0.98,6.2,2.29,0.29,0.0
91,1974,9620,9620,87.11,3.43,0.73,6.5,2.44,0.47,0.0
91,1975,8810,8810,85.3,3.75,0.91,7.55,2.84,0.4,0.0
91,1976,8865,8865,85.05,4.74,0.79,7.16,2.48,0.23,0.0
91,1977,9340,9340,83.3,5.89,0.86,7.07,3.48,0.27,0.0
91,1978,9130,9130,80.78,6.85,0.66,8.65,3.18,0.49,0.0
91,1979,9410,9410,80.13,6.64,0.74,8.77,3.88,0.53,0.0
91,1980,10115,10115,79.58,6.77,0.79,9.64,3.36,0.79,0.0
91,1981,9865,9865,78.21,7.25,0.56,9.73,4.46,0.81,0.0
91,1982,9810,9810,77.17,8.26,0.87,10.19,3.77,0.76,0.0
91,1983,9495,9495,76.2,7.95,0.63,10.95,4.53,1.0,0.0
91,1984,9950,9950,73.77,8.59,0.75,12.41,4.62,0.8,0.05
91,1985,10330,10330,73.23,8.13,0.82,13.84,4.11,0.82,0.0
91,1986,10775,10775,72.81,8.54,1.16,13.78,3.9,0.88,0.0
91,1987,10980,10980,71.45,9.56,1.37,13.62,4.33,1.18,0.05
91,1988,11075,11075,69.66,10.11,1.53,14.76,4.24,0.9,0.05
91,1989,11365,11365,69.51,10.21,1.89,15.0,3.56,0.75,0.04
91,1990,11720,11720,67.49,9.73,1.96,16.94,4.39,0.77,0.0
91,1991,11755,11755,67.89,10.21,2.13,16.04,4.0,0.98,0.0
91,1992,11615,11615,66.16,9.64,2.76,17.22,4.52,0.73,0.04
91,1993,10995,10995,66.39,10.1,3.05,15.96,4.91,0.68,0.09
91,1994,10935,10935,66.62,9.33,3.11,16.37,5.17,0.96,0.0
91,1995,11370,11370,66.62,8.75,3.74,16.18,5.45,1.01,0.04
91,1996,12455,12455,65.92,8.19,3.49,17.34,5.74,1.04,0.0
91,1997,12250,12250,65.84,8.41,3.47,16.86,6.24,0.98,0.04
91,1998,12080,12080,63.66,8.82,3.85,17.51,6.91,0.95,0.0
91,1999,12235,12235,61.67,8.62,4.7,18.14,8.01,1.1,0.04
91,2000,12865,12865,59.54,8.47,5.48,18.77,8.94,1.75,0.04
91,2001,12650,12650,56.64,8.77,6.48,19.37,10.36,1.86,0.08
91,2002,12650,12650,51.66,8.3,6.92,22.37,12.21,1.98,0.08
91,2003,12320,12320,50.28,7.75,8.0,22.56,13.6,1.87,0.04
91,2004,12490,12485,47.3,6.61,8.89,23.91,15.34,2.6,0.08
91,2005,12445,12445,44.84,5.87,9.48,24.87,17.6,2.89,0.12
91,2006,12710,12710,42.96,5.9,9.95,24.98,19.32,2.68,0.12
91,2007,12360,12360,40.61,5.38,10.76,25.89,20.51,2.91,0.2
91,2008,12530,12530,39.9,5.63,11.49,24.46,22.11,3.43,0.16
91,2009,11910,11910,38.46,5.54,11.88,24.77,23.3,3.44,0.34
91,2010,12065,12065,36.51,5.18,12.02,25.61,24.37,4.02,0.33
91,2011,11940,11940,34.72,4.61,12.31,26.84,26.01,3.89,0.46
91,2012,11540,11540,33.62,4.33,12.52,25.52,28.47,4.55,0.39
91,2013,11700,11700,32.31,4.32,13.08,25.9,29.4,5.0,0.3
91,2014,11740,11740,30.88,4.22,13.54,25.85,30.96,4.73,0.47
91,2015,11305,11305,29.94,4.2,13.14,25.43,32.29,6.06,0.31
91,2016,10885,10885,28.43,3.95,14.1,26.32,33.26,5.1,0.37
91,2017,10885,10885,27.88,3.58,13.69,25.82,34.68,5.56,0.32
91,2018,10540,10540,26.38,3.46,13.66,26.33,35.34,6.45,0.47
91,2019,10005,10005,25.74,3.25,14.64,26.44,35.88,6.5,0.25
91,2020,9650,9650,24.92,3.89,14.72,25.75,36.58,6.74,0.36
91,2021,9510,9510,25.76,3.15,16.67,26.18,34.28,6.47,0.32
91,2022,9270,9270,23.62,3.07,14.19,26.97,37.59,7.39,0.38
91,2023,8535,8535,22.38,2.87,15.11,23.67,41.89,8.9,0.29
91,2024,7975,7965,20.97,2.76,15.88,24.67,41.49,8.41,0.38
92,1968,25230,25230,91.66,1.01,0.32,3.29,3.96,0.93,0.0
92,1969,25070,25070,91.36,1.32,0.42,3.35,3.81,0.76,0.0
92,1970,25590,25590,90.37,1.56,0.49,4.12,3.77,0.66,0.0
92,1971,26515,26515,88.63,1.94,0.68,5.07,3.9,0.75,0.0
92,1972,26420,26420,86.73,2.78,0.62,5.96,4.2,0.76,0.0
92,1973,25500,25500,85.35,3.08,0.61,6.33,4.96,0.96,0.0
92,1974,23265,23265,84.07,3.42,0.67,6.73,5.35,0.95,0.04
92,1975,21300,21300,83.12,4.06,0.63,6.85,5.56,0.96,0.0
92,1976,20525,20525,81.88,4.46,0.58,6.99,6.36,1.22,0.0
92,1977,20980,20980,79.81,5.05,0.69,7.29,7.36,1.48,0.02
92,1978,20725,20725,78.48,5.21,0.77,7.74,8.08,1.66,0.02
92,1979,20580,20575,77.18,5.86,0.61,8.29,8.43,1.56,0.0
92,1980,21680,21680,76.38,5.24,0.65,8.86,9.09,1.89,0.0
92,1981,21515,21515,74.67,5.76,1.09,9.06,9.62,2.07,0.05
92,1982,21770,21770,73.63,6.09,0.85,9.88,9.69,2.11,0.07
92,1983,20895,20895,73.03,6.03,0.86,10.5,9.86,2.27,0.02
92,1984,20740,20740,71.14,6.53,0.87,11.55,10.03,2.22,0.05
92,1985,20750,20750,71.52,6.43,1.08,11.33,9.9,2.0,0.05
92,1986,20710,20710,71.49,6.47,0.94,12.1,9.3,1.93,0.0
92,1987,20930,20930,71.33,6.93,1.19,11.99,8.77,1.91,0.05
92,1988,21885,21885,70.71,7.24,1.19,13.23,8.0,1.49,0.05
92,1989,21725,21725,69.18,8.08,1.43,13.26,8.49,1.63,0.09
92,1990,21725,21725,69.51,7.34,1.4,13.65,8.54,1.36,0.07
92,1991,21780,21780,69.51,7.55,1.65,13.45,8.38,1.31,0.09
92,1992,21545,21545,68.55,7.84,1.88,14.37,7.98,1.3,0.07
92,1993,21120,21120,68.09,7.67,2.06,14.09,8.71,1.49,0.05
92,1994,21000,21000,68.19,7.38,2.5,14.02,8.98,1.31,0.02
92,1995,21795,21795,68.71,6.86,2.64,13.99,8.72,1.28,0.02
92,1996,22130,22130,68.66,7.03,2.64,14.39,8.07,1.11,0.05
92,1997,21285,21285,68.05,6.46,2.96,14.54,9.0,1.15,0.07
92,1998,21415,21415,65.98,6.51,3.27,15.04,10.44,1.7,0.05
92,1999,21700,21700,64.82,6.29,3.78,15.09,11.27,1.54,0.05
92,2000,22625,22625,62.1,6.56,3.96,16.4,12.53,1.5,0.09
92,2001,21655,21655,60.33,6.19,4.69,16.32,14.15,2.17,0.12
92,2002,21410,21410,57.99,6.1,5.23,17.68,14.9,1.66,0.12
92,2003,21195,21195,56.38,5.54,6.11,17.98,16.23,2.01,0.09
92,2004,21200,21200,53.96,4.91,6.44,19.55,17.69,2.22,0.19
92,2005,21255,21255,53.12,4.52,7.06,19.92,18.37,2.14,0.16
92,2006,22550,22550,51.4,4.3,7.8,20.33,19.18,2.28,0.13
92,2007,22415,22410,50.83,3.99,7.52,20.39,20.79,2.28,0.22
92,2008,22510,22505,49.7,3.71,8.58,20.33,21.46,2.38,0.2
92,2009,22625,22625,48.97,3.76,8.22,19.8,23.18,2.83,0.24
92,2010,22845,22845,48.54,3.79,7.55,20.7,23.37,2.82,0.33
92,2011,22520,22520,47.22,3.6,8.3,20.65,24.64,2.49,0.22
92,2012,22125,22125,46.73,3.62,8.41,20.18,25.22,2.82,0.29
92,2013,22070,22070,45.33,3.6,8.56,20.23,26.91,3.17,0.39
92,2014,22215,22215,45.19,3.51,8.8,19.85,27.77,3.08,0.29
92,2015,21795,21795,44.14,3.23,9.02,20.53,28.63,3.26,0.28
92,2016,21690,21690,43.89,3.11,9.08,20.75,28.4,3.62,0.32
92,2017,20595,20590,43.66,3.21,9.25,20.54,28.8,3.47,0.22
92,2018,20690,20690,42.24,3.12,9.64,21.15,28.85,3.6,0.39
92,2019,20645,20645,41.15,3.15,10.68,20.9,29.47,3.61,0.31
92,2020,19500,19500,39.49,3.03,11.13,21.77,30.03,4.05,0.36
92,2021,19220,19210,39.35,3.07,11.01,22.25,29.78,3.96,0.42
92,2022,18545,18545,38.29,2.99,11.4,22.0,30.49,4.1,0.27
92,2023,17725,17720,37.64,2.74,10.89,21.87,32.03,4.51,0.31
92,2024,17940,17935,37.78,2.62,10.93,21.38,32.28,4.46,0.33
93,1968,19270,19270,88.45,0.8,0.31,3.89,6.95,1.53,0.0
93,1969,19205,19205,87.84,1.04,0.6,3.96,6.85,1.59,0.0
93,1970,19620,19620,86.19,1.27,0.87,4.84,7.21,1.58,0.0
93,1971,21465,21465,85.0,1.82,0.91,5.22,7.43,1.49,0.0
93,1972,21650,21650,83.19,2.45,1.02,6.28,7.37,1.55,0.0
93,1973,20425,20425,81.32,3.18,0.91,6.85,8.05,1.81,0.0
93,1974,18615,18615,79.45,3.3,0.81,7.68,9.02,2.1,0.03
93,1975,17785,17785,76.97,4.27,0.9,8.46,9.81,2.19,0.0
93,1976,17580,17580,76.39,4.81,0.82,8.3,10.07,2.13,0.0
93,1977,18465,18465,74.6,5.9,0.84,8.83,10.13,2.06,0.0
93,1978,18000,18000,71.56,6.58,0.72,9.56,11.83,2.83,0.0
93,1979,18480,18480,69.97,6.76,0.89,10.52,12.26,2.79,0.0
93,1980,19110,19110,69.2,6.54,0.89,10.26,13.29,2.75,0.0
93,1981,18990,18990,66.93,6.71,0.84,11.66,13.93,3.48,0.05
93,1982,18435,18435,64.82,7.4,0.92,12.1,14.89,3.93,0.03
93,1983,17335,17335,62.91,7.5,1.04,12.78,15.81,4.76,0.03
93,1984,17870,17870,61.33,7.69,1.06,13.91,15.81,5.06,0.06
93,1985,18150,18150,59.92,7.71,1.32,15.04,15.79,5.01,0.11
93,1986,18350,18350,59.92,7.66,1.47,15.23,15.61,4.77,0.03
93,1987,18565,18565,58.15,8.94,1.56,16.29,14.68,4.85,0.13
93,1988,18770,18770,55.86,9.72,1.73,17.08,15.29,4.66,0.13
93,1989,18775,18775,54.17,9.88,1.65,17.76,16.48,5.03,0.08
93,1990,18685,18685,54.38,9.53,2.01,18.44,15.6,4.63,0.05
93,1991,18640,18640,54.45,9.09,2.2,18.16,16.55,4.75,0.05
93,1992,17975,17975,51.93,9.21,2.56,19.05,17.55,4.76,0.06
93,1993,16925,16920,51.03,9.57,3.1,18.5,18.35,4.82,0.06
93,1994,16650,16650,50.51,8.89,3.3,19.04,18.77,5.2,0.09
93,1995,16020,16015,50.86,7.99,3.68,19.48,18.58,4.56,0.09
93,1996,15970,15970,49.12,7.73,3.79,19.79,20.23,4.98,0.06
93,1997,15825,15825,48.21,7.49,4.04,19.75,21.39,5.24,0.03
93,1998,16770,16770,45.56,7.16,4.53,20.04,23.73,5.58,0.06
93,1999,16785,16785,43.1,6.7,4.89,20.05,26.18,6.14,0.15
93,2000,18505,18500,41.27,6.54,5.19,20.95,27.03,6.27,0.24
93,2001,18525,18520,38.55,6.05,6.1,20.09,30.21,7.29,0.19
93,2002,18660,18660,35.99,5.76,6.35,20.61,32.74,7.66,0.13
93,2003,18445,18440,33.27,5.31,7.08,20.15,35.68,8.05,0.27
93,2004,17870,17865,30.87,4.59,7.81,20.54,38.4,8.37,0.25
93,2005,17890,17890,28.95,4.72,7.71,21.3,39.35,8.66,0.22
93,2006,18415,18405,27.22,3.99,8.5,21.41,41.51,8.69,0.35
93,2007,17910,17910,25.99,3.96,9.16,20.8,43.08,8.77,0.11
93,2008,17825,17820,24.55,3.54,9.88,20.43,44.64,8.98,0.36
93,2009,17600,17595,23.44,3.04,10.03,19.66,47.4,9.46,0.48
93,2010,16980,16970,21.07,2.98,10.31,20.15,49.65,9.66,0.5
93,2011,16660,16660,21.34,2.73,9.03,19.96,51.05,9.42,0.6
93,2012,17345,17340,20.18,2.83,9.78,19.69,52.25,9.66,0.52
93,2013,16745,16740,19.77,2.69,9.65,19.71,53.32,9.68,0.39
93,2014,17820,17815,18.97,2.19,11.06,19.81,53.41,9.88,0.39
93,2015,17815,17810,18.84,2.44,10.7,19.15,54.74,9.35,0.51
93,2016,17980,17970,18.22,2.06,9.96,19.98,55.12,9.91,0.5
93,2017,17815,17810,16.79,1.88,11.09,19.43,56.37,10.7,0.48
93,2018,17010,16995,16.09,1.62,11.62,19.51,56.72,11.24,0.32
93,2019,16590,16575,16.38,1.72,11.64,19.13,56.74,10.89,0.51
93,2020,15680,15650,15.34,1.53,12.01,19.01,56.52,12.2,0.67
93,2021,14420,14390,14.25,1.53,12.44,19.15,56.85,12.09,0.56
93,2022,14040,14015,14.13,1.28,12.91,18.19,58.19,13.13,0.46
93,2023,12635,12555,13.06,1.27,11.07,17.68,61.37,13.1,0.48
93,2024,11990,11915,12.25,1.17,12.25,17.0,61.18,13.89,0.55
94,1968,15145,15145,93.46,0.92,0.33,3.3,2.31,0.3,0.0
94,1969,16210,16210,92.44,1.17,0.46,3.92,2.28,0.46,0.0
94,1970,17270,17270,90.62,1.39,0.61,4.92,2.78,0.43,0.0
94,1971,18430,18430,89.69,2.06,0.68,5.32,2.58,0.33,0.0
94,1972,18765,18765,87.45,2.88,0.77,6.21,3.01,0.45,0.0
94,1973,17645,17645,86.63,3.17,0.74,6.63,3.15,0.45,0.0
94,1974,16495,16495,85.03,3.33,0.82,7.43,3.7,0.64,0.0
94,1975,15835,15835,84.05,4.23,0.76,7.45,3.82,0.54,0.0
94,1976,15045,15045,82.55,5.05,0.73,7.84,4.09,0.66,0.0
94,1977,15650,15650,80.67,5.85,0.83,8.27,4.73,0.83,0.0
94,1978,14855,14855,79.67,5.96,0.88,8.85,4.98,0.88,0.0
94,1979,15755,15755,77.15,6.92,0.73,9.97,5.46,0.92,0.0
94,1980,16815,16815,76.84,6.96,0.71,10.05,5.83,1.13,0.0
94,1981,16965,16965,74.65,7.34,0.83,11.08,6.28,1.24,0.03
94,1982,16460,16460,73.91,7.53,0.91,11.09,6.71,1.46,0.03
94,1983,15525,15525,72.43,7.5,0.71,12.33,7.15,1.71,0.0
94,1984,16195,16195,70.08,8.18,0.86,13.92,7.16,1.76,0.0
94,1985,16225,16225,69.49,8.35,1.05,14.11,7.4,1.82,0.09
94,1986,16600,16600,69.46,7.95,1.33,14.73,6.72,1.69,0.0
94,1987,16605,16605,68.5,8.46,1.42,15.12,6.74,1.66,0.03
94,1988,17215,17215,67.64,9.82,1.57,15.1,6.07,1.39,0.06
94,1989,16845,16845,65.57,10.0,1.57,16.09,7.01,1.87,0.03
94,1990,16330,16330,65.68,9.74,1.84,16.32,6.89,1.62,0.03
94,1991,16095,16095,64.68,9.91,2.11,16.74,7.05,1.49,0.09
94,1992,16015,16015,63.22,9.52,2.25,17.45,8.02,1.9,0.12
94,1993,15230,15230,62.84,9.46,2.53,17.2,8.6,1.84,0.13
94,1994,14920,14920,63.24,9.05,3.08,16.86,8.21,1.78,0.1
94,1995,14435,14435,63.87,8.83,3.19,16.49,8.38,1.84,0.0
94,1996,13420,13420,63.34,8.01,3.2,17.77,8.76,1.9,0.04
94,1997,12920,12920,62.38,7.89,3.72,17.96,9.25,1.66,0.04
94,1998,12970,12970,59.87,8.1,4.12,18.16,10.99,2.24,0.08
94,1999,13415,13415,57.51,7.9,4.85,18.26,12.71,2.27,0.07
94,2000,13890,13890,56.66,7.74,4.97,18.86,12.81,2.59,0.11
94,2001,13720,13720,53.32,7.29,5.98,20.12,14.94,3.02,0.11
94,2002,13680,13680,49.38,7.16,6.65,21.31,17.47,3.14,0.07
94,2003,13660,13660,47.44,7.5,6.99,22.07,18.16,3.22,0.07
94,2004,13555,13555,45.33,5.94,7.3,23.94,20.18,3.69,0.11
94,2005,13760,13760,43.46,5.74,8.65,23.98,21.08,3.96,0.25
94,2006,14380,14380,41.93,5.29,9.49,24.17,22.64,3.79,0.1
94,2007,14035,14035,39.72,5.09,9.98,23.8,24.8,3.95,0.29
94,2008,13700,13700,39.67,4.67,10.69,24.01,25.15,4.2,0.22
94,2009,14305,14305,37.61,4.86,11.11,23.98,26.46,4.26,0.28
94,2010,15050,15045,36.26,4.65,10.47,24.46,28.38,4.55,0.33
94,2011,14700,14700,35.07,4.18,10.51,24.97,30.1,4.83,0.31
94,2012,15330,15330,33.86,3.91,11.19,24.36,31.57,4.86,0.33
94,2013,15055,15055,33.58,3.79,11.52,23.71,33.01,5.31,0.23
94,2014,15555,15555,32.56,4.02,11.51,24.14,33.27,4.92,0.39
94,2015,14845,14845,31.49,3.57,11.35,24.79,34.39,5.22,0.34
94,2016,14530,14530,29.22,3.37,11.91,24.19,37.27,5.88,0.45
94,2017,15025,15025,28.95,3.13,12.21,24.49,37.34,6.32,0.23
94,2018,14275,14270,27.37,3.22,12.75,24.28,38.16,7.43,0.39
94,2019,14355,14355,26.54,3.03,13.69,24.63,38.0,7.18,0.35
94,2020,13935,13930,25.45,2.91,14.57,24.37,38.87,7.39,0.39
94,2021,13670,13670,24.95,3.18,14.34,24.69,38.44,7.24,0.59
94,2022,13525,13515,23.42,2.63,14.76,25.23,39.36,7.66,0.44
94,2023,12565,12545,23.2,2.55,13.55,23.91,41.13,8.93,0.52
94,2024,12645,12615,22.16,2.42,13.67,23.82,42.49,9.27,0.44
95,1968,10015,10015,91.36,0.85,0.4,2.25,5.54,0.8,0.0
95,1969,10295,10295,90.92,1.31,0.39,2.48,5.1,1.21,0.0
95,1970,10655,10655,90.05,1.36,0.56,3.24,5.11,0.84,0.0
95,1971,11520,11520,88.93,1.87,0.78,3.95,4.82,0.52,0.0
95,1972,11280,11280,86.79,2.7,0.84,4.92,5.1,1.02,0.0
95,1973,11240,11240,85.45,2.94,0.85,5.92,5.03,0.98,0.0
95,1974,10265,10265,83.93,3.36,0.97,6.62,5.36,0.97,0.0
95,1975,10075,10075,82.28,4.17,0.79,6.95,6.15,0.99,0.0
95,1976,9675,9675,81.4,5.01,0.57,6.72,6.46,1.14,0.0
95,1977,10315,10315,80.13,5.91,0.68,7.13,6.45,1.07,0.0
95,1978,10275,10275,76.16,6.72,0.73,9.34,7.35,1.27,0.0
95,1979,10450,10450,77.46,6.7,0.77,8.47,6.94,1.29,0.0
95,1980,11765,11765,75.65,7.01,1.1,9.48,7.01,1.57,0.0
95,1981,11935,11935,74.99,7.37,0.84,9.72,7.25,1.55,0.0
95,1982,12315,12315,73.77,7.31,0.89,10.76,7.47,1.34,0.12
95,1983,11425,11425,72.04,8.4,0.79,11.33,7.48,1.79,0.04
95,1984,12130,12130,69.41,8.74,0.82,13.07,8.33,1.94,0.0
95,1985,12490,12490,69.7,8.13,0.84,14.05,7.65,1.76,0.0
95,1986,13115,13115,69.08,8.01,1.14,14.56,7.4,2.06,0.04
95,1987,13170,13170,67.77,9.19,1.29,14.77,7.14,1.9,0.04
95,1988,13460,13460,65.68,10.1,1.37,15.53,7.43,1.82,0.07
95,1989,13645,13645,65.52,10.3,1.5,15.72,7.22,1.83,0.04
95,1990,13675,13675,63.8,10.35,1.97,16.6,7.57,1.97,0.04
95,1991,13735,13735,63.82,9.5,2.04,16.85,8.19,1.97,0.04
95,1992,13455,13455,61.72,9.85,2.42,17.69,8.77,1.9,0.07
95,1993,12995,12995,61.99,9.81,2.77,17.55,8.54,1.77,0.04
95,1994,12690,12690,61.58,9.38,3.27,17.53,9.06,1.62,0.04
95,1995,13120,13120,60.86,8.57,3.66,17.61,9.95,2.1,0.08
95,1996,12595,12595,61.81,8.57,3.89,16.83,10.0,1.71,0.04
95,1997,12735,12735,59.6,7.73,4.24,18.1,11.46,1.96,0.08
95,1998,12555,12555,59.66,7.85,4.38,17.2,11.75,1.75,0.0
95,1999,12820,12820,56.79,7.76,4.99,18.45,13.22,2.26,0.0
95,2000,13815,13815,54.58,8.11,4.92,18.46,15.42,2.71,0.04
95,2001,13630,13630,50.99,7.48,6.42,20.51,16.65,2.93,0.07
95,2002,13715,13715,47.87,7.51,6.53,20.42,19.54,3.35,0.15
95,2003,14340,14340,44.0,7.08,8.02,21.41,21.65,3.52,0.07
95,2004,14365,14365,42.74,6.06,8.18,22.62,22.8,3.59,0.21
95,2005,14395,14395,39.32,6.01,9.14,22.99,25.39,3.65,0.24
95,2006,15040,15040,38.73,5.39,9.31,23.27,26.3,3.79,0.2
95,2007,14790,14790,36.82,5.07,10.41,23.29,27.92,4.12,0.2
95,2008,14840,14840,35.01,4.68,10.75,23.96,29.65,3.67,0.34
95,2009,14380,14380,33.24,4.55,11.06,23.12,32.13,4.73,0.35
95,2010,14450,14450,32.25,4.74,10.76,23.25,33.81,4.5,0.14
95,2011,14240,14240,30.02,4.14,11.2,23.88,35.32,4.81,0.35
95,2012,14065,14065,30.57,3.55,12.05,22.86,36.22,4.83,0.36
95,2013,14095,14095,28.91,3.87,11.71,24.58,36.75,4.86,0.35
95,2014,14160,14155,28.22,3.57,11.59,23.42,39.42,5.4,0.39
95,2015,14160,14160,28.04,3.39,12.46,22.21,39.8,5.44,0.39
95,2016,13680,13680,27.52,2.89,12.32,22.7,40.83,5.56,0.4
95,2017,14065,14065,25.35,2.99,13.22,23.6,40.99,5.94,0.28
95,2018,14000,14000,25.64,2.68,13.75,23.39,40.36,5.89,0.36
95,2019,13970,13965,24.35,2.76,14.29,23.24,41.28,6.55,0.43
95,2020,13260,13260,22.66,2.9,14.93,24.17,42.12,6.49,0.57
95,2021,13745,13745,22.81,2.69,15.21,23.68,41.58,7.2,0.47
95,2022,13515,13510,21.43,2.44,15.32,23.65,42.86,7.74,0.37
95,2023,12555,12530,19.99,2.39,14.49,23.3,45.61,7.94,0.68
95,2024,12080,12050,19.75,2.16,14.61,22.99,46.22,7.68,0.46
971,1900,2660,2660,96.62,0.19,0.38,2.26,0.56,0.0,0.0
971,1901,3040,3040,95.72,0.0,0.82,2.96,0.49,0.0,0.0
971,1902,2975,2970,96.63,0.0,1.18,1.85,0.34,0.0,0.0
971,1903,3250,3230,97.21,0.0,1.24,1.24,0.31,0.0,0.0
971,1904,3150,3135,96.65,0.0,0.48,2.71,0.32,0.0,0.0
971,1905,3390,3385,97.49,0.15,0.74,1.62,0.0,0.0,0.0
971,1906,3375,3370,96.29,0.0,1.34,2.23,0.15,0.0,0.0
971,1907,3235,3230,97.83,0.0,0.93,1.24,0.0,0.0,0.0
971,1908,3450,3440,96.08,0.15,2.03,1.31,0.29,0.0,0.15
971,1909,3030,3030,95.87,0.33,1.65,1.65,0.33,0.0,0.17
971,1910,3325,3315,97.74,0.0,1.06,0.9,0.3,0.0,0.0
971,1911,3620,3610,96.26,0.14,1.8,1.52,0.14,0.0,0.14
971,1912,3325,3325,96.24,0.15,0.9,2.26,0.45,0.0,0.0
971,1913,3455,3450,96.38,0.14,1.59,1.59,0.14,0.0,0.14
971,1914,3830,3830,96.48,0.0,1.17,2.09,0.26,0.0,0.0
971,1915,3425,3420,97.22,0.15,1.32,1.02,0.29,0.0,0.0
971,1916,2995,2990,95.32,0.17,2.17,1.84,0.67,0.0,0.0
971,1917,3425,3425,97.23,0.0,0.73,1.61,0.44,0.0,0.0
971,1918,3610,3605,96.12,0.0,1.39,1.66,0.55,0.0,0.28
971,1919,3330,3330,96.55,0.0,1.35,1.95,0.15,0.0,0.0
971,1920,3730,3725,96.51,0.13,0.81,2.01,0.54,0.0,0.13
971,1921,3855,3850,97.14,0.13,0.78,1.3,0.39,0.0,0.26
971,1922,3795,3795,95.92,0.0,1.71,1.58,0.66,0.0,0.13
971,1923,4015,4010,96.26,0.0,1.37,1.87,0.37,0.0,0.12
971,1924,4060,4060,95.81,0.0,2.22,0.99,0.74,0.0,0.25
971,1925,4545,4535,97.57,0.0,1.21,1.1,0.11,0.0,0.11
971,1926,4185,4185,96.18,0.12,1.79,1.43,0.36,0.0,0.12
971,1927,4235,4235,96.46,0.12,1.3,1.42,0.47,0.0,0.24
971,1928,4400,4400,96.25,0.11,1.82,1.48,0.34,0.0,0.0
971,1929,3485,3480,96.41,0.0,1.58,1.15,0.72,0.0,0.14
971,1930,4130,4120,96.36,0.0,1.7,1.33,0.49,0.0,0.24
971,1931,3925,3920,96.81,0.0,2.04,0.89,0.26,0.0,0.0
971,1932,4060,4050,97.04,0.0,1.98,0.86,0.25,0.0,0.0
971,1933,3885,3880,96.39,0.0,1.93,1.29,0.26,0.0,0.13
971,1934,4230,4220,96.68,0.0,1.54,1.07,0.59,0.0,0.24
971,1935,4465,4445,96.29,0.0,1.8,1.35,0.34,0.0,0.22
971,1936,4150,4145,96.02,0.24,1.69,1.33,0.72,0.0,0.12
971,1937,4320,4310,95.94,0.0,1.74,1.62,0.58,0.0,0.12
971,1938,4090,4090,96.21,0.24,1.71,1.22,0.61,0.0,0.12
971,1939,4605,4595,95.43,0.0,1.74,2.29,0.54,0.0,0.11
971,1940,4745,4730,95.67,0.21,1.16,2.33,0.63,0.0,0.11
971,1941,4615,4610,95.44,0.22,1.52,2.49,0.65,0.0,0.0
971,1942,4910,4910,95.32,0.31,1.43,2.24,0.71,0.0,0.2
971,1943,4360,4360,94.84,0.23,1.61,2.98,0.57,0.0,0.11
971,1944,5210,5205,94.91,0.29,1.34,2.98,0.67,0.0,0.1
971,1945,5780,5770,94.63,0.26,2.08,2.6,0.35,0.0,0.17
971,1946,5510,5495,93.81,0.55,1.73,3.64,0.45,0.0,0.09
971,1947,5940,5925,93.33,0.51,2.62,2.87,0.84,0.0,0.25
971,1948,6345,6330,94.47,0.47,1.97,2.61,0.39,0.0,0.08
971,1949,7000,6990,92.27,0.5,2.43,4.08,0.72,0.0,0.21
971,1950,6835,6825,93.04,0.44,2.27,3.74,0.73,0.0,0.15
971,1951,7140,7130,92.78,0.56,2.38,3.93,0.42,0.0,0.14
971,1952,7240,7205,93.2,0.62,1.94,3.82,0.69,0.0,0.0
971,1953,7405,7400,92.03,0.74,2.3,4.39,0.81,0.0,0.0
971,1954,7565,7560,92.13,0.73,2.38,4.37,0.66,0.0,0.0
971,1955,8115,8110,91.99,0.55,2.96,4.13,0.55,0.0,0.0
971,1956,8470,8450,91.24,0.77,3.02,4.73,0.59,0.0,0.0
971,1957,8235,8225,91.06,0.79,3.1,4.32,0.91,0.0,0.0
971,1958,8860,8860,90.8,0.73,2.82,5.02,0.79,0.0,0.06
971,1959,8580,8575,90.5,0.82,2.8,5.36,0.82,0.0,0.06
971,1960,9300,9290,89.72,0.86,3.18,5.65,0.81,0.0,0.05
971,1961,8835,8835,89.08,1.13,3.0,6.28,1.02,0.0,0.06
971,1962,9745,9745,88.56,1.18,3.44,6.11,1.23,0.0,0.0
971,1963,9505,9505,88.64,1.53,3.05,6.26,1.21,0.0,0.0
971,1964,9290,9285,87.88,1.51,2.96,7.11,1.08,0.0,0.05
971,1965,9510,9510,87.54,1.37,2.89,7.2,1.58,0.0,0.0
971,1966,9630,9630,85.93,2.23,3.06,7.84,1.25,0.05,0.05
971,1967,9025,9020,84.53,2.55,2.88,9.04,1.33,0.0,0.06
971,1968,9390,9390,82.37,2.72,3.78,10.44,1.38,0.0,0.0
971,1969,8490,8485,81.2,3.36,3.59,11.2,1.0,0.0,0.06
971,1970,8235,8230,81.23,3.52,3.4,11.18,1.15,0.06,0.0
971,1971,8915,8905,78.72,3.65,3.54,13.31,1.35,0.0,0.06
971,1972,8685,8685,78.18,4.03,2.65,14.34,1.32,0.0,0.06
971,1973,8195,8190,75.09,5.37,3.3,15.75,1.22,0.0,0.0
971,1974,7730,7730,75.49,4.46,3.1,16.36,1.16,0.0,0.0
971,1975,7090,7090,74.89,4.23,2.96,17.28,1.48,0.0,0.0
971,1976,5975,5975,74.06,4.6,2.09,18.58,1.59,0.0,0.0
971,1977,5355,5350,72.34,5.42,2.62,19.07,1.31,0.0,0.0
971,1978,4735,4735,71.59,4.54,2.85,20.38,1.37,0.11,0.0
971,1979,4820,4820,67.95,5.29,2.28,23.86,1.45,0.0,0.0
971,1980,5315,5315,68.58,4.99,2.45,23.33,1.32,0.09,0.0
971,1981,5345,5345,64.45,6.45,2.62,25.63,1.5,0.19,0.0
971,1982,5355,5355,61.81,5.98,2.43,28.1,2.33,0.37,0.0
971,1983,5430,5430,59.76,7.37,2.67,28.45,2.21,0.55,0.0
971,1984,5225,5225,57.51,8.42,3.25,28.9,2.11,0.48,0.19
971,1985,5170,5170,55.13,9.77,2.8,29.98,2.71,0.68,0.0
971,1986,4830,4830,52.69,9.32,3.93,31.99,2.48,0.83,0.0
971,1987,5190,5190,50.96,9.54,5.01,31.41,3.66,1.16,0.0
971,1988,5365,5365,50.7,10.16,4.94,31.5,3.26,0.84,0.0
971,1989,5740,5740,49.74,9.76,4.97,32.58,3.57,0.96,0.0
971,1990,5585,5585,49.33,9.49,5.64,32.23,3.67,1.34,0.0
971,1991,5485,5485,45.94,9.48,7.2,34.46,3.46,1.19,0.0
971,1992,5160,5160,45.64,9.4,7.36,35.08,3.2,0.68,0.0
971,1993,4785,4775,44.5,9.95,8.38,34.03,3.46,1.26,0.0
971,1994,4980,4970,46.68,9.86,9.36,30.99,3.62,1.01,0.1
971,1995,4785,4785,44.1,9.3,8.15,35.32,3.34,0.94,0.21
971,1996,4740,4740,43.67,9.49,8.97,33.65,4.85,1.27,0.0
971,1997,5070,5070,42.01,8.19,10.95,34.71,4.83,1.08,0.1
971,1998,4695,4675,41.6,7.81,10.48,36.47,3.85,0.75,0.11
971,1999,4620,4620,42.1,8.87,11.26,33.12,4.98,1.19,0.11
971,2000,4750,4750,42.32,7.16,11.79,34.21,5.05,0.95,0.11
971,2001,4675,4670,41.54,7.6,11.03,34.48,5.78,1.28,0.21
971,2002,4125,4120,39.08,7.65,14.08,34.83,5.22,1.21,0.0
971,2003,3935,3935,37.74,6.86,13.47,36.98,6.61,1.14,0.0
971,2004,3825,3815,39.19,6.03,14.02,35.26,6.82,1.31,0.0
971,2005,3835,3835,36.77,6.65,15.65,34.55,8.08,1.04,0.13
971,2006,3680,3665,35.06,6.55,13.92,35.61,10.23,2.18,0.27
971,2007,3460,3455,34.88,6.22,17.22,34.44,9.41,1.74,0.72
971,2008,2895,2890,32.35,5.54,19.2,35.99,10.55,1.04,0.17
971,2009,2715,2715,32.97,5.71,20.26,31.86,12.52,1.47,0.18
971,2010,2500,2495,30.66,5.01,20.04,35.67,13.43,1.8,0.4
971,2011,2055,2055,31.87,4.62,20.19,35.77,15.09,0.97,0.0
971,2012,2120,2120,28.77,5.19,22.88,34.91,14.62,0.94,0.24
971,2013,1995,1990,28.39,4.27,23.37,35.68,15.83,2.01,0.25
971,2014,1875,1870,32.35,5.35,21.66,33.69,13.64,1.6,0.27
971,2015,1750,1750,28.86,4.86,25.14,32.0,14.57,2.0,0.57
971,2016,1805,1805,25.21,4.43,27.15,34.07,16.34,1.94,0.28
971,2017,1410,1410,28.01,2.84,24.82,33.69,15.6,1.77,0.71
971,2018,1510,1505,25.91,3.65,29.57,31.23,19.6,1.33,1.0
971,2019,1500,1500,23.0,3.67,30.67,33.0,18.67,2.33,0.0
971,2020,1530,1520,22.04,3.95,36.18,26.97,18.42,2.63,0.33
971,2021,1505,1500,20.0,4.0,33.0,30.67,20.67,4.33,1.0
971,2022,1325,1320,19.7,2.65,30.68,32.58,23.11,2.27,0.76
971,2023,1250,1250,20.8,2.0,36.8,26.8,24.4,3.2,0.8
971,2024,1065,1065,15.49,2.35,37.56,27.7,28.64,4.69,0.0
972,1900,3945,3940,97.72,0.0,1.02,0.89,0.38,0.0,0.13
972,1901,4095,4090,97.07,0.0,1.34,1.22,0.37,0.0,0.12
972,1902,3880,3870,97.29,0.13,1.03,1.29,0.39,0.0,0.0
972,1903,3710,3700,97.57,0.0,1.35,1.08,0.14,0.0,0.0
972,1904,3800,3785,97.62,0.0,0.66,1.45,0.26,0.0,0.0
972,1905,3970,3960,97.1,0.0,1.26,1.39,0.25,0.0,0.0
972,1906,4070,4070,97.67,0.0,0.98,1.35,0.0,0.0,0.0
972,1907,4025,4025,97.64,0.0,1.12,0.87,0.37,0.0,0.0
972,1908,4170,4170,96.76,0.0,0.96,2.04,0.36,0.0,0.0
972,1909,4025,4015,96.51,0.12,1.0,1.87,0.25,0.0,0.25
972,1910,4185,4185,96.77,0.0,1.08,1.67,0.36,0.0,0.12
972,1911,4405,4405,95.8,0.11,1.82,1.82,0.57,0.0,0.0
972,1912,4335,4330,95.84,0.0,1.62,2.08,0.58,0.0,0.0
972,1913,4270,4265,97.42,0.12,0.59,1.52,0.35,0.0,0.0
972,1914,4515,4500,96.56,0.0,1.56,1.44,0.44,0.0,0.11
972,1915,4345,4345,97.24,0.0,0.69,1.61,0.46,0.0,0.0
972,1916,3565,3565,96.21,0.0,1.26,1.82,0.42,0.0,0.28
972,1917,4000,3995,96.87,0.0,1.0,1.5,0.63,0.0,0.0
972,1918,4010,4005,96.88,0.0,1.25,1.37,0.37,0.0,0.12
972,1919,3825,3825,97.12,0.0,0.78,1.83,0.26,0.0,0.0
972,1920,4510,4510,96.34,0.0,1.44,1.44,0.67,0.0,0.22
972,1921,4340,4330,97.0,0.12,0.92,1.62,0.35,0.0,0.0
972,1922,4235,4235,96.93,0.12,1.53,1.18,0.35,0.0,0.0
972,1923,4195,4185,95.82,0.0,1.67,2.15,0.24,0.0,0.12
972,1924,4790,4790,96.03,0.1,2.09,1.15,0.52,0.0,0.1
972,1925,5030,5030,97.12,0.0,1.09,1.39,0.3,0.0,0.1
972,1926,4795,4785,96.55,0.1,1.25,1.15,0.84,0.0,0.21
972,1927,4745,4740,95.99,0.0,2.11,1.16,0.42,0.0,0.32
972,1928,4895,4895,97.34,0.1,1.12,1.02,0.41,0.0,0.1
972,1929,4815,4815,96.88,0.1,0.93,1.35,0.52,0.0,0.21
972,1930,5120,5115,97.07,0.1,1.37,0.88,0.29,0.0,0.29
972,1931,4745,4740,95.89,0.0,2.11,1.16,0.53,0.0,0.32
972,1932,4645,4645,96.66,0.11,1.61,1.08,0.54,0.0,0.11
972,1933,4980,4980,96.89,0.0,1.1,1.1,0.9,0.0,0.1
972,1934,5035,5035,97.02,0.1,1.39,0.99,0.4,0.0,0.2
972,1935,5410,5400,97.59,0.09,0.83,1.2,0.28,0.0,0.09
972,1936,5350,5350,97.2,0.0,1.4,1.03,0.37,0.0,0.09
972,1937,5095,5090,97.05,0.1,0.98,1.38,0.29,0.0,0.29
972,1938,5135,5135,96.3,0.1,1.36,1.75,0.39,0.0,0.1
972,1939,5340,5330,96.72,0.09,1.31,1.22,0.38,0.0,0.28
972,1940,5195,5195,97.4,0.1,0.67,1.44,0.38,0.0,0.0
972,1941,5180,5175,97.78,0.1,0.48,1.06,0.29,0.0,0.29
972,1942,5315,5305,96.98,0.09,0.75,1.89,0.19,0.0,0.09
972,1943,5115,5100,97.06,0.1,1.08,1.27,0.49,0.0,0.1
972,1944,5645,5630,97.51,0.0,0.8,1.51,0.18,0.0,0.09
972,1945,6460,6455,96.9,0.15,0.7,1.86,0.39,0.0,0.08
972,1946,6295,6295,97.22,0.16,0.64,1.59,0.32,0.0,0.08
972,1947,6510,6485,97.3,0.15,0.93,1.39,0.23,0.0,0.08
972,1948,6795,6785,96.76,0.22,1.25,1.47,0.37,0.0,0.15
972,1949,7275,7260,96.56,0.34,0.76,1.93,0.41,0.0,0.07
972,1950,7755,7745,97.55,0.39,0.58,1.29,0.26,0.0,0.0
972,1951,7920,7910,95.89,0.76,0.63,2.53,0.25,0.0,0.0
972,1952,7815,7805,96.6,0.77,0.38,1.99,0.38,0.0,0.0
972,1953,8485,8480,95.28,0.71,0.94,2.83,0.29,0.0,0.0
972,1954,8660,8650,96.18,0.75,0.75,2.2,0.17,0.0,0.0
972,1955,8850,8840,95.59,0.9,0.45,2.88,0.28,0.0,0.0
972,1956,9240,9240,95.24,0.92,0.6,3.08,0.16,0.0,0.0
972,1957,9715,9715,94.08,0.98,0.98,3.81,0.21,0.0,0.0
972,1958,9435,9430,94.91,0.74,0.9,3.23,0.21,0.0,0.0
972,1959,9500,9500,93.84,1.0,0.95,3.95,0.37,0.0,0.0
972,1960,9655,9640,91.91,1.3,1.24,5.5,0.21,0.0,0.0
972,1961,9615,9610,92.51,1.04,1.09,5.15,0.42,0.0,0.0
972,1962,9755,9755,91.95,1.23,0.97,5.54,0.46,0.05,0.0
972,1963,9415,9405,91.65,1.22,1.12,5.85,0.48,0.0,0.0
972,1964,9385,9385,91.8,1.39,1.07,5.59,0.43,0.0,0.0
972,1965,9915,9895,90.35,1.62,1.41,6.27,0.61,0.0,0.0
972,1966,9185,9175,89.48,2.02,1.47,6.7,0.6,0.0,0.0
972,1967,8940,8930,88.69,2.18,1.62,7.17,0.62,0.0,0.0
972,1968,8975,8970,88.02,2.29,1.67,7.75,0.56,0.0,0.0
972,1969,8025,8020,86.1,2.43,2.12,8.79,1.06,0.0,0.0
972,1970,8405,8400,85.12,2.62,2.32,9.52,0.83,0.06,0.0
972,1971,8350,8350,84.85,2.99,1.68,10.06,0.96,0.0,0.0
972,1972,7845,7845,82.28,3.12,2.36,11.47,1.4,0.0,0.0
972,1973,6905,6905,81.17,4.34,2.1,11.95,1.01,0.0,0.0
972,1974,6590,6585,80.41,3.95,1.75,13.06,1.29,0.0,0.0
972,1975,5985,5980,79.1,3.85,2.42,13.8,1.67,0.0,0.0
972,1976,5070,5070,79.68,3.75,2.17,13.51,1.48,0.0,0.0
972,1977,4635,4635,78.96,3.24,1.83,14.99,1.94,0.0,0.0
972,1978,4290,4290,75.17,3.73,1.63,18.88,1.28,0.0,0.0
972,1979,4535,4535,73.43,4.19,1.21,20.51,1.21,0.0,0.0
972,1980,4505,4505,71.81,4.44,2.0,21.2,1.22,0.11,0.0
972,1981,4635,4635,70.12,5.83,2.16,21.36,1.29,0.0,0.0
972,1982,4455,4455,68.69,5.72,1.68,23.23,1.12,0.0,0.0
972,1983,4730,4730,66.38,7.19,1.8,23.78,1.69,0.11,0.0
972,1984,4630,4620,62.77,8.98,3.25,23.59,2.16,0.11,0.0
972,1985,4565,4565,60.02,10.08,2.19,26.4,1.75,0.44,0.0
972,1986,4770,4770,59.12,10.48,2.94,26.21,1.89,0.21,0.0
972,1987,5045,5045,56.89,9.81,3.57,28.44,1.78,0.2,0.0
972,1988,5000,5000,54.7,10.8,4.2,28.9,1.6,0.4,0.0
972,1989,5075,5075,54.09,11.53,4.53,27.78,2.56,0.59,0.0
972,1990,5015,5015,54.24,10.17,4.29,30.01,1.89,0.4,0.0
972,1991,5110,5100,52.16,11.27,5.29,29.12,2.55,0.78,0.1
972,1992,4890,4890,51.64,11.35,5.52,29.86,2.04,0.31,0.1
972,1993,4405,4405,50.06,11.01,6.47,30.42,2.5,0.68,0.0
972,1994,4235,4235,51.59,10.74,5.79,30.34,2.13,0.35,0.0
972,1995,4180,4180,51.79,9.81,7.3,29.19,2.51,0.36,0.12
972,1996,3965,3965,47.92,10.84,7.06,32.16,3.15,0.38,0.0
972,1997,3990,3990,48.25,9.27,8.15,32.21,2.76,0.38,0.0
972,1998,4045,4045,49.32,8.9,8.03,31.03,4.2,0.49,0.0
972,1999,3960,3960,46.34,8.46,9.6,32.2,4.55,0.63,0.13
972,2000,4140,4140,48.19,8.09,9.54,30.19,4.59,0.97,0.12
972,2001,4000,4000,46.88,7.25,10.88,31.0,5.0,0.75,0.12
972,2002,3470,3470,42.07,8.93,13.4,30.55,7.06,1.01,0.0
972,2003,3430,3430,43.29,6.85,14.72,30.32,6.56,0.73,0.0
972,2004,3265,3260,42.94,7.21,13.65,31.13,6.44,1.23,0.15
972,2005,3130,3130,39.78,6.23,15.02,33.39,8.79,1.44,0.0
972,2006,3045,3045,39.74,6.57,15.44,30.87,9.03,1.64,0.0
972,2007,2995,2995,37.56,6.34,18.36,30.88,9.02,1.5,0.33
972,2008,2850,2840,36.09,5.81,17.96,33.27,8.98,1.94,0.35
972,2009,2715,2715,32.6,4.6,20.26,32.23,13.81,1.66,0.18
972,2010,2325,2325,34.62,3.87,20.0,34.41,12.26,1.29,0.22
972,2011,2000,2000,30.5,5.75,24.5,31.5,14.0,2.5,0.0
972,2012,2105,2105,30.88,5.7,23.75,30.88,14.49,2.38,0.24
972,2013,1845,1840,32.88,4.08,21.47,32.07,15.22,1.36,0.54
972,2014,1905,1905,29.4,5.51,23.1,31.76,17.85,2.36,0.26
972,2015,1670,1670,30.24,4.19,25.45,31.44,12.87,3.59,0.6
972,2016,1630,1625,27.38,4.62,27.38,32.92,16.92,2.15,0.0
972,2017,1485,1485,29.63,5.05,29.29,29.97,13.47,2.69,0.0
972,2018,1555,1550,23.23,3.87,28.39,35.81,17.42,3.55,0.32
972,2019,1575,1575,25.08,2.86,33.02,28.89,17.78,3.49,0.95
972,2020,1290,1285,24.12,3.11,27.24,33.85,21.4,1.95,0.39
972,2021,1410,1400,26.07,2.86,32.5,27.5,21.07,3.57,0.36
972,2022,1295,1285,21.4,2.72,33.46,29.96,23.74,3.89,0.39
972,2023,1255,1250,19.2,3.6,37.2,27.6,23.2,2.4,0.0
972,2024,945,945,22.75,2.65,33.33,27.51,22.22,2.65,0.53
973,1900,255,250,100.0,0.0,0.0,0.0,0.0,0.0,0.0
973,1901,235,235,100.0,0.0,0.0,0.0,0.0,0.0,0.0
973,1902,245,245,97.96,0.0,0.0,2.04,0.0,0.0,0.0
973,1903,285,285,100.0,0.0,0.0,0.0,0.0,0.0,0.0
973,1904,300,300,100.0,0.0,0.0,0.0,0.0,0.0,0.0
973,1905,285,285,100.0,0.0,0.0,0.0,0.0,0.0,0.0
973,1906,335,335,98.51,0.0,1.49,0.0,0.0,0.0,0.0
973,1907,280,280,100.0,0.0,0.0,0.0,0.0,0.0,0.0
973,1908,305,305,98.36,0.0,0.0,1.64,0.0,0.0,0.0
973,1909,360,350,100.0,0.0,0.0,0.0,0.0,0.0,0.0
973,1910,285,285,98.25,0.0,1.75,0.0,0.0,0.0,0.0
973,1911,290,290,100.0,0.0,0.0,0.0,0.0,0.0,0.0
973,1912,310,310,100.0,0.0,0.0,0.0,0.0,0.0,0.0
973,1913,340,340,100.0,0.0,0.0,0.0,0.0,0.0,0.0
973,1914,405,405,100.0,0.0,0.0,0.0,0.0,0.0,0.0
973,1915,285,285,100.0,0.0,0.0,0.0,0.0,0.0,0.0
973,1916,315,315,96.83,0.0,1.59,1.59,1.59,0.0,0.0
973,1917,320,320,98.44,0.0,0.0,1.56,0.0,0.0,0.0
973,1918,290,290,100.0,0.0,0.0,0.0,0.0,0.0,0.0
973,1919,330,330,98.48,0.0,0.0,1.52,0.0,0.0,0.0
973,1920,295,295,98.31,0.0,0.0,0.0,1.69,0.0,0.0
973,1921,315,315,98.41,0.0,0.0,0.0,1.59,0.0,0.0
973,1922,310,310,100.0,0.0,0.0,0.0,0.0,0.0,0.0
973,1923,280,280,100.0,0.0,0.0,0.0,0.0,0.0,0.0
973,1924,275,275,100.0,0.0,0.0,0.0,0.0,0.0,0.0
973,1925,290,290,100.0,0.0,0.0,0.0,0.0,0.0,0.0
973,1926,265,265,96.23,0.0,1.89,1.89,0.0,0.0,0.0
973,1927,250,250,98.0,0.0,0.0,2.0,0.0,0.0,0.0
973,1928,255,255,98.04,0.0,0.0,1.96,0.0,0.0,0.0
973,1929,245,245,95.92,0.0,0.0,4.08,0.0,0.0,0.0
973,1930,250,250,100.0,0.0,0.0,0.0,0.0,0.0,0.0
973,1931,270,270,100.0,0.0,0.0,0.0,0.0,0.0,0.0
973,1932,240,240,100.0,0.0,0.0,0.0,0.0,0.0,0.0
973,1933,235,235,97.87,2.13,0.0,0.0,0.0,0.0,0.0
973,1934,250,250,94.0,2.0,0.0,4.0,0.0,0.0,0.0
973,1935,225,225,100.0,0.0,0.0,0.0,0.0,0.0,0.0
973,1936,270,270,98.15,0.0,0.0,1.85,0.0,0.0,0.0
973,1937,240,240,100.0,0.0,0.0,0.0,0.0,0.0,0.0
973,1938,265,265,100.0,0.0,0.0,0.0,0.0,0.0,0.0
973,1939,245,245,100.0,0.0,0.0,0.0,0.0,0.0,0.0
973,1940,310,310,98.39,0.0,0.0,1.61,0.0,0.0,0.0
973,1941,255,255,100.0,0.0,0.0,0.0,0.0,0.0,0.0
973,1942,300,300,98.33,0.0,0.0,1.67,0.0,0.0,0.0
973,1943,275,275,100.0,0.0,0.0,0.0,0.0,0.0,0.0
973,1944,315,315,100.0,0.0,0.0,0.0,0.0,0.0,0.0
973,1945,395,395,100.0,0.0,0.0,0.0,0.0,0.0,0.0
973,1946,375,375,100.0,0.0,0.0,0.0,0.0,0.0,0.0
973,1947,335,335,100.0,0.0,0.0,0.0,0.0,0.0,0.0
973,1948,365,365,100.0,0.0,0.0,0.0,0.0,0.0,0.0
973,1949,500,500,99.0,0.0,0.0,1.0,0.0,0.0,0.0
973,1950,470,470,98.94,1.06,0.0,0.0,0.0,0.0,0.0
973,1951,545,545,98.17,1.83,0.0,0.0,0.0,0.0,0.0
973,1952,580,580,99.14,0.0,0.86,0.0,0.0,0.0,0.0
973,1953,555,555,97.3,1.8,0.0,0.9,0.9,0.0,0.0
973,1954,565,565,99.12,0.0,0.0,0.88,0.0,0.0,0.0
973,1955,610,610,98.36,1.64,0.0,0.0,0.0,0.0,0.0
973,1956,670,670,96.27,1.49,0.0,2.24,0.0,0.0,0.0
973,1957,650,650,97.69,0.77,0.77,0.77,0.0,0.0,0.0
973,1958,730,730,98.63,0.0,0.0,1.37,0.0,0.0,0.0
973,1959,790,790,97.47,0.63,0.0,1.9,0.0,0.0,0.0
973,1960,770,770,97.4,0.65,0.65,1.3,0.0,0.0,0.0
973,1961,800,800,96.88,1.88,0.0,1.25,0.62,0.0,0.0
973,1962,845,845,95.27,0.59,0.59,3.55,1.18,0.0,0.0
973,1963,845,845,93.49,2.96,0.59,2.96,0.59,0.0,0.0
973,1964,890,890,92.13,1.69,1.69,4.49,1.12,0.0,0.0
973,1965,885,885,92.09,1.69,1.69,4.52,1.13,0.0,0.0
973,1966,940,940,92.02,2.66,1.06,3.72,1.06,0.0,0.0
973,1967,950,950,89.47,3.68,2.11,4.74,1.05,0.0,0.0
973,1968,1025,1025,92.2,1.46,0.49,5.37,0.98,0.0,0.0
973,1969,1055,1055,88.63,4.27,0.95,5.69,0.95,0.47,0.0
973,1970,1145,1145,87.34,3.06,0.44,8.73,1.31,0.0,0.0
973,1971,1190,1190,86.55,2.94,0.0,10.5,0.42,0.0,0.0
973,1972,1240,1235,87.04,3.64,0.81,8.5,0.81,0.0,0.0
973,1973,1015,1015,87.19,2.96,0.99,8.37,1.48,0.0,0.0
973,1974,1085,1085,87.1,3.23,0.46,8.76,0.92,0.0,0.0
973,1975,1045,1045,81.34,4.31,0.48,12.92,1.44,0.0,0.0
973,1976,950,950,81.05,4.21,1.05,12.63,1.58,0.0,0.0
973,1977,945,945,85.19,3.17,0.53,11.11,0.53,0.0,0.0
973,1978,980,980,83.67,3.57,1.53,10.2,1.02,0.0,0.0
973,1979,1035,1035,79.71,3.38,1.45,14.98,1.45,0.0,0.0
973,1980,1140,1135,74.89,5.73,1.76,16.74,1.32,0.0,0.0
973,1981,1240,1230,74.8,5.69,0.81,17.48,1.63,0.0,0.0
973,1982,1335,1325,73.96,5.28,1.51,17.36,2.26,0.0,0.0
973,1983,1310,1310,70.23,6.11,1.91,20.61,1.53,0.0,0.38
973,1984,1285,1285,70.04,5.84,1.95,21.4,1.17,0.0,0.0
973,1985,1355,1355,67.16,8.49,2.58,20.66,2.21,0.0,0.0
973,1986,1350,1350,71.11,8.15,0.74,19.63,0.74,0.0,0.0
973,1987,1505,1505,68.44,6.98,1.33,22.59,0.66,0.0,0.33
973,1988,1580,1580,68.35,8.86,0.95,21.52,0.95,0.0,0.0
973,1989,1820,1820,67.86,7.42,1.92,22.25,0.82,0.0,0.0
973,1990,2060,2055,64.23,6.57,2.68,25.79,0.73,0.0,0.0
973,1991,2225,2225,65.62,7.42,1.12,25.17,0.67,0.0,0.0
973,1992,2235,2235,62.86,8.5,2.91,24.83,0.89,0.0,0.0
973,1993,2370,2365,61.1,8.03,2.54,26.85,1.69,0.21,0.0
973,1994,2325,2320,58.62,7.54,3.88,29.31,0.86,0.0,0.22
973,1995,2415,2415,61.08,7.87,2.69,26.92,1.24,0.21,0.41
973,1996,2285,2285,61.49,7.0,3.06,27.57,1.53,0.0,0.0
973,1997,2430,2425,59.18,7.42,3.51,26.39,4.12,0.21,0.0
973,1998,2410,2405,57.8,6.44,3.95,29.31,2.49,0.0,0.21
973,1999,2450,2450,54.69,8.37,4.9,29.39,3.06,0.2,0.0
973,2000,2720,2720,54.96,7.54,4.6,30.33,3.31,0.37,0.0
973,2001,2595,2595,54.14,7.32,5.39,31.02,2.5,0.19,0.0
973,2002,2570,2570,51.75,6.23,4.86,34.05,4.09,0.0,0.0
973,2003,2675,2665,48.97,6.0,6.19,36.02,2.63,0.56,0.0
973,2004,2525,2525,51.88,5.35,4.55,33.07,4.55,1.39,0.0
973,2005,2620,2610,46.93,5.36,9.2,33.91,5.36,0.19,0.38
973,2006,2640,2635,48.77,5.69,7.21,33.97,4.74,0.38,0.0
973,2007,2595,2595,47.4,5.97,7.51,34.49,5.59,0.96,0.19
973,2008,2290,2275,42.42,5.93,8.57,37.58,6.15,0.44,0.22
973,2009,2275,2250,44.89,4.44,10.67,35.33,6.44,0.67,0.0
973,2010,2045,2040,43.38,4.66,8.09,36.76,8.82,0.74,0.0
973,2011,1915,1910,42.93,6.02,9.16,35.34,8.64,1.31,0.26
973,2012,2145,2125,39.76,4.24,9.65,40.47,9.41,0.94,0.0
973,2013,2050,2045,39.36,4.65,10.51,35.7,12.96,2.44,0.24
973,2014,2145,2125,36.94,4.24,13.41,39.06,10.59,0.24,0.24
973,2015,2100,2080,37.26,3.61,11.3,40.38,10.1,0.96,0.0
973,2016,2290,2270,33.92,4.19,13.22,41.19,11.89,0.88,0.0
973,2017,2725,2700,36.67,4.26,12.78,38.52,10.74,1.3,0.19
973,2018,2715,2660,34.59,3.76,15.41,38.91,10.53,1.69,0.19
973,2019,2600,2570,30.54,2.92,16.93,39.49,13.81,0.97,0.58
973,2020,2690,2665,30.77,4.32,15.95,38.09,15.57,1.5,0.38
973,2021,2725,2695,28.94,3.53,21.34,36.36,15.21,1.48,0.19
973,2022,2595,2570,27.43,2.72,22.37,36.96,17.7,1.36,0.0
973,2023,2635,2590,24.52,2.51,22.59,35.71,21.24,1.93,0.39
973,2024,2370,2355,22.51,2.12,28.45,31.21,22.72,1.49,0.85
974,1900,4475,4465,96.53,0.0,1.01,2.13,0.34,0.0,0.0
974,1901,4180,4175,95.81,0.12,0.96,2.75,0.36,0.0,0.0
974,1902,4345,4340,97.24,0.12,0.35,2.19,0.12,0.0,0.0
974,1903,4615,4610,96.31,0.22,0.76,2.49,0.22,0.0,0.0
974,1904,4785,4775,96.96,0.1,0.21,2.51,0.21,0.0,0.0
974,1905,4435,4415,97.17,0.23,0.34,1.81,0.45,0.0,0.0
974,1906,4990,4985,96.29,0.2,0.8,2.41,0.3,0.0,0.0
974,1907,4855,4850,95.57,0.1,0.93,3.09,0.31,0.0,0.0
974,1908,5340,5335,95.78,0.19,0.84,3.09,0.09,0.0,0.0
974,1909,4965,4960,95.77,0.2,0.91,3.02,0.0,0.1,0.0
974,1910,5575,5575,95.61,0.27,1.08,2.78,0.09,0.18,0.0
974,1911,5860,5860,95.39,0.26,1.02,3.07,0.26,0.0,0.0
974,1912,5425,5420,96.22,0.28,0.83,2.21,0.46,0.0,0.0
974,1913,5465,5465,96.52,0.18,0.73,2.47,0.09,0.0,0.0
974,1914,5175,5170,97.0,0.19,0.39,2.32,0.19,0.0,0.0
974,1915,5700,5700,95.53,0.26,0.7,2.98,0.44,0.09,0.0
974,1916,5440,5440,95.04,0.28,0.92,3.31,0.46,0.09,0.0
974,1917,5495,5495,95.36,0.18,1.55,2.46,0.36,0.09,0.0
974,1918,5385,5385,96.38,0.19,0.84,2.32,0.28,0.0,0.0
974,1919,4835,4830,95.86,0.1,0.83,2.8,0.52,0.0,0.0
974,1920,5970,5965,95.39,0.34,1.26,2.77,0.42,0.0,0.0
974,1921,6015,6015,96.26,0.08,1.0,2.33,0.42,0.08,0.0
974,1922,5915,5910,95.09,0.42,1.1,2.96,0.34,0.08,0.0
974,1923,6640,6625,94.94,0.3,1.21,3.4,0.23,0.0,0.0
974,1924,6695,6695,95.74,0.22,1.12,2.69,0.3,0.07,0.0
974,1925,6685,6685,95.21,0.15,1.12,3.07,0.52,0.15,0.0
974,1926,6820,6815,95.6,0.15,1.25,2.79,0.22,0.0,0.0
974,1927,6595,6585,95.52,0.15,0.84,3.11,0.53,0.0,0.0
974,1928,6865,6860,95.04,0.22,1.46,2.7,0.66,0.07,0.0
974,1929,6515,6515,94.86,0.15,1.46,3.07,0.54,0.08,0.0
974,1930,7195,7195,94.58,0.21,1.53,3.54,0.28,0.0,0.0
974,1931,6885,6880,94.69,0.22,1.6,3.12,0.51,0.07,0.0
974,1932,6535,6530,94.33,0.08,1.68,3.22,0.84,0.08,0.0
974,1933,6865,6855,95.19,0.22,1.75,2.48,0.58,0.0,0.0
974,1934,7385,7380,94.51,0.14,1.49,3.52,0.41,0.14,0.0
974,1935,7790,7785,94.61,0.19,1.35,3.6,0.32,0.0,0.0
974,1936,8450,8445,94.14,0.18,1.95,3.61,0.41,0.0,0.0
974,1937,8465,8450,94.2,0.18,1.83,3.61,0.3,0.06,0.0
974,1938,8670,8670,93.77,0.17,2.19,3.58,0.35,0.0,0.0
974,1939,8435,8430,94.13,0.24,1.96,3.26,0.59,0.06,0.0
974,1940,8705,8690,94.36,0.17,2.01,3.28,0.35,0.12,0.0
974,1941,8205,8195,94.08,0.24,1.83,3.54,0.37,0.06,0.0
974,1942,8500,8490,93.93,0.12,2.12,3.47,0.53,0.06,0.0
974,1943,8165,8160,94.06,0.18,2.02,3.43,0.43,0.0,0.0
974,1944,8030,8020,94.7,0.06,1.68,3.24,0.44,0.0,0.0
974,1945,7605,7605,94.74,0.2,1.71,2.96,0.66,0.07,0.0
974,1946,8365,8365,94.98,0.18,1.85,2.57,0.54,0.0,0.0
974,1947,9665,9665,94.46,0.16,1.76,3.31,0.36,0.1,0.0
974,1948,9390,9385,94.89,0.27,1.6,2.82,0.48,0.05,0.0
974,1949,10200,10180,94.74,0.2,1.57,2.95,0.64,0.15,0.0
974,1950,11040,11035,94.93,0.27,1.63,2.81,0.41,0.09,0.0
974,1951,11145,11145,94.66,0.22,2.02,2.74,0.45,0.13,0.0
974,1952,12570,12570,94.87,0.32,1.75,2.63,0.52,0.12,0.0
974,1953,12860,12860,94.71,0.23,2.06,2.64,0.47,0.12,0.0
974,1954,12715,12710,94.93,0.2,1.77,2.71,0.39,0.08,0.0
974,1955,13140,13130,94.78,0.15,2.09,2.51,0.57,0.08,0.0
974,1956,13275,13270,94.24,0.3,2.26,2.68,0.6,0.11,0.0
974,1957,13570,13555,94.73,0.3,1.84,2.77,0.44,0.04,0.0
974,1958,13355,13355,94.83,0.22,2.1,2.47,0.41,0.07,0.0
974,1959,13500,13495,94.22,0.22,2.37,2.78,0.41,0.11,0.0
974,1960,13910,13905,94.57,0.32,2.16,2.52,0.5,0.04,0.0
974,1961,14235,14235,93.85,0.35,2.28,3.09,0.42,0.04,0.0
974,1962,14890,14885,93.58,0.4,2.35,3.22,0.54,0.03,0.0
974,1963,15505,15500,93.29,0.39,2.42,3.32,0.68,0.1,0.0
974,1964,15795,15780,92.4,0.6,2.28,4.02,0.76,0.1,0.0
974,1965,15910,15905,92.24,0.63,2.17,4.56,0.5,0.0,0.0
974,1966,15610,15600,92.05,0.71,2.24,4.49,0.58,0.1,0.0
974,1967,15060,15050,91.0,0.73,2.23,5.51,0.56,0.0,0.0
974,1968,14755,14750,91.08,0.71,1.73,5.73,0.78,0.07,0.0
974,1969,14270,14270,90.01,0.6,2.21,6.24,1.05,0.14,0.0
974,1970,12435,12435,89.47,0.68,2.17,6.76,1.17,0.04,0.0
974,1971,13370,13360,88.14,0.9,2.17,7.86,1.31,0.0,0.0
974,1972,12770,12765,86.45,1.84,2.23,8.58,1.41,0.04,0.0
974,1973,12265,12265,86.67,1.26,1.63,9.5,1.35,0.04,0.0
974,1974,12410,12405,86.3,1.21,1.73,9.67,1.41,0.08,0.04
974,1975,12155,12155,85.6,1.65,1.73,10.04,1.36,0.08,0.0
974,1976,11655,11650,84.03,1.42,1.89,10.99,2.1,0.13,0.0
974,1977,11435,11435,83.38,1.75,1.88,11.89,1.44,0.13,0.0
974,1978,10735,10735,82.53,2.19,1.91,12.11,1.54,0.14,0.0
974,1979,11270,11265,80.74,2.26,1.69,13.89,1.82,0.09,0.0
974,1980,11000,11000,80.05,3.18,1.77,13.64,1.59,0.18,0.0
974,1981,10510,10500,78.1,3.52,1.43,15.57,1.71,0.05,0.0
974,1982,10645,10645,76.94,4.32,1.36,15.97,1.55,0.14,0.05
974,1983,11090,11085,75.33,5.05,1.35,16.87,1.58,0.09,0.0
974,1984,11680,11680,74.4,5.35,1.11,17.64,1.63,0.21,0.04
974,1985,11780,11775,73.21,6.2,0.93,18.13,1.78,0.25,0.0
974,1986,11530,11530,74.2,6.59,1.21,16.18,1.95,0.22,0.0
974,1987,11310,11310,75.38,6.76,1.15,15.3,1.64,0.13,0.0
974,1988,12175,12170,71.45,8.42,1.48,17.13,1.81,0.16,0.0
974,1989,12375,12370,71.42,8.08,1.82,17.02,1.9,0.08,0.04
974,1990,12255,12250,69.39,8.29,2.29,17.84,2.45,0.2,0.08
974,1991,12405,12395,69.67,7.99,2.54,17.71,2.34,0.36,0.08
974,1992,12300,12290,68.27,8.67,2.6,17.9,2.73,0.49,0.08
974,1993,11310,11305,66.78,8.09,2.87,19.73,2.65,0.27,0.09
974,1994,11260,11260,66.16,7.95,3.6,20.16,2.44,0.4,0.13
974,1995,10980,10980,65.39,7.56,4.64,20.22,2.55,0.5,0.09
974,1996,10680,10675,65.29,7.31,4.59,19.95,3.28,0.42,0.09
974,1997,11320,11310,64.1,6.94,5.04,20.87,3.27,0.53,0.13
974,1998,10990,10990,64.88,6.55,5.69,20.25,3.18,0.45,0.05
974,1999,11435,11430,63.43,5.99,5.95,21.17,4.02,0.61,0.09
974,2000,11835,11835,63.03,6.84,6.63,20.49,3.42,0.51,0.21
974,2001,11800,11800,61.61,7.42,6.86,20.68,4.41,0.59,0.08
974,2002,11585,11580,58.89,7.64,7.6,21.72,4.97,0.82,0.17
974,2003,11260,11255,56.55,7.24,8.4,23.01,5.78,1.16,0.36
974,2004,11275,11270,53.33,6.79,9.45,25.11,6.57,1.38,0.49
974,2005,11115,11115,51.15,6.84,10.26,25.37,7.78,1.44,0.76
974,2006,10625,10605,49.88,6.18,10.28,26.31,8.77,1.56,0.85
974,2007,11015,11010,47.68,5.72,12.13,27.66,8.63,1.63,0.91
974,2008,11065,11055,44.55,5.34,14.16,27.63,10.49,1.85,1.0
974,2009,10525,10525,42.33,5.65,16.44,27.27,10.4,2.0,1.43
974,2010,10260,10235,39.77,5.47,16.12,28.68,12.36,2.39,1.27
974,2011,9780,9770,38.43,4.81,18.37,29.07,12.74,2.2,0.97
974,2012,9915,9905,38.01,4.09,18.78,28.62,13.73,2.52,1.51
974,2013,9565,9540,35.48,4.09,20.02,29.93,14.99,2.2,1.47
974,2014,9425,9405,35.19,4.63,20.04,28.02,16.91,2.6,1.59
974,2015,9500,9495,32.96,4.69,21.7,28.33,17.01,2.9,1.63
974,2016,9185,9180,32.68,3.98,22.6,27.67,18.14,2.67,1.74
974,2017,8995,8990,30.37,3.89,24.3,27.64,19.19,2.95,1.5
974,2018,8825,8820,29.2,3.4,25.57,26.25,21.2,2.78,1.7
974,2019,8510,8490,27.86,3.0,26.74,26.8,21.85,3.3,1.88
974,2020,8305,8285,26.07,3.2,27.64,26.37,22.99,2.66,1.81
974,2021,8480,8455,25.9,3.02,28.74,25.9,23.0,2.48,1.77
974,2022,8265,8230,22.84,2.98,29.1,26.0,24.67,2.61,2.43
974,2023,7840,7750,22.32,3.03,29.81,25.68,26.9,2.32,2.0
974,2024,7010,6935,21.92,2.31,30.71,23.14,28.05,2.02,2.09
976,2012,2825,2720,5.88,0.55,8.64,7.9,78.86,10.66,0.55
976,2013,2660,2565,6.63,0.39,7.41,8.58,78.56,10.14,0.78
976,2014,3100,3015,6.3,0.66,7.63,6.47,80.43,10.61,0.66
976,2015,4135,3945,5.32,0.25,7.48,7.86,80.86,9.0,1.01
976,2016,4260,4125,5.09,0.61,7.76,6.18,81.45,10.91,1.7
976,2017,4475,4365,6.07,0.57,8.02,8.59,78.58,10.54,1.03
976,2018,4175,4015,4.48,0.37,9.71,8.34,79.7,10.83,0.75
976,2019,4275,4160,5.41,0.24,9.74,8.29,78.97,9.98,0.96
976,2020,3975,3845,5.59,0.52,9.88,9.36,76.98,9.62,0.78
976,2021,5070,4940,5.06,0.61,12.04,9.01,76.62,9.51,0.91
976,2022,5095,4945,5.16,0.61,10.62,8.8,77.45,9.71,1.11
976,2023,4745,4625,4.22,0.32,11.78,8.76,77.84,9.19,1.19
976,2024,3955,3880,4.9,0.26,13.4,9.79,77.45,8.38,0.64
